"Aboutaha, Engelhardt, Jirsa and Kreger, Test SC9"	
966	
0	0
0.292095936	45.34260064
0.134099808	0.74966592
-0.34637472	-47.4308032
-0.1773936	1.841454208
0.335121504	46.42012864
0.00341376	-8.50070624
-0.390144	-51.2333984
-0.17361408	1.31124816
-0.19068288	1.014637728
0.057412128	21.2005113
0.513185664	64.37528128
0.791407104	89.55376352
0.6696456	40.547968
0.36825936	10.03123635
0.135440928	-5.52935328
-0.25822656	-36.95451776
-0.35856672	-48.6984832
-0.54083712	-68.4916384
-0.81832704	-94.4946464
-0.73993248	-54.3171968
-0.34369248	-9.09664928
-0.17763744	5.990330656
0.495763296	49.16659072
0.845442048	89.61799264
0.662257248	38.96364378
0.26468832	2.47711344
-0.20958048	-27.53325344
-0.4700016	-52.1834912
-0.84088224	-94.6209696
-0.72444864	-51.4660288
-0.25908	-1.67062432
-0.26005536	-2.10981984
0.231806496	26.36334493
0.699772032	69.19121984
0.931066464	98.84870464
1.22572272	134.6744979
1.225283808	111.3964682
0.91671648	55.16516352
0.641591808	24.62204189
0.157605984	-5.919176
-0.36600384	-40.43948128
-0.61593984	-67.244864
-0.87697056	-98.0010048
-1.20286272	-136.8044672
-1.21090944	-133.6575072
-0.93110304	-62.703456
-0.57570624	-25.63208928
-0.34515552	-5.85339008
-0.17300448	8.374102816
0.385035552	33.80941702
0.942392832	88.13916608
1.278319008	131.9920426
1.03430832	69.48696736
0.774667488	38.68921107
0.217834464	-2.0498608
-0.48255936	-46.9668768
-0.90732864	-89.3612096
-1.25504448	-137.418736
-1.21420128	-105.6702464
-1.042416	-76.7511296
-0.62313312	-29.26548256
-0.25200864	1.006822592
-0.25103328	0.412471936
0.496507008	39.61846944
0.889699008	77.68325248
1.264237248	128.611696
1.596005952	173.1396454
1.693054272	181.4198643
1.66951152	144.899249
1.212299328	69.50809536
0.932395392	42.15322006
0.26493216	-3.73903328
-0.39916608	-41.8761408
-0.72859392	-73.1598144
-1.08886752	-115.194304
-1.2612624	-140.881504
-1.61068512	-179.6436
-1.64445696	-141.4526272
-1.41268704	-103.536096
-1.08252768	-63.5699264
-0.6138672	-20.4356688
-0.359664	-2.02690912
-0.35125152	-2.55697728
0.717230976	55.20750848
1.108460064	93.99073248
1.473183744	134.8215043
1.78143408	183.4678125
1.78472592	177.6806976
1.712378592	147.4326963
1.610611968	129.5416838
1.313066208	81.14717696
0.994647744	49.39873184
0.701515488	25.17078275
-0.15337536	-17.8162416
-0.61033152	-51.0857248
-1.10776512	-97.3035584
-1.43146272	-139.571568
-1.7397984	-180.8663552
-1.7416272	-178.925248
-1.74674784	-154.99056
-1.59678624	-124.5110848
-1.30917696	-85.897552
-0.63191136	-22.31557152
-0.30016704	0.785374464
-0.30382464	0.129628064
0.565806336	41.05505334
1.062801024	85.47752736
1.494349056	133.5340752
1.74363888	172.2526253
2.08903824	220.6247142
2.058399744	175.9067907
1.697821344	117.62736
1.468855584	85.18213568
1.277209536	64.480432
0.90239088	33.55608118
0.0463296	-10.648512
-0.55193184	-47.2413184
-1.09374432	-95.3820224
-1.43060928	-136.1506112
-1.76869344	-179.9798688
-2.15359488	-224.3433312
-2.22040704	-213.483984
-2.17188288	-178.080128
-1.9366992	-140.692464
-1.5995904	-98.4867264
-1.08118656	-48.3822304
-0.45585888	-1.80913504
0.476487744	37.14702275
1.114909632	87.92757472
1.530729984	129.8157251
1.895782848	176.3305962
2.179271232	220.4164144
2.176235424	206.5354074
1.986003648	157.614791
1.76229264	121.5770061
1.517123712	88.51969248
1.129076736	51.08852704
0.36722304	0.550155328
-0.69689472	-51.1915872
-1.21029984	-93.881712
-1.62190176	-138.9595232
-1.9927824	-183.7193024
-2.2573488	-224.5310368
-2.24844864	-189.4229728
-2.07300576	-156.09144
-1.67054784	-107.6754048
-1.3996416	-79.3919072
-1.0753344	-48.9738144
-0.38855904	0.301583296
-0.3816096	-1.06071456
0.52809648	37.97081459
1.092939648	82.5622192
1.572780192	130.0275389
1.908389376	170.7114378
2.1966936	218.2180794
2.58628896	263.7624413
2.594262528	238.0964582
2.30221536	179.3920211
2.181356064	163.3592051
1.705258464	98.04619648
1.34002272	62.22049216
0.887321568	28.49937238
0.090574368	-8.4974592
-0.23323296	-22.400128
-0.72261984	-54.0227392
-1.24394976	-96.3321152
-1.66103808	-140.205408
-2.02521312	-182.8546112
-2.27185728	-223.3056128
-2.71930368	-270.5175744
-2.8035504	-259.0897728
-2.74173696	-217.645088
-2.34013248	-159.7872832
-1.94962272	-113.7166784
-1.30905504	-53.8310304
-0.6364224	-5.30428448
0.492361728	38.90038877
1.294473408	100.1165626
1.617280992	134.7389939
1.951963584	171.8093376
2.277721632	215.7456586
2.681130528	263.6324707
2.67663168	238.9407331
2.197071552	158.0585235
1.90335408	116.3604806
1.419319488	66.99461952
0.721412832	17.77346074
0.15556992	-5.55550752
-0.8083296	-54.4021536
-1.34428992	-96.7555648
-1.81014624	-141.875632
-2.17358976	-179.9398368
-2.5469088	-229.496784
-2.87462976	-270.0732192
-2.92388544	-263.3562944
-2.88657792	-232.26344
-2.65870944	-191.3253824
-2.21809056	-133.8901376
-1.69615104	-85.8766464
-1.18847616	-42.91101248
-0.545592	-0.59607648
-0.52072032	-2.24414944
0.349191072	31.14462022
0.895697472	65.60097216
1.284134592	93.58952288
1.68139872	134.8012214
2.046890496	175.4026544
2.369966304	217.4348755
2.700247584	259.3031434
2.885834208	281.5042678
3.242925696	315.5345814
3.15480192	243.0392093
3.062898624	234.3137901
2.501993472	159.2001027
1.92292224	93.7998688
1.333999872	44.7517728
0.579997824	3.546683968
-0.64690752	-47.9601152
-1.24651008	-89.9536832
-1.78954176	-136.9748256
-2.22760032	-182.0103808
-2.542032	-219.8637504
-2.90876736	-267.771824
-3.37889088	-314.4940608
-3.48410784	-297.935936
-3.4741104	-280.4005856
-3.26709024	-228.4394944
-2.96594784	-189.086704
-2.58494784	-145.0644032
-2.02118976	-92.3186848
-1.49364192	-49.83984
-0.89818464	-10.74876992
-0.57326784	4.041826432
0.739298496	54.89103328
1.360919808	97.75044896
1.72309536	129.1827302
2.157898656	170.8390954
2.583472608	215.9785558
2.931468864	258.8807168
3.386608416	311.033161
3.389485728	300.4948704
3.340339776	278.5896714
2.849306976	201.5314518
2.458041312	151.9110317
2.06306928	108.3760093
1.703417472	76.0567968
1.447446432	55.33454336
0.97877376	26.49705626
0.082759296	-8.24450144
0.0819912	-7.22092768
-0.57582816	-36.82779424
-1.13190528	-69.7175072
-1.73967648	-112.8297472
-2.1079968	-147.5788576
-2.51874528	-186.6985728
-2.83451808	-218.870512
-3.21941952	-267.1175232
-3.58798368	-315.280912
-3.61078272	-312.5106976
-3.56884224	-282.74824
-3.40303104	-245.022528
-2.93693088	-182.0308416
-2.38341408	-123.834544
-1.941576	-87.0598144
-1.58752032	-57.8030944
-0.97889568	-18.30223008
-0.66946272	-2.71737216
-0.65824608	-4.28827232
-0.24591264	14.21561674
0.765547872	53.49703008
1.332683136	89.19592192
1.768437408	125.7607059
2.240560416	172.4636829
2.695309824	218.9990592
3.050097024	261.5871914
3.426781056	309.2412397
3.959059392	361.9624051
3.781300032	279.0763715
3.373855584	230.6818646
2.587886112	140.6109766
2.1268944	95.13133312
1.2103608	29.92300371
0.304848768	-5.81535968
-0.58497216	-40.62976672
-1.09837728	-71.1328608
-1.49035008	-98.3821984
-2.00814432	-141.6003008
-2.50704096	-184.1022752
-2.88474912	-223.158384
-3.23929248	-266.0175328
-3.61870752	-313.2072544
-4.0379904	-357.5893984
-4.15064448	-340.1839296
-4.13406336	-320.38944
-3.8630352	-264.0946624
-3.23831712	-180.108416
-2.93558976	-150.7058016
-2.31940608	-98.6779904
-1.68322752	-52.332944
-0.9771888	-9.60981504
-0.6467856	4.87182768
-0.29358336	16.24939357
0.834347328	60.46749088
1.334438784	89.25952832
1.708318656	117.8178234
2.260287072	163.593081
2.817668736	217.1832522
3.239877696	261.9624246
3.645078816	311.6891965
4.199985504	366.907825
4.199156448	358.9445706
4.165872288	334.5645933
4.098084768	317.5189232
3.981943776	300.3261578
3.47203776	233.2382637
2.927591808	172.1903978
2.587093632	135.1608422
2.145633504	95.6173216
1.759232448	65.19918432
1.479804	45.8924624
0.662245056	4.990954016
-0.13630656	-16.654424
-0.88916256	-53.5574784
-1.58544768	-96.2275872
-2.12786976	-138.1575488
-2.8114752	-192.7603072
-3.34438752	-246.0162112
-3.60980736	-278.587136
-3.95191488	-321.9542464
-4.27475904	-360.652736
-4.30584864	-356.660656
-4.26829728	-332.7713376
-4.0270176	-283.4670368
-3.3430464	-192.3599872
-2.64919968	-125.2721376
-1.9220688	-70.287296
-1.19091456	-25.37824192
-0.66775584	0.765416288
-0.64666368	-1.09692128
-0.1170432	19.62008797
0.996598464	65.57966624
1.560405312	100.0952566
1.995111072	132.3306243
2.401970304	168.831713
2.892393504	216.2970771
3.328501344	261.6478621
3.73331232	307.844968
4.168847136	357.4866496
4.670169984	405.2478947
4.547359968	327.7446083
3.996403488	261.2681363
3.26977248	177.8525238
2.638946208	119.0647312
2.03527152	71.78943008
1.431243264	34.10543587
0.329817984	-6.85672544
-0.80869536	-53.282592
-1.48669248	-93.8198848
-2.10945984	-138.1584384
-2.6596848	-182.1798496
-3.12078624	-222.293248
-3.53311968	-268.1748128
-3.944112	-315.427696
-4.31096928	-360.5063968
-4.75280736	-402.1605824
-4.8713136	-388.3633312
-4.73573856	-338.7272096
-4.352544	-281.818608
-3.69746784	-205.711104
-3.02532288	-138.3479232
-2.19199968	-76.687968
-1.45950432	-30.11046912
-0.87184992	-2.77902144
-0.37258752	15.24495066
0.992148384	64.01614976
1.537191744	96.08240448
1.831677312	117.2688067
2.521269024	166.6348902
2.963728896	209.2190637
3.474695616	259.07376
3.83414016	293.8854538
4.265273664	342.047953
4.763463168	395.467232
4.90246416	407.3390774
4.908523584	401.1944768
4.617915072	330.7860618
3.638714592	212.0719219
3.26099424	171.5144352
2.767120704	124.3674589
2.051937984	70.35370464
1.389424704	30.03018717
0.398141952	-6.42953952
-0.82161888	-52.2479872
-1.6264128	-97.6220352
-2.2091904	-137.607776
-3.00069504	-196.3534016
-3.37145376	-229.665808
-3.7380672	-269.0412832
-4.16588448	-315.6376416
-4.53408288	-358.9206848
-4.95324384	-405.22392
-4.9688496	-401.4649152
-4.87838496	-349.921936
-4.68306912	-319.0154528
-4.37887872	-274.0248224
-3.78976128	-208.0983456
-3.5460432	-182.6219808
-3.026664	-134.6089344
-2.02618848	-65.1338432
-0.92134944	-5.14873792
-0.92342208	-7.47584256
-0.59533536	7.475313248
-0.11911584	21.00560438
0.865119936	54.93320032
1.559832288	93.20966368
2.037185664	123.0136211
2.611209408	166.5917002
3.114068448	211.0771267
3.532851456	251.9739958
4.09504896	311.034095
4.47885312	350.4937709
4.856171136	391.240609
5.32345392	442.1086931
5.215969248	370.9402038
5.04328176	354.4468864
4.416905568	267.5191776
3.935541024	216.3589933
3.533680512	177.8297501
3.050840736	134.48528
2.774704128	109.9395258
2.33799888	79.14063968
1.584508896	32.50001478
0.92848176	3.67745072
-0.432816	-36.91190592
-1.43694912	-87.3974176
-2.19870528	-137.0375424
-2.76380448	-176.8996288
-3.34414368	-222.0588384
-3.86583936	-274.846368
-4.28268384	-318.1111744
-4.68087456	-362.8905248
-5.0743104	-410.143408
-5.54053248	-453.402432
-5.64270144	-435.0224064
-5.54382432	-400.7011936
-5.38605984	-372.2273216
-5.18111232	-340.4356864
-4.72427808	-279.029712
-4.46068704	-249.668464
-4.13320992	-215.8485408
-3.41656416	-146.8609504
-2.39962944	-77.7016672
-1.82782464	-44.26320448
-1.02998016	-3.83168512
-0.88111584	2.230133792
0.230526336	33.64061987
1.09569504	68.8746112
1.625327712	97.73003264
2.28575616	140.4210026
2.894649024	182.6889677
3.302837184	216.273903
3.70319808	257.5710032
4.17576	301.9955366
4.587105888	342.974071
4.958559552	381.7357667
5.289999072	420.0307782
5.500311072	442.4857946
5.643993792	456.6814976
5.643530496	447.297552
5.624693856	433.0022582
5.614879296	420.9800704
5.57674272	412.7659043
5.031357984	328.9483261
4.904402688	312.3639136
4.23806112	235.0544266
3.778812864	190.9044682
3.405883968	155.6721715
2.956974528	118.4316918
2.489460096	82.96391808
1.942965888	48.78615328
1.091757024	6.978671808
-0.73066656	-48.5085536
-1.4374368	-84.376336
-1.8117312	-106.4922368
-2.21455488	-131.8000224
-2.82647136	-171.0473952
-3.3875472	-211.6465152
-4.10577792	-276.367584
-4.54005696	-321.172288
-4.89642912	-361.1584736
-5.31656544	-407.5649024
-5.70012576	-450.368896
-5.7296304	-446.072128
-5.65416192	-417.7935232
-5.49298368	-386.8243232
-5.35119072	-363.2494784
-4.92178848	-307.5249344
-4.468368	-251.0838176
-3.79561344	-184.7979424
-3.19759584	-133.3416992
-2.20406976	-68.2594528
-1.2277344	-15.02810176
-1.04070912	-5.905832
-1.0357104	-7.92437888
-0.77467968	3.881960864
0.083771232	27.14884394
1.290450048	73.14117728
1.852037952	106.3901997
2.435742144	142.7861821
3.053986272	187.1455523
3.528535488	225.442343
3.971629344	266.5281187
4.421757984	311.0346733
4.89746544	360.0446944
5.522927232	429.7053117
5.824740192	461.05744
6.09094032	485.4934176
6.212628672	494.8773632
6.110484096	420.922024
5.568744768	351.487543
4.707770112	246.9259162
4.126370208	193.9888448
3.53939856	143.3563712
2.604832992	76.41583936
1.923824448	36.06980611
0.594555072	-9.9083648
-0.68750688	-54.169968
-1.60617408	-99.5226656
-2.28453696	-141.4744224
-2.93595552	-184.0809248
-3.44814144	-221.5953568
-4.01872704	-269.3971232
-4.49470272	-316.6513408
-4.90764576	-360.7145632
-5.28876768	-402.815328
-5.7479184	-451.547616
-6.1837824	-492.144512
-6.29082816	-475.944896
-6.14708448	-430.27728
-5.80180704	-379.77024
-5.59088544	-353.1729792
-5.4059328	-329.0061056
-5.18269728	-299.9402048
-4.82656896	-261.3293408
-4.27975776	-206.5775744
-3.6502848	-151.6118592
-2.66102592	-84.2286624
-1.93633344	-43.03778048
-1.33648704	-13.86623968
-0.9400032	3.85390288
-0.51816	15.5992383
1.0006584	62.91771616
1.675192992	94.30729664
2.196827712	124.0279875
2.661989088	152.7148298
3.19802256	189.0681558
3.709391616	228.801873
4.065861312	258.8575872
4.551261408	303.3676557
4.978981152	344.5804662
5.500493952	397.662231
5.966191776	446.4582144
6.289999104	482.9629504
6.483486144	498.3565888
6.483132576	485.9404416
6.02242128	397.9560659
5.888041056	382.1590384
5.114409888	283.300815
4.661391744	235.308185
3.923032032	170.2675274
3.605918112	144.2224858
2.175101568	47.09618016
1.552809696	17.35752381
-0.14313408	-29.70894816
-0.81759552	-57.2537664
-1.4349984	-87.5028352
-2.12945472	-124.9340896
-2.98289472	-177.7647648
-3.6496752	-225.9245952
-4.19612064	-269.735616
-4.72720416	-318.3851712
-5.19793728	-368.0248512
-5.72633856	-425.3137568
-6.21694464	-475.75808
-6.40287264	-496.459072
-6.4166496	-492.420288
-6.4032384	-487.371808
-6.35117856	-460.839488
-6.10368096	-418.0448352
-5.8497216	-379.7061888
-5.6930544	-360.9903392
-5.43482784	-326.5819456
-4.56480672	-231.6091392
-3.87376416	-170.0119008
-3.26611488	-122.8008288
-2.38634016	-68.1535904
-1.60763712	-26.92080832
-0.96085152	0.363552832
-0.94646496	-0.92932064
-0.87331296	3.752893248
-0.18385536	21.87468131
0.9512808	57.2566576
1.783579872	96.46279744
2.386498656	131.2734682
2.967435264	167.311609
3.583436064	211.0368723
4.164348288	257.3604794
4.778764128	312.0708794
5.573243616	392.1070794
6.20719104	457.2116992
6.567915744	497.617776
7.565587104	578.0371712
7.576145376	550.9777632
7.566586848	512.2579232
7.4511408	497.7076256
7.032430944	439.3609411
6.355116576	350.6647075
5.544360768	261.7134701
5.04120912	216.7382298
4.606893504	178.7811328
4.102169088	140.1025702
3.576620736	103.1159379
3.164226336	76.77474848
2.653149888	48.30043168
1.695151296	5.009942528
0.450530976	-25.58987776
-0.4255008	-57.9512128
-1.39891008	-101.3178784
-2.18248992	-141.9392384
-2.93863776	-186.4659424
-4.1306496	-271.6353568
-4.85924352	-339.5096128
-5.73670176	-427.8010784
-6.3502032	-487.56752
-6.84190656	-528.947264
-6.94017408	-535.49472
-6.74351712	-500.061952
-6.62952192	-455.372896
-6.4611504	-427.08584
-6.2764416	-399.4143872
-5.90056224	-352.1606144
-5.49164256	-301.6762592
-4.9846992	-249.245904
-4.16271456	-178.3776992
-3.50971104	-130.3628736
-2.5737312	-69.2104352
-1.9025616	-33.638
-1.33100064	-9.13405696
-1.14251232	-2.27831008
-1.12081056	-2.7046064
-0.34698432	19.79106464
1.063044864	62.66493632
1.753051104	91.60326848
2.626607904	136.2171533
3.418844064	186.067713
4.33200048	248.9535814
5.028456288	302.4394026
5.713476	363.021385
6.111496032	401.5450237
6.671681856	453.7262464
7.190012544	502.0982464
7.464893376	525.1838112
7.685434464	546.8789312
7.634252448	528.546944
7.5736704	508.0536736
7.547896512	499.8399968
6.623230848	375.8842003
6.032528448	311.1625978
4.95415824	210.1481174
4.174406688	148.8062832
3.418844064	97.24391072
2.94570912	66.4455584
2.257629216	32.20428506
1.61708592	7.587451776
-0.3925824	-47.2417632
-0.39953184	-44.9812896
-1.7794224	-107.9289408
-3.07445664	-183.4453056
-3.98788128	-246.96408
-4.87899456	-317.6645952
-5.75011296	-398.9904928
-6.53332704	-474.485952
-6.75205152	-502.57952
-7.06197216	-528.28896
-7.1628	-538.937472
-7.135368	-530.655296
-7.0323456	-502.71296
-6.74961312	-461.137504
-6.65366208	-443.9197408
-6.2520576	-394.3881472
-5.48018208	-291.6624768
-5.0974752	-254.9086528
-4.63186272	-211.9836736
-3.806952	-150.4727264
-3.1949136	-107.8444288
-2.43364512	-60.317104
-1.64092128	-22.67488096
-1.18152672	-4.09233792
-1.15372896	-6.3553024
-0.22226016	21.2351879
1.678606752	82.58454816
3.260152992	167.2681075
4.547932992	256.0061523
5.513307744	331.2088886
6.46121136	419.080641
7.306251072	500.1985056
7.602528864	525.4658144
8.170029888	574.0646624
8.69118912	604.5472512
8.586813408	581.1174112
8.541824928	525.2078304
7.74362688	426.3061056
7.2737472	362.9154336
6.320930208	270.6050221
5.501981376	200.5805139
4.94708688	158.1644749
3.96489936	93.4838384
3.207727392	52.84148384
2.044951968	4.34945456
-0.08973312	-50.5577472
-1.31697984	-98.2122848
-2.34708192	-151.401024
-3.22892928	-204.2948608
-4.38326784	-284.1836096
-5.09272032	-342.9536992
-5.766816	-402.6231744
-6.2410848	-447.975872
-6.7915536	-505.328384
-7.1999856	-542.56704
-7.97088576	-599.05664
-7.8382368	-577.212512
-7.7742288	-558.91344
-7.53148608	-500.150912
-6.58514304	-371.2158464
-5.96810592	-295.8035648
-5.24731488	-232.2194048
-4.75414848	-191.2003936
-3.79646688	-124.5319904
-2.70028416	-60.3384544
-1.60958784	-9.77990656
-1.3142976	-0.17743072
-0.26224992	24.85914698
1.443788832	74.64130976
2.240182464	108.8411811
2.932505184	143.5872669
3.547823232	177.5981872
4.254617856	219.4213078
5.464893312	303.5583859
6.230806944	361.1846278
7.601516928	481.2286752
8.792529024	577.8276704
8.671169856	549.8582016
8.308823616	487.527488
7.699467456	411.3290224
6.37324608	273.667648
5.366442912	192.7230774
4.284305376	115.9168816
3.513844128	72.14869504
2.937930624	43.39983878
1.90487808	5.0952952
-0.08436864	-41.26378464
-1.71980352	-102.3097824
-3.2589216	-187.1224672
-4.71013536	-282.1802304
-5.75962272	-365.5108416
-6.47017248	-434.331632
-7.73411712	-557.774752
-8.24215776	-598.54512
-8.20411872	-585.147744
-8.1308448	-559.611776
-7.82567904	-512.992288
-7.14292704	-421.2771968
-6.31326144	-319.6524064
-5.55747936	-245.0843552
-4.68794592	-178.7793536
-3.93021312	-128.293664
-3.34353408	-92.171456
-2.673096	-57.950768
-2.078736	-27.596504
-1.4459712	-2.81149184
-1.45060416	-5.4270048
-0.12777216	27.29254992
1.429304736	71.0507952
2.626059264	122.4227488
4.055461536	198.1724557
5.277563232	278.4640154
6.950573856	409.9329731
8.00356032	504.5272992
8.574767712	551.7806272
9.274320288	594.4525152
10.59904205	563.2506848
10.82611805	496.0578624
10.02750547	390.6092598
8.94179568	287.1455773
7.73222736	196.3974813
6.437449152	115.1355459
5.400970656	64.01668352
4.344948384	22.42140278
1.96766688	-32.3707648
1.200936384	-54.9519264
-0.26176224	-102.8817952
-1.6648176	-163.6548192
-2.33757216	-197.0726432
-3.76805952	-280.0225056
-4.97348256	-361.117552
-6.0618624	-447.58
-7.24314528	-543.349888
-8.1674208	-604.420928
-8.92369056	-642.75824
-8.72910624	-537.838816
-8.48051136	-498.10928
-8.1863184	-464.918304
-7.74606528	-407.4198976
-7.42444032	-373.4313952
-6.132576	-244.26192
-5.6241696	-204.8873344
-4.54493376	-134.545328
-3.37194144	-68.6606624
-2.44278912	-27.47009184
-2.0592288	-13.92975712
-0.95804736	15.9829895
0.905609568	51.00459328
2.07800448	80.26073504
2.866656192	104.890601
3.82304544	138.3083805
4.952658624	185.0757645
6.013009056	233.8699686
7.200217248	294.1575379
9.594567552	408.4140701
12.02300669	446.352352
12.07151866	425.6115059
11.50917485	351.3369782
10.54518998	271.5576058
9.52353696	203.1370464
8.484120192	144.3080208
7.464625152	96.39887968
6.799454016	69.5509296
5.236451808	19.49295078
2.486399904	-25.99139872
0.269638272	-79.2228832
-1.7751552	-155.3317216
-3.87595872	-257.6761984
-5.12661408	-332.1570688
-6.1392816	-401.274096
-7.5694032	-495.88528
-10.26615168	-448.820992
-11.22188256	-399.30808
-11.22285792	-372.2460032
-10.52888928	-306.0704384
-9.81663264	-250.9788448
-9.29432736	-216.6113728
-8.35017888	-160.3579616
-7.22875872	-103.8105376
-6.23352576	-61.0141056
-5.56589184	-38.2007584
-4.48958208	-7.98931968
-4.413504	-10.88038624
-4.41216288	-10.81967104
-2.83963872	19.10851014
-0.09070848	56.18015264
2.336986944	103.2850954
4.761878208	169.0011818
6.65536896	231.9486106
9.11723856	309.0939664
10.52030611	339.0447078
11.83988285	353.7691891
14.68853146	342.5948346
18.6795095	318.1961312
20.32297891	300.2853251
20.3717713	288.984425
19.43504774	214.141265
17.49662947	130.3249322
15.43204838	69.95231712
13.87400832	39.63995328
10.91619254	4.013488224
7.421197248	-15.1547808
4.033881696	-42.1298992
0.3249168	-94.7063712
-3.26001888	-167.6664704
-7.03563744	-239.4442912
-11.24712	-285.6647936
-13.4185152	-285.7693216
-16.133064	-262.449792
-16.26083616	-253.1330112
-15.86715648	-205.9650848
-14.80523328	-150.2405408
-13.50532224	-97.7897248
-11.6147088	-47.7910912
-9.49842144	-18.78804064
-6.6830448	-0.36131104
-2.78233632	15.1590064
3.606369216	43.25177376
7.887833856	73.83889056
10.60355309	101.0678118
14.05466938	143.1451802
17.00941277	175.6973789
20.15526576	192.130337
17.7078193	84.84435456
16.29488842	59.70688288
14.21989536	36.53442195
11.43648614	17.89770672
8.14681632	4.572495072
3.995793888	-6.95796192
-1.04704896	-25.12523968
-5.41922208	-52.1630304
-9.06463008	-88.3697504
-11.55082272	-120.75208
-14.26488384	-159.7463616
-15.99968352	-178.5453888
-16.06210656	-173.665488
-13.90912128	-71.9561856
-12.73795776	-46.6715296
-9.20581344	-15.13378624
-6.44188704	-2.55875648
-1.62482784	11.43383754
3.301240032	26.34808384
6.949659456	41.1819192
12.41600362	75.21158784
16.81062221	120.9450787
21.6115392	163.9523459
24.26248234	169.6347549
26.02182451	169.5289814
26.04270941	163.9942906
24.85831757	108.0169667
23.30556883	76.79614336
20.78597011	47.8994
18.08714899	30.81981837
14.36178586	15.37552614
8.712244704	-0.7232448
3.525353376	-12.197528
-2.00960736	-29.34995008
-7.4267568	-58.2474496
-13.41753984	-116.4206176
-18.86053632	-151.9316704
-22.62627936	-160.0003424
-22.69504224	-153.5569696
-21.9004896	-106.0087392
-20.99572128	-79.8776288
-20.1771504	-64.0138368
-17.96418048	-40.69355104
-14.73512928	-22.14676992
-10.87489824	-6.16621792
-6.86750976	4.669835104
-2.03521056	15.74410522
5.151497952	33.13379251
15.21125126	70.73400864
22.31861424	109.1369286
26.31203069	128.5480896
25.46964883	91.41391712
22.50890698	54.55334112
19.33969411	36.0700641
14.87448384	20.2470647
11.15253446	10.32063213
4.696687584	-3.96210048
-3.1321248	-21.38633984
-8.9318592	-40.12305056
-15.62916864	-72.9076128
-19.17423648	-96.12128
-23.80683072	-117.140304
-21.588984	-55.0577888
-16.56856224	-23.393144
-12.49155744	-7.99612512
-8.63108256	1.92905312
-3.24965568	13.52950829
3.908499168	28.29302966
