Ang et al. 1981 Specimen 3	
598	
0	0
0.1659	11.495
0.49771	22.709
0.82951	33.924
1.1198	44.297
1.4516	54.11
1.8249	65.043
2.1567	73.174
2.7374	84.948
3.0691	92.518
3.3594	97.287
3.6083	100.93
3.7328	94.76
3.6083	86.629
3.4011	72.894
3.1107	62.521
2.696	52.148
2.2397	39.25
1.9493	29.718
1.6175	22.148
1.3272	13.457
0.87099	1.1214
0.53919	-7.8503
-0.12443	-33.082
-0.45623	-44.578
-0.87099	-56.912
-1.3687	-68.126
-1.8249	-78.503
-2.2397	-86.914
-2.696	-94.48
-3.1107	-102.05
-3.6914	-109.9
-3.4839	-102.05
-3.4011	-92.799
-3.1521	-80.464
-2.696	-63.362
-2.1567	-48.501
-1.5346	-32.522
-1.1198	-22.148
-0.53919	-8.4107
0.12443	6.4483
0.91247	31.4
1.3687	45.979
1.8249	56.352
2.3641	70.932
2.9032	82.986
3.4425	94.76
4.189	110.18
5.0599	123.36
6.8021	141.58
8.1707	152.8
9.5395	160.93
10.078	162.89
10.245	153.08
10.245	142.71
10.203	139.62
9.6639	130.09
9.0002	118.31
8.3365	108.5
7.5486	97.006
6.5946	83.267
6.2629	79.063
4.3965	46.539
3.65	31.12
3.1107	21.307
2.696	14.018
2.2397	4.766
1.8664	-3.3643
1.3272	-16.261
0.78803	-27.756
-0.45623	-57.753
-1.4931	-76.257
-3.5669	-109.06
-4.189	-116.35
-5.4333	-130.93
-6.3457	-140.18
-7.2583	-147.19
-8.7099	-156.72
-9.5809	-162.05
-9.6639	-156.72
-9.6639	-147.47
-9.2906	-136.26
-8.7927	-123.64
-8.3365	-114.39
-7.1752	-95.04
-6.4287	-84.387
-5.1844	-67.005
-3.9403	-48.221
-3.1107	-33.924
-2.2397	-20.466
-1.4516	-7.0092
-0.49771	7.8503
3.7328	76.537
4.7696	91.117
6.014	107.94
6.8021	118.87
7.7559	130.93
8.7099	142.14
10.203	153.64
10.286	146.63
10.203	139.9
9.4978	126.16
8.7513	114.1
8.1707	106.82
7.6314	98.688
6.8435	87.755
6.2212	78.783
4.6868	56.352
3.8158	43.175
3.0691	30.279
2.6129	21.868
1.9908	10.373
1.5346	3.6447
0.82951	-8.6914
-0.45623	-31.961
-1.0784	-43.456
-3.65	-83.547
-4.189	-90.837
-5.0185	-101.49
-6.097	-116.63
-6.968	-126.72
-7.8389	-136.26
-8.7099	-145.51
-9.5395	-152.52
-9.6223	-145.51
-9.1661	-133.17
-8.5024	-120.55
-7.6314	-105.98
-6.7191	-89.716
-6.3457	-83.827
-4.9771	-63.922
-3.5669	-44.017
-2.7374	-31.681
-1.7835	-14.299
-0.58067	5.3269
3.8986	74.575
4.9771	90.557
6.1798	105.42
8.2537	130.37
9.3736	143.27
11.157	161.21
12.816	172.7
14.765	181.95
16.424	187
18.291	191.21
20.364	192.05
20.406	185.6
20.282	179.15
20.033	169.62
19.659	159.81
19.162	148.87
18.54	140.46
17.461	128.97
16.507	118.59
15.678	110.18
14.475	98.127
13.645	89.716
12.65	78.223
11.157	64.483
9.6223	49.902
7.3411	26.354
5.9309	11.214
4.272	-6.168
3.1107	-19.906
2.0323	-31.681
1.1198	-41.774
-4.3965	-107.38
-5.3919	-119.15
-6.8021	-132.89
-7.6314	-141.02
-8.461	-148.87
-10.245	-162.89
-11.157	-169.34
-12.401	-174.94
-14.724	-182.8
-16.01	-185.32
-17.71	-186.72
-19.452	-185.88
-19.618	-177.47
-19.742	-164.57
-19.618	-151.12
-19.245	-140.74
-18.54	-129.25
-17.835	-117.75
-16.715	-105.98
-15.47	-93.639
-14.475	-85.508
-12.733	-70.932
-10.742	-51.308
-8.3365	-29.999
-6.7191	-15.42
-5.1844	-1.6821
-3.7328	10.373
-2.2397	23.27
-0.1659	41.213
1.1198	53.83
5.3089	90.557
8.0048	111.3
9.6639	122.24
13.314	143.83
15.927	157.28
18.249	167.37
20.448	175.5
20.406	163.45
19.825	150.27
18.83	135.7
17.752	122.24
16.383	110.18
15.18	98.968
14.06	89.996
12.899	79.343
10.825	61.4
9.1247	44.578
7.507	29.158
5.8067	14.299
4.3965	2.5233
2.8618	-10.934
1.4931	-23.55
-3.3594	-69.811
-4.4379	-79.063
-5.7236	-89.716
-6.8849	-99.528
-8.7099	-112.42
-10.369	-123.36
-11.655	-130.93
-13.438	-140.74
-15.429	-150.84
-17.212	-158.4
-18.664	-163.45
-19.286	-164.85
-19.203	-157.56
-18.954	-145.51
-18.332	-131.21
-17.378	-115.79
-16.424	-103.45
-14.724	-85.789
-11.696	-58.874
-9.3736	-38.69
-7.59	-22.709
-5.9309	-8.4107
-4.1476	7.0092
-1.7835	26.914
1.0369	50.747
4.189	73.734
6.3043	89.996
8.8758	108.78
10.784	121.39
12.816	134.29
14.641	144.95
16.715	156.16
18.291	163.17
21.775	174.66
23.973	178.59
25.591	179.15
27	178.03
28.534	176.91
30.152	177.75
30.775	177.75
30.65	169.06
30.152	157.84
29.489	143.83
28.867	132.61
27.955	119.99
26.876	107.38
25.923	97.847
24.844	88.035
23.973	81.865
20.987	61.961
19.162	50.467
15.927	32.241
13.148	17.102
11.157	4.766
8.4196	-10.934
5.226	-28.877
2.2397	-44.858
-1.5346	-65.043
-3.5255	-77.662
-6.1384	-93.92
-8.7099	-107.94
-10.784	-118.87
-12.857	-129.81
-14.682	-139.06
-16.798	-148.03
-18.415	-153.92
-20.613	-160.37
-22.895	-163.45
-25.259	-164.85
-27.912	-165.41
-29.903	-166.25
-29.698	-152.52
-29.281	-136.82
-28.41	-121.96
-27.165	-106.54
-26.088	-95.321
-24.636	-84.107
-22.438	-68.406
-20.364	-52.148
-18.042	-36.167
-15.595	-19.625
-12.277	-2.2429
-9.4564	12.897
-5.8895	31.12
-2.9863	46.82
-0.82951	57.753
1.6175	69.531
8.6269	100.65
12.443	116.35
15.221	127.28
17.627	135.98
20.24	144.39
22.811	151.68
25.88	157.84
28.41	162.89
30.028	164.85
30.152	155.6
29.365	141.02
28.12	121.96
26.462	104.57
24.678	89.716
22.978	78.223
20.779	61.961
18.291	45.699
14.89	26.914
12.857	14.579
11.281	6.168
7.2166	-16.821
5.226	-27.195
3.318	-36.167
1.5761	-45.419
-7.2583	-86.349
-9.9543	-97.006
-11.903	-105.42
-14.475	-115.79
-16.922	-125.04
-19.535	-133.73
-21.567	-139.9
-24.222	-147.47
-26.337	-152.24
-27.912	-155.04
-29.324	-156.72
-29.24	-149.71
-28.867	-133.73
-27.955	-116.91
-26.711	-104.57
-24.927	-89.996
-24.097	-83.827
-22.314	-68.971
-20.779	-56.352
-18.664	-41.213
-16.466	-26.914
-14.226	-14.299
-11.738	0.28036
-8.7513	16.541
-5.8481	32.522
-2.7788	48.781
0.74656	65.323
7.8389	93.639
10.95	105.14
13.894	116.07
16.632	124.76
19.742	134.57
24.72	149.71
28.037	157.56
31.272	162.33
33.594	165.13
36.167	166.81
38.489	167.37
40.147	166.25
40.315	160.65
40.066	149.99
39.652	137.66
38.905	127
38.115	117.19
36.83	105.42
35.504	95.04
34.092	84.948
30.858	65.323
28.453	50.182
26.546	39.25
24.927	30.559
23.102	21.588
19.867	6.4483
18.083	-1.4018
16.175	-9.5321
14.309	-16.821
12.277	-24.952
7.7975	-42.334
5.0185	-52.148
2.2811	-60.279
0.24885	-67.005
-7.7975	-93.639
-9.8712	-101.21
-12.443	-110.18
-15.305	-119.15
-19.535	-132.33
-22.438	-141.3
-24.471	-146.07
-27.788	-152.52
-30.691	-156.16
-33.927	-158.4
-36.746	-158.12
-39.03	-157.56
-39.652	-156.16
-39.444	-146.35
-39.07	-128.97
-37.91	-108.78
-36.706	-94.76
-35.42	-82.986
-32.06	-59.999
-29.573	-45.699
-26.711	-29.718
-24.139	-17.102
-21.692	-3.6447
-19.701	6.7285
-16.839	19.065
-14.185	28.877
-10.659	41.493
-7.5486	51.588
-2.7788	66.724
-0.041476	73.734
2.1153	79.624
11.945	105.14
14.682	112.7
18.581	122.24
21.609	129.81
24.636	136.82
27.955	143.55
30.65	148.31
33.513	152.24
36.251	155.32
38.532	156.72
40.439	157.56
40.439	151.96
40.107	143.83
39.235	129.25
38.364	116.63
36.954	103.17
35.131	89.996
33.18	76.257
30.734	61.12
28.578	47.38
26.172	32.241
23.724	20.186
21.153	7.2894
19.577	0.56071
17.793	-7.0092
15.802	-14.859
13.563	-22.148
11.198	-29.999
7.7975	-40.372
3.2766	-53.269
0.70508	-60.279
-12.194	-93.639
-14.558	-99.809
-17.752	-107.66
-21.277	-116.91
-24.554	-123.92
-27.249	-130.65
-29.698	-135.7
-32.309	-141.02
-34.092	-143.83
-36.375	-146.07
-38.115	-147.47
-39.484	-149.15
-39.319	-140.74
-38.572	-121.96
-36.954	-99.248
-34.882	-82.986
-32.103	-63.642
-30.112	-49.622
-27.043	-32.802
-22.107	-8.4107
-19.493	2.2429
-16.922	12.336
-13.77	23.831
-11.032	34.204
-7.3828	46.539
-4.1062	58.033
-0.74656	68.69
1.5761	75.416
8.2121	90.837
12.401	100.37
17.586	111.86
20.779	118.59
23.392	125.04
26.378	131.77
30.734	141.02
34.3	145.79
37.412	149.15
41.267	151.12
44.295	152.8
47.655	153.36
50.02	152.52
50.932	151.96
50.848	143.55
50.434	131.77
49.563	116.07
48.735	104.01
47.615	93.639
45.913	78.783
43.383	62.801
40.107	44.017
37.91	31.4
35.461	20.186
33.264	10.934
31.189	2.5233
28.161	-8.4107
25.55	-17.663
22.936	-26.354
20.696	-32.522
16.383	-41.493
13.314	-48.221
9.5809	-56.632
5.5578	-64.202
1.5761	-69.531
0.41476	-72.053
-9.332	-91.398
-12.111	-97.287
-14.848	-102.89
-19.784	-112.42
-23.06	-120.27
-26.088	-125.88
-29.655	-133.17
-33.264	-137.94
-36.043	-142.14
-40.439	-145.23
-44.171	-146.91
-47.323	-146.07
-49.896	-144.95
-49.479	-127.56
-48.486	-107.38
-46.993	-88.595
-44.006	-62.801
-41.392	-46.539
-38.656	-31.4
-35.71	-17.382
-32.393	-3.084
-28.329	11.214
-22.314	31.12
-18.581	40.933
-13.977	53.83
-10.701	62.241
-5.4747	73.174
-1.2028	81.305
2.1567	85.508
17.295	109.62
21.484	117.75
26.919	126.16
30.112	129.81
34.714	135.98
37.577	139.06
41.267	142.71
44.503	144.67
47.531	146.35
50.767	145.51
50.599	135.13
49.812	120.55
48.611	107.38
47.696	100.09
46.452	90.557
44.668	79.063
41.559	59.154
39.235	45.419
37.412	35.886
35.669	27.475
33.927	19.906
31.313	8.9716
28.329	-3.3643
26.213	-11.214
23.807	-19.065
19.037	-31.961
16.922	-37.848
14.641	-44.017
7.6314	-59.999
4.189	-65.884
1.5761	-70.092
-13.604	-90.277
-20.448	-101.49
-23.766	-107.66
-26.297	-111.86
-30.028	-117.19
-34.425	-122.8
-36.83	-124.76
-40.107	-127.84
-43.299	-130.37
-46.452	-133.45
-49.936	-134.57
-49.853	-127
-49.398	-111.58
-48.776	-98.408
-48.153	-91.117
-46.203	-71.493
-44.42	-59.439
-42.72	-48.781
-40.894	-38.129
-37.991	-22.989
-36.126	-13.457
-33.47	-0.28036
