Hakim_Kono 2002 Column D1N30	
1457	
0.072997612	8.891810477
0.2094305	36.82276834
0.294442164	34.23662203
0.622070445	66.03414685
0.784073651	77.97813665
1.005867781	89.55224147
1.220556127	98.87198604
1.42513613	110.7259797
1.579073229	111.4236654
1.37448389	71.62177429
1.169791176	59.70377922
0.982220922	48.05757841
0.835342692	38.05068002
0.660616259	26.19706083
0.475870799	12.41010989
0.239025743	-4.987050314
0.059171811	-17.30261321
-0.130711413	-29.60839371
-0.345596084	-42.60750775
-0.542621874	-53.96315083
-0.727565928	-63.50490062
-0.912558243	-73.27952682
-1.137622273	-83.39485513
-1.324800231	-90.22173238
-1.484922518	-95.98318141
-1.522023345	-94.06491774
-1.318677182	-60.55665244
-1.100495609	-48.01895019
-0.885368395	-35.20975444
-0.705268195	-23.3220018
-0.54519245	-12.13180152
-0.339940656	3.423166982
-0.095706863	20.57981192
0.067303204	32.10936843
0.244655494	44.07147917
0.444008576	54.88891588
0.640659942	65.42174012
0.813552569	76.36159339
1.038002925	86.90926406
1.237185253	97.68900948
1.419324081	104.2781054
1.603887269	111.2626487
1.170517128	58.02837519
1.165517154	58.34860562
0.99082767	47.70886802
0.838956108	38.13628861
0.661337515	26.64394568
0.449505925	13.04668015
0.266839362	0.672662053
0.074892732	-12.18046893
-0.117078795	-24.39956722
-0.334859001	-36.95752392
-0.721825285	-58.25881995
-0.911812061	-67.56464125
-1.144007059	-78.59106679
-1.314086232	-86.50049597
-1.471287765	-94.01492254
-0.864716487	-30.27271825
-0.631854221	-17.28652974
-0.451587642	-3.773205681
-0.20269353	11.02370148
-0.069712814	20.07300285
0.067614401	30.82812064
0.244981876	42.42793714
0.431829303	51.83783033
0.661964387	66.45647588
0.916285886	65.93727077
1.046226364	85.22494898
1.271209999	96.95451062
1.549150907	107.3446437
1.704081066	114.7817134
1.898349817	119.8558167
2.092851623	125.393957
2.249608869	130.1221246
2.419270723	134.5655602
2.606730046	139.1183402
2.793399124	143.580544
3.02283287	148.1690419
3.189472083	150.9079598
2.983355878	120.212453
2.806655534	112.2164257
2.61430636	104.3468459
2.407771184	95.77236929
2.19828523	87.70617535
2.010858955	80.16797716
1.806326934	71.43895452
1.639573338	64.08712991
1.410041783	54.06500446
1.238272585	45.67864879
1.060698924	37.37739893
1.055714188	37.46782556
0.831081286	24.49024055
0.649240505	14.22916314
0.439521496	2.696088259
0.229755729	-9.976208611
0.069909041	-18.79476799
-0.129945048	-29.66321274
-0.304845687	-39.42907476
-0.561869462	-52.24766514
-0.716841528	-59.98534007
-0.938955454	-70.28850766
-1.144017027	-79.63089437
-1.524195548	-96.46827668
-1.753568543	-104.0552876
-1.928648791	-109.2823024
-2.138912218	-114.8500892
-2.356425925	-120.0634163
-2.541683878	-124.5537971
-2.762042867	-128.6305365
-2.947399069	-132.3305214
-3.094835944	-134.7475657
-2.876402403	-102.6242627
-2.663325358	-92.82403067
-2.470020518	-84.71819333
-2.279639401	-77.56864136
-2.112305343	-70.87516209
-1.856316509	-60.40687814
-1.673802001	-53.12349711
-1.471278834	-43.54778866
-1.245590095	-31.14222139
-1.028682899	-23.08559585
-0.830447586	-10.70353922
-0.624929551	1.196886192
-0.353877634	9.694554844
-0.226768531	19.4355515
-0.031961219	27.73318098
0.106033772	36.33122704
0.243302031	43.06839854
0.442627468	51.36205242
0.659847375	63.968384
0.916272382	73.71582043
1.03415122	79.20928163
1.256279086	88.49770822
1.519993807	95.23176957
1.649934235	100.708315
1.861886419	108.9781385
2.051739907	115.885166
2.325415394	123.3250546
2.495249033	129.4140049
2.650026567	134.7932513
2.856856855	141.9232728
3.152273368	148.6378057
3.182279486	146.7141999
2.94121268	113.7648153
2.74454657	106.0504048
2.557179599	99.37924775
2.37060306	92.23510591
2.176117577	85.23883927
1.996595359	78.84949922
1.77709522	69.70160521
1.572535386	61.43065834
1.38293738	53.31723845
1.211163578	45.71637917
1.051455032	38.06836032
0.84179301	27.77849934
0.682063405	19.54495835
0.594306094	15.61181635
0.452373629	8.511468272
0.257626237	-2.923360882
0.085707442	-11.1574373
-0.122014883	-21.88848386
-0.324020142	-32.61908419
-0.563923974	-43.41936223
-0.721007761	-50.43381596
-0.916000964	-59.06490369
-1.136042282	-67.16945509
-1.323286972	-74.33957011
-1.518387558	-81.07104887
-1.730672445	-88.37863875
-1.925840306	-94.83233864
-2.136132575	-101.4807321
-2.341408337	-108.015954
-2.531747723	-113.6591485
-2.739192944	-119.6418892
-2.939592207	-126.2170785
-3.094832003	-129.7955628
-2.884229853	-99.04078738
-1.403034798	-39.681954
-1.222379506	-30.69931324
-0.908515954	-19.63744779
-0.620251558	-2.498179339
-0.417700443	9.680578785
-0.15392266	17.55997328
0.224942705	36.51739473
0.404447495	45.09876464
0.634345202	56.87575316
0.804132061	64.39102716
1.047733372	72.94120718
1.22054401	79.98552507
1.432855082	87.4912316
1.629596278	94.62710063
1.844210393	102.1341479
2.055928611	109.2742043
2.240396661	115.1037352
2.427172375	122.152253
2.654688629	129.7718786
2.861427191	137.3265145
3.114335951	143.0002495
3.294066637	149.415976
3.516097318	153.7582215
3.695713882	157.0525575
3.867275319	160.7832367
4.056714946	164.4286758
4.250985113	167.3356722
4.455435987	171.4131337
4.666823128	174.3813483
4.891816027	176.9798493
5.247506186	182.4619378
5.665984122	187.9715281
5.850225412	188.7353396
5.925020208	188.3938866
5.966998168	186.0401647
6.094321291	187.4879414
6.288426717	189.6773993
6.304603285	165.3375905
6.114573002	156.8355912
5.912530069	150.7894424
5.714150224	144.9733374
5.544856604	140.0101031
5.335806137	134.3391563
5.126617706	128.2961308
4.957358732	123.5474377
4.743066697	117.726033
4.536761515	111.9638292
4.359550137	107.8845815
4.148195194	101.6529788
3.943895502	96.07897532
3.769476405	91.20029954
3.563090041	85.00375733
3.345862298	78.80717602
3.166404267	73.86060605
2.956991858	67.38872146
2.745530207	61.14393186
2.56600824	55.90984885
2.359449266	49.45061771
2.032395508	39.09024903
1.860663856	33.59871102
1.636183381	25.79863359
1.436588771	18.84373591
1.249830318	11.88375232
1.042332191	4.074740011
0.830587542	-4.539605928
0.650830076	-11.4071991
0.446107423	-19.91827856
0.224241364	-28.49990178
0.054421646	-34.74027504
-0.120450095	-41.47535684
-0.325344681	-49.37183021
-0.545270056	-57.13164962
-0.732315569	-63.73670896
-0.932353356	-70.40016636
-1.1395551	-77.35664014
-1.332517905	-83.60202033
-1.536888588	-89.46845332
-1.737044545	-96.71026529
-1.942244149	-102.7044835
-2.150398704	-108.8240814
-2.334878319	-114.6614051
-2.53805093	-120.6173649
-2.743452815	-126.559798
-2.950998289	-132.3855983
-3.137139367	-134.7675276
-3.354582557	-139.5219771
-3.58235737	-143.3358801
-3.792913643	-147.6715166
-3.983568623	-150.5008258
-4.206331198	-154.0730874
-4.437054868	-156.8842334
-4.602668446	-159.0784224
-4.803324681	-160.1526196
-5.017032308	-163.0972983
-5.194781117	-165.6586355
-5.421639447	-167.7398178
-5.608700872	-170.0428992
-5.718183361	-158.6844326
-5.924140729	-164.3865757
-6.120054826	-168.9924712
-5.649720083	-134.8158721
-5.479508481	-129.4143945
-5.269908941	-123.1458923
-5.056810806	-117.0029479
-4.873297621	-111.772332
-4.657279073	-105.3006636
-4.451569396	-99.74731372
-4.268722442	-94.28784341
-4.063027337	-88.60418114
-3.842266583	-82.76291361
-3.666742414	-77.62426457
-3.456059615	-71.80784949
-3.241216273	-65.46832334
-3.05758818	-59.39376249
-2.827562347	-51.53717224
-2.591721146	-44.27768545
-2.368331716	-38.29263611
-2.203492156	-32.38412887
-2.003911501	-26.78554322
-1.808923521	-19.5174054
-1.571134589	-12.43372126
-1.378374924	-4.983041917
-1.141018993	2.085617057
-1.01165149	7.330729049
-0.77188582	14.89553719
-0.616672227	20.5707321
-0.385039075	27.68954134
-0.174822897	35.92296096
-0.134738709	39.85666731
-0.074668326	38.62590261
0.086377419	40.16575572
0.446521632	53.42587499
0.542930083	54.93704972
0.687919207	61.11374874
0.875829111	66.95828137
1.07236614	71.91660398
1.28731255	78.2789704
1.526221066	83.00511389
1.691107256	88.03211432
1.890544306	92.8611136
2.271890176	102.5125909
2.481549379	108.238234
2.709927441	112.7939806
2.889662846	117.2844651
3.106690522	121.1299312
3.45266947	125.4846778
3.487573418	129.0479665
3.711381189	133.1577237
3.903501118	136.9360187
4.083063665	141.5815875
4.27722089	145.2859058
4.481517825	149.0179898
4.687701348	152.7985631
4.869381296	157.3794873
5.086342541	160.3357272
5.260756589	164.6205351
5.51163419	169.2597633
5.668389135	172.4635962
5.852649247	175.456036
6.059778344	179.4161896
6.305859455	182.5064548
6.112101373	155.5769461
5.912664779	150.393947
5.723430107	144.7893825
5.544251364	139.9572626
5.337229163	134.2432961
5.131022701	128.6365618
4.959602368	123.8830822
4.750441938	118.2624981
4.541216569	113.3046026
4.361950498	108.6796518
4.157734633	103.3771692
3.943456135	97.56531471
3.776935657	93.48520416
3.577630902	87.83938618
3.358312254	82.65207744
3.17890604	77.9378448
2.974545763	72.47328394
2.753106169	66.56250188
2.57358894	61.66808072
2.359161634	55.84362327
2.159674165	50.25133255
1.785600882	38.77191873
1.673774961	35.53832328
1.43638136	28.28502025
1.234677593	21.78507295
1.030076645	15.27387482
0.823295267	7.888245768
0.648579147	2.471465448
0.436009549	-5.666765411
0.064350466	-18.28696174
-0.115436415	-24.49276739
-0.332374282	-30.63293573
-0.527288589	-37.62575048
-0.722215821	-43.7742678
-1.141379383	-56.17758876
-1.356457	-62.24083762
-1.534430508	-67.27414629
-1.741659208	-72.75943689
-1.96892532	-77.87992131
-2.139092445	-82.26426372
-2.349418423	-88.36897376
-2.581858722	-93.34865024
-2.785074585	-97.61228121
-2.975450962	-102.1971468
-3.175782603	-106.8941791
-3.373439407	-111.0710933
-3.55594892	-115.5397791
-3.957045495	-124.1488163
-4.144647919	-128.3857387
-4.360378491	-132.0702475
-4.563120443	-136.5190726
-4.746678559	-140.9416793
-4.987614481	-145.4355127
-5.161169784	-149.0830397
-5.339017956	-153.1449223
-5.567901619	-157.4627986
-5.992087599	-163.1155929
-6.17297457	-166.835633
-5.834825424	-135.0352074
-5.38629404	-122.6344104
-4.886954913	-108.7064797
-4.41742318	-96.43393866
-3.918542473	-83.54129868
-3.379404444	-68.31839176
-2.873521497	-55.41323472
-2.358365399	-41.71784623
-1.865915023	-27.06998452
-1.386166635	-11.96052086
-0.921532672	2.861691896
-0.362353066	22.05972435
0.059353674	35.7051769
0.530960193	49.96791761
1.042683859	65.46751194
1.55141898	78.9220037
2.0374091	90.41698346
2.55304943	103.2751893
3.038759695	113.7419789
3.522478637	124.6235363
4.013006745	134.617699
4.516264081	144.4911177
4.989680639	154.5318193
5.492111585	164.3951759
5.972438543	172.1077737
6.472794079	181.9546104
6.976892719	189.150857
7.487319594	191.6046828
8.007956467	193.9660672
8.49865001	195.1652493
9.02561028	194.7055452
8.931885158	168.5432755
9.179241339	188.0111082
9.350174763	187.0249421
8.967472148	151.0467692
8.479956219	137.4974073
7.965778927	123.6995738
7.137087372	102.4310577
6.980719097	100.6863518
6.480184082	89.47551963
5.992382977	79.23212162
5.492541329	68.61704086
5.079207684	59.18452041
4.989595318	59.09469115
4.516478991	49.0073589
4.170702944	35.07398401
4.049011385	39.00515879
3.525873558	26.8446626
3.020282594	15.67020256
2.514623696	4.346715797
2.010912841	-6.860902928
1.531960291	-17.80693348
0.529525209	-41.39421426
0.03801935	-53.58107031
-0.433705236	-65.16550513
-0.925607579	-77.1654446
-1.437832751	-88.57603329
-1.92517168	-99.87126811
-2.462932687	-110.3850004
-2.971452761	-120.6250017
-3.416648331	-129.7792079
-3.945891595	-140.0551712
-4.429568041	-148.692674
-4.91121145	-156.8892643
-5.470414566	-166.0122323
-5.932585858	-173.5863551
-6.48729251	-178.8438255
-6.958952768	-184.8127479
-7.497035443	-187.3836836
-7.972059859	-188.8251961
-8.518257632	-179.2431852
-8.985018439	-188.4070734
-9.341793165	-187.6800731
-8.903202406	-153.1382606
-8.371921	-141.0578495
-7.903254919	-128.2925233
-7.407125489	-117.3284754
-6.89411245	-104.4403582
-6.366064247	-93.65588544
-5.860391948	-81.49378141
-5.309752281	-71.1665954
-4.768287464	-59.62946428
-4.303881634	-50.82634404
-3.799444284	-40.26760042
-3.306116333	-29.24254872
-2.846783236	-20.39731159
-2.344264132	-10.95388449
-2.268856825	-9.479441408
-1.851825521	-1.189719624
-1.314782013	9.811204711
-0.887686861	18.24468521
-0.326760562	29.87587676
0.070604033	36.7592245
0.54237545	48.2435329
1.086212079	60.34775026
1.564853069	69.89642362
2.070442609	80.109327
2.569420487	89.88543724
3.0797662	98.52705486
3.563394069	105.8452022
4.048816076	114.4389178
4.524257391	121.7099316
5.004415923	127.8757375
5.534380547	135.5233081
6.001719875	141.2604771
6.494652319	147.8094862
6.527386287	146.2828526
6.956872835	152.144934
7.48688934	159.338565
7.9892242	164.720175
8.459266151	169.6017276
9.021565625	169.9917027
9.352500078	176.0870532
8.973630913	143.0723176
8.513981936	131.5407962
7.994169987	119.3113365
7.516924602	108.2300164
7.009490139	97.32632653
6.479293461	86.14840732
6.009458902	76.37195709
5.496720668	66.21712231
4.988971348	56.587298
4.518698937	47.67390152
4.053491623	38.6086325
3.523166771	27.23109869
1.7291741	-14.41605606
1.52750233	-15.43783041
0.973653461	-26.5613529
0.517306497	-37.89817735
0.003783584	-47.81621614
-0.437347871	-57.91614238
-0.944222933	-69.25208025
-1.456294443	-79.72214924
-1.950723118	-89.50873092
-2.476169419	-98.57315346
-2.963928584	-106.6806651
-3.436857773	-114.8524877
-3.958152942	-121.9423113
-4.446519195	-129.9426291
-4.955280627	-136.8207636
-5.459345865	-143.7072039
-5.936287504	-150.1621004
-6.465854703	-156.584346
-7.018036216	-161.0371413
-7.460355146	-167.1354214
-7.94543949	-173.015162
-8.483083716	-176.8295024
-8.928421086	-180.341753
-9.32056331	-181.12821
-8.866158135	-148.1091953
-8.349268738	-135.7035274
-7.837093111	-122.7907209
-7.338888838	-113.3941426
-6.832735448	-100.3014548
-6.345167517	-90.97168562
-5.818059487	-79.79940413
-5.34236401	-70.78905321
-4.768281366	-60.20160055
-4.324656858	-51.32915114
-3.808567632	-40.42559132
-3.316089856	-31.44892748
-2.803243399	-22.26566359
-2.318893582	-11.46896091
-1.861661082	-3.061695015
-1.354358131	7.691166562
-0.80052531	17.96887111
-0.341619595	27.76171747
0.088000708	36.33589507
0.072570786	23.94794947
0.572138905	54.62320114
1.118094451	67.98170503
1.610109174	79.49152402
2.068151537	87.97261355
2.575988014	97.80534609
3.074655841	106.5642255
3.55820013	114.3903177
4.045792032	121.6784877
4.53197475	128.5372477
5.042270883	135.8385829
5.535233099	142.4287495
6.018075247	148.6661218
6.510938232	153.2481902
7.094334399	160.8617219
7.539360637	171.8656939
7.977283588	170.9102256
8.464914678	175.0740699
8.956953449	179.3557191
9.468734635	181.465043
9.980988007	182.1545434
10.48543622	182.4732353
10.98204476	181.3578672
11.52404242	177.6092757
12.01608026	174.3375028
12.55228676	169.9666152
12.46860198	151.5399375
11.99641843	136.3218877
11.47797893	124.339623
10.95472405	112.8741493
10.48010175	103.2798832
9.950697836	93.32433471
9.433363863	83.40199934
8.966047392	74.61830062
8.476067153	66.44609521
7.951295387	58.12566376
7.486660646	51.06096439
7.029038873	43.2911852
6.464030928	33.90065941
5.986446056	26.07896212
5.486532451	17.41872356
4.953866238	10.1398048
4.909114174	6.394005957
4.465775054	3.372846296
3.96264085	-3.844569886
3.472173329	-10.35152284
3.0065963	-16.6412058
2.473092007	-24.02275792
1.997204714	-30.51991742
1.495485476	-38.03309348
0.994344797	-46.01799371
0.508069643	-54.18578873
-0.026220814	-63.16615308
-0.452928528	-70.35504916
-0.956959557	-79.22761677
-1.464029442	-88.32940999
-1.979255228	-95.82720879
-2.451724156	-102.6404702
-3.457468785	-116.6166077
-3.943484366	-124.2342717
-4.403946684	-131.4271054
-4.93352096	-135.7012131
-5.921586178	-147.5581647
-6.360880285	-152.8698221
-6.483517642	-151.689704
-6.73693634	-156.6677396
-6.993476927	-156.9479229
-7.437899025	-162.3817317
-7.945494834	-166.8466101
-8.405562606	-170.9138529
-8.901957429	-174.9009849
-9.426889387	-177.4454273
-9.934121585	-159.3962549
-10.45361903	-166.2498793
-10.92937123	-168.896409
-11.41457133	-164.780147
-11.89284677	-168.2531452
-12.05263055	-175.7923273
-12.43389981	-166.2661106
-12.30813555	-155.9491972
-11.87388454	-143.4913489
-11.36860777	-131.6041605
-10.87400975	-121.0935125
-10.36756765	-110.3314766
-9.845709567	-99.8369824
-9.349808953	-90.3410599
-8.847673077	-80.17735692
-8.300496911	-70.18874335
-7.754326522	-61.18287937
-7.335146195	-54.57633403
-6.827798323	-45.26335112
-6.739757727	-46.18223105
-6.281464812	-39.09558953
-6.240891917	-38.48173171
-5.799269979	-31.0877411
-5.555974053	-28.06019294
-5.24769193	-23.94583012
-4.768171252	-18.03208253
-4.323340854	-10.7345467
-3.772273915	-4.188596028
-3.252053648	1.477330632
-2.811350408	7.202904736
-2.307273983	12.58133291
-1.814810736	18.68128388
-1.342539061	25.43212965
-0.732785797	34.86891745
-0.688677061	23.35440786
-0.815230079	14.82574713
-0.363978044	43.82019497
0.130610711	53.69068643
0.585711165	63.70136684
1.104848035	72.86825544
1.596368587	80.76653818
2.067276266	88.20052151
2.583119316	96.35667272
3.068540181	102.72453
3.54984687	108.5205282
4.078112627	115.2339481
4.563288199	120.3371709
5.05420324	125.2516152
5.627278039	119.4264727
6.037236372	134.8616031
6.497654657	137.4602387
7.054893152	142.8119698
7.525540181	146.6642304
7.997931045	150.0334737
8.47532945	152.7541726
8.957975403	155.9024911
9.45739777	159.0445339
9.98398401	161.8532442
10.47858735	163.2110637
11.01000279	164.7582066
11.49669466	164.123391
11.96425869	163.4159803
12.51273334	161.356814
12.44878048	142.2186448
11.94252162	128.068468
11.45394954	116.8611128
10.93697847	106.3985634
10.46807102	97.10979393
9.95376543	87.21247296
9.446280407	78.00175334
8.964043266	69.86327985
8.452161255	61.48758746
7.95437785	53.67296103
7.362528183	41.28186448
7.001558517	39.57428123
6.464257854	31.09144856
5.966716255	23.43032123
5.461090829	15.70802869
4.956267009	7.895076378
4.500998875	1.930209572
3.985150138	-4.994714165
3.487661347	-11.77276722
2.984264329	-17.80946689
2.480718862	-24.53276462
1.992129327	-31.53476687
1.486181139	-38.24605101
0.986387347	-45.75534618
0.485170331	-52.7501628
0.008681139	-59.81055116
-0.457986402	-67.69230432
-1.012675577	-75.0901195
-1.471806645	-82.69551311
-1.97199802	-89.59655931
-2.462352205	-96.70042074
-2.957130735	-103.2738955
-3.442898871	-108.8134
-3.928113282	-114.1026253
-4.417183255	-119.6952699
-4.953155432	-123.976171
-5.459782327	-128.9650679
-5.936904972	-121.263069
-6.4589331	-138.1340605
-6.973660388	-141.5980717
-7.453149608	-145.6338379
-7.95336545	-149.2724066
-8.423617986	-152.9243752
-8.921837437	-156.8897513
-9.424662095	-160.4931498
-9.925661491	-158.3827172
-10.40697757	-153.7712605
-10.90845781	-156.4592886
-11.41517941	-159.5571047
-11.91204517	-161.6457913
-12.39600037	-162.5491706
-11.80462081	-139.6406365
-11.28901683	-127.5133013
-10.84560134	-117.9755495
-10.34552404	-106.9934066
-9.80681178	-96.4559709
-9.292396017	-86.32830961
-8.793927829	-77.97064874
-8.265638477	-68.21036988
-7.785581242	-60.70267322
-7.225892556	-52.67158935
-6.811463336	-46.38219599
-6.293905798	-38.00296579
-5.749599124	-30.37987564
-5.277772242	-23.61727568
-4.742654446	-16.90419252
-4.304283396	-10.94655026
-3.767792577	-4.277794581
-3.288122922	1.428434137
-2.80204856	7.184189951
-2.325371454	11.75688863
-1.792226218	19.89650444
-1.288947778	26.18313099
-0.762091238	34.18555908
-0.338447156	38.07677168
-0.281954172	35.1068195
5.678954418	131.921209
6.060541635	134.9736103
6.517949908	138.0970172
7.109807355	142.7992947
7.575584812	133.0754568
8.0209702	148.6329907
8.609762136	146.0473375
9.005315707	154.9841177
9.514188413	159.3257388
9.920198668	161.7434862
10.49792263	166.4285658
11.00691392	169.163485
11.55615786	172.0142154
11.9760123	175.1550813
12.49524258	177.3979457
12.97902759	179.6610233
13.44049805	181.8225854
13.4390716	159.079714
13.94953519	184.6914839
14.46122835	186.3957785
14.99732025	186.4179445
15.48399244	187.3197856
15.95826357	188.8795365
16.42810632	190.0179425
16.98406786	191.1964002
17.42025741	195.0942826
17.87366475	198.5485698
18.40086168	201.040337
18.59942708	198.9939007
18.27635001	159.1622234
17.86783863	143.0838413
17.36479945	125.7316158
16.85398201	111.7421685
16.35415709	101.2494448
15.87188162	91.8064891
15.34866864	82.27355984
14.89277049	74.48366946
14.37438416	65.79363399
13.86803543	58.42671477
13.30539598	49.36910287
13.46773783	66.96832323
13.27759535	54.62243425
12.88210852	48.30333694
12.37372431	40.97489387
11.88214497	34.27523448
11.35307062	26.78709312
10.85660816	21.00246527
10.39004709	15.6043262
9.840552141	10.12817074
9.343691793	5.434891288
8.869333563	1.257795275
8.399240194	-2.656181682
7.87238571	-6.713633451
7.402796191	-9.793386497
6.880562407	-12.93401993
6.382977795	-16.61459901
5.918138647	-20.10181682
5.398458634	-23.40431302
4.925453516	-26.54563186
4.440272218	-29.41074807
3.927236553	-33.35966006
3.938946802	-17.73421421
3.446067498	-37.10746986
2.92064123	-39.82508686
2.422159849	-44.81304012
2.402390643	-35.9018215
1.926342734	-48.86774161
1.430404647	-52.77106128
0.924345216	-59.31939012
0.450182246	-63.30564663
-0.014144014	-65.71123397
-0.513690121	-75.51972902
-1.483301635	-86.9906549
-1.982626245	-92.46034167
-2.48587695	-97.48138568
-3.003551835	-102.6560915
-3.464257611	-107.5347684
-3.945135175	-111.326008
-4.443439527	-115.4408909
-4.957023533	-119.2500861
-5.458707	-122.8530101
-5.950574487	-126.0999481
-6.451945968	-129.4883314
-6.964356671	-132.5233281
-7.454041378	-135.7386003
-7.926007777	-138.8814996
-8.406031823	-142.1578465
-8.439659638	-130.429504
-8.932292583	-132.4289584
-9.430755923	-135.2246905
-9.975640305	-149.7717519
-9.936479885	-138.1405122
-10.41268531	-140.4941099
-10.88596631	-143.494948
-11.35210178	-145.2324541
-11.89666323	-147.5651862
-12.39433023	-149.315522
-12.85772989	-151.7515756
-13.37312603	-150.9312616
-13.86890365	-152.1780856
-14.37204026	-150.8008052
-14.84208074	-151.1841077
-15.35324502	-150.4614917
-15.86954791	-150.1149315
-16.3302578	-148.5369889
-16.84216552	-148.3814296
-17.34431524	-147.6773794
-17.82317487	-147.2950485
-18.35601077	-147.7952919
-18.58251512	-153.64548
-17.77933043	-116.2357884
-17.26933799	-105.5395453
-16.78668487	-95.65058906
-16.62659821	-92.11290408
-16.25930281	-86.48733444
-15.83142838	-77.52429612
-15.67172012	-75.15955721
-15.26634701	-68.98919603
-14.80587311	-61.36262287
-14.28476512	-52.66824201
-13.73832477	-45.20106944
-13.29658115	-39.08521262
-12.78443504	-32.61273365
-12.2589893	-26.04113404
-11.78155715	-20.72432976
-11.26163438	-15.53156378
-10.7444861	-9.392906243
-10.28665919	-4.666331452
-9.737035293	0.75080639
-9.203531498	5.389873551
-8.755505813	9.432063884
-8.18147006	13.15256635
-7.733494024	15.47594313
-7.260672675	18.82041616
-6.728651885	21.91909665
-6.198952812	25.01081324
-5.607249241	36.62699471
-5.255893881	31.15163406
-5.348624066	10.93758247
-5.365704798	11.63693601
-4.767000338	40.14758013
-4.282574534	45.44470335
-3.688336556	49.23049353
-3.667978485	42.29415146
-3.23840001	52.09271808
-2.792499072	56.70201086
-2.272385221	60.48897003
-1.767013476	65.18647346
-1.267360253	69.89685489
-0.768621187	74.47903252
-0.263916934	79.56497978
0.230329522	83.88669113
0.62968836	88.57155876
1.170751324	94.15848553
1.66916333	98.79424114
2.090279641	102.9533355
2.603815978	107.6131311
3.11918544	112.3015721
3.599764761	115.5517219
4.17044669	119.8010405
4.599337013	122.81134
5.035962177	125.8318432
6.071132478	130.4074804
6.602511901	134.2911749
7.083534751	136.9140096
7.467662984	137.4500658
8.022436084	140.9386684
8.605876306	138.9517451
9.027016306	146.0232237
9.496471416	147.4117718
9.960935382	150.1575791
10.44545611	151.6887618
11.02121787	153.6630715
11.52511055	155.5316897
11.97640856	157.514821
12.48699687	159.7356666
12.9995165	161.3783383
13.47076762	162.5155934
13.97183791	163.9113528
13.88075581	140.9887306
14.45963094	159.5428376
14.92998763	165.6908265
15.40046926	166.2839861
15.89849705	167.0732049
16.37905314	168.4464965
16.87088785	166.5521496
17.37358877	168.8193491
17.866428	167.8134134
18.38831684	166.8356588
17.81374606	134.8833863
17.31439605	124.9856012
16.8049216	115.4378636
16.34246903	107.2217203
15.82806702	98.07953238
15.33097331	90.00318236
14.85083377	82.50031991
14.35314737	74.48702085
13.84714886	67.12716806
13.35386266	61.08414943
12.87306383	54.85550194
12.35670916	48.28622276
11.8835633	43.0388702
11.36589936	37.2480777
10.84202944	31.56505755
10.37078711	26.25809602
9.854525806	21.30357002
9.342429611	16.40356287
8.920247924	12.83606859
8.374037759	8.362564659
7.892223838	4.757194978
7.425048415	0.890817142
6.912377537	-2.884519091
6.395313642	-6.085527809
5.912870027	-9.276393016
5.387740912	-12.64711721
4.93801039	-15.61468662
4.455055218	-18.56287203
3.949499925	-22.11674837
3.449497427	-25.71834605
2.98625158	-29.82934284
2.440247826	-33.2447248
1.956810371	-37.30354427
1.476116231	-40.67307726
0.989442052	-45.71792633
0.468527686	-50.37930815
-0.025501812	-54.95356071
-0.499813765	-59.55461445
-0.986345783	-63.4433872
-1.485949981	-68.12558078
-1.945840972	-72.27799412
-2.460838365	-76.82537273
-2.971068136	-81.21459848
-3.454288712	-84.65486027
-3.972095322	-88.69308113
-3.965886255	-77.10192915
-4.429531598	-81.02212694
-4.956380981	-83.90229625
-5.480532994	-85.81927349
-5.931757134	-87.57713747
-6.445559163	-91.68235349
-6.965429354	-94.69117001
-7.457592732	-96.93053139
-7.916312138	-100.0779284
-8.433394817	-102.4669669
-8.916445449	-103.4202796
-9.417368967	-106.4723223
-9.906366464	-109.2226232
-10.39337966	-111.0864655
-11.36315712	-115.7586477
-11.85104491	-117.2994497
-12.35532248	-119.8144366
-12.8497991	-121.9710638
-13.35127714	-133.6528929
-13.86092942	-134.8396615
-14.36909025	-136.307733
-14.79512967	-126.9529833
-15.33167845	-139.1560477
-15.82485931	-139.6173099
-16.31380376	-140.4842635
-16.809341	-141.0743702
-17.29317074	-141.3572508
-17.78991663	-141.5594747
-18.3120621	-141.3339504
-18.52282489	-139.2795096
-18.21618886	-111.006071
-17.77482797	-101.3341421
-17.27498814	-90.67853673
-16.74865773	-80.71263625
-16.24656961	-71.56134774
-15.72825149	-62.65734109
-15.24536986	-53.95329883
-14.75968414	-46.22313696
-14.24609512	-38.17639408
-13.72854661	-30.70251856
-13.27183446	-24.97496366
-12.75475525	-18.49714036
-12.24235442	-12.11996089
-11.78095492	-7.482455474
-11.26447705	-1.868836672
-10.75339027	3.618926579
-10.28965964	8.420450865
-9.770602217	13.18615769
-9.255356818	17.77061473
-8.754869996	22.18308449
-8.136095633	27.79309375
-7.762128403	29.13090023
-7.323091617	32.09075549
-6.793412519	35.98511384
-6.263499674	39.1354417
-5.8126673	41.76237872
-5.278934524	45.13910129
-4.799863693	47.9946604
-4.296170956	50.75734329
-3.774991368	53.53699043
-3.266994171	56.72699506
-2.798954995	60.306353
-2.286653609	63.17818568
-1.796451738	67.46296046
-1.32660266	71.14170819
-0.825206602	75.43342849
-0.300549326	79.48735415
0.160944089	82.81884263
0.634400864	87.63896062
1.116368336	92.43693935
1.636454445	96.40180907
2.097320904	100.4968233
2.598582801	104.4667709
3.093784231	108.1278646
3.591586322	111.9051038
4.069489877	115.0622808
4.541891668	118.2875284
5.109050786	121.96802
5.574595246	124.5083728
6.033610494	126.2271676
6.591084039	129.8080673
7.050998986	132.0475314
7.51275527	134.090546
8.030784968	135.6713954
8.53620275	138.3324533
8.977826993	139.66798
9.292277536	147.3031851
9.506122234	139.7476566
10.01792049	143.247377
10.45643263	145.6618609
10.99027277	147.8039249
11.49887944	149.4804734
11.97980258	151.6404012
12.48514122	153.0789373
13.02272249	155.613399
13.48858401	156.8505027
13.94502122	158.5140015
14.44838136	159.6714731
14.88123626	160.7416318
15.3848055	161.3260376
15.89501731	163.1418956
16.37486017	163.7939935
16.8524975	164.7684829
17.36185675	165.1586989
17.83236047	165.3690824
18.3166334	165.1514715
18.79682484	164.9392544
19.30853016	164.8333503
19.78766388	163.8218793
20.27808108	163.1420266
20.78944674	162.5102658
21.24920117	161.2931379
21.7480593	161.3785217
22.23188834	159.631594
22.68813209	159.0925294
23.19585433	158.0549319
23.69644733	157.6316047
24.17447394	155.1600814
24.67737031	154.8366572
24.15023199	121.8257993
23.64819015	111.6677817
23.17826327	103.1274523
22.65126329	94.46432373
22.193002	86.89288986
21.67577935	78.64881781
21.19483823	71.38852262
20.70197752	65.15384626
20.18589538	56.64207928
19.74533155	51.95507111
19.2489443	45.70996253
18.73020298	39.8517613
18.22343028	34.98427607
17.74124804	29.81170798
17.25891997	25.01067311
16.75526992	20.21379401
16.2774965	16.17191509
15.78808884	11.45641217
15.26774423	7.651961674
14.79679215	4.057555829
14.27707695	0.887971326
13.77416415	-2.309680971
13.31596337	-5.099318012
12.8128123	-8.069646402
12.31450803	-10.71202266
11.83090173	-12.96600247
11.34246758	-15.27323585
10.82616256	-17.76063198
10.31537813	-19.80156511
9.824644454	-22.07706522
9.312690461	-23.66675705
8.843273203	-25.60577984
8.317167775	-27.93908342
7.834806962	-29.40750967
6.853447317	-33.58336349
6.346566445	-34.90894557
5.901478308	-37.34036539
5.386509372	-39.26555212
5.01570086	-40.54440999
4.824645953	-41.93451912
4.394027044	-42.74753705
3.918423282	-45.89186569
3.435633363	-47.85456146
2.977620912	-50.5289657
2.446806824	-53.02086029
1.93866037	-55.89963445
1.50010629	-58.48011553
0.988747656	-61.75119971
0.475090931	-65.04842928
-0.013788943	-68.49409944
-0.480840369	-71.84910993
-0.992201695	-75.24641669
-1.461638982	-78.44240728
-1.956379928	-81.61667216
-2.446158146	-84.66612461
-2.976295159	-87.82775044
-3.453706405	-90.72494612
-3.932087461	-93.58379028
-4.404817533	-96.22782103
-4.900724505	-98.44700174
-5.383859477	-101.170377
-5.873174009	-103.003647
-6.38188846	-105.2676734
-6.878634219	-107.4603871
-7.382767449	-109.0499057
-7.849965974	-110.8638696
-8.357352524	-112.7517336
-8.819870866	-114.6445509
-9.330282007	-116.2450109
-9.821112319	-118.454824
-10.32945188	-119.9444119
-10.80033513	-121.7505613
-11.32124411	-123.6292672
-11.79283953	-125.3050113
-12.30930858	-127.2348177
-12.78885356	-128.7503584
-13.28337657	-130.0026084
-13.76569765	-131.6325524
-14.27821854	-132.5585403
-14.75322218	-133.7309344
-15.25414336	-134.8845201
-15.75727893	-136.0055762
-16.24864276	-136.3001392
-16.75960993	-136.8995698
-17.26022061	-137.6906845
-17.77549417	-137.6259389
-18.23851597	-138.4127567
-18.70749081	-137.9444259
-19.25306941	-137.3870844
-19.68835644	-137.7689404
-20.24681068	-137.1008025
-20.7657731	-136.6487947
-21.24457185	-135.6527253
-21.70498712	-135.2299987
-22.25481946	-134.2788842
-22.78446646	-131.3598722
-23.22506699	-131.7256582
-23.74959342	-131.8842468
-23.78732251	-120.3714667
-24.24677011	-131.4311934
-24.75344739	-129.8539603
-24.6169079	-107.1435618
-24.15629981	-95.31720042
-23.69989138	-86.11216315
-23.1617455	-76.01828575
-22.64979317	-66.45576877
-22.20018935	-58.36050908
-21.66701735	-49.39842408
-21.18309751	-41.59097525
-20.66707499	-34.23733786
-19.64016456	-19.77531509
-19.17093514	-13.71809315
-18.66849422	-7.924874601
-18.15633239	-2.515939594
-17.65089042	2.319729336
-17.16569243	6.421245854
-16.61239462	11.63752112
-16.16327093	15.61477598
-15.56790709	21.5459645
-15.16396219	23.2113852
-14.65340255	27.12894531
-14.14799239	30.72285651
-13.6282325	34.17895145
-13.15598109	36.62897754
-12.65136746	39.55577452
-12.14922526	41.81493071
-11.64452649	44.09897403
-11.15773032	46.52166134
-10.63660748	48.67766828
-10.14332076	50.40192468
-9.638780257	52.92511895
-9.138933114	54.46041108
-8.655771703	56.30796348
-8.147581944	57.91601345
-7.648121872	59.49034665
-7.158941017	60.72541515
-6.692317446	62.61491844
-6.177326265	64.41183602
-5.689089509	66.3932094
-5.205900529	67.78494981
-4.691722777	69.67537588
-4.207968909	71.94875484
-3.674840461	73.86229405
-3.151753032	76.31023229
-2.694377224	78.43235762
-2.186562387	80.79701797
-1.692427192	83.68615255
-1.184991615	85.02211852
-0.696346478	89.10481714
-0.215136141	91.55946482
0.273666336	99.9052948
1.200883623	100.1750487
1.696552889	102.1254689
2.249693347	105.8439483
2.756752475	108.4607888
3.270257929	109.5988613
3.686497306	113.530596
4.148566875	114.8403893
4.733026133	114.9275119
5.166098308	120.0491527
5.637832759	121.7411917
6.135705814	123.6365395
6.619593002	125.4995569
7.130630693	126.4814585
7.610656996	128.5224237
8.079160842	129.2619755
8.611294915	130.5725155
8.9945113	130.7577228
9.141574768	131.3169992
9.523519489	133.2045538
10.04209674	134.3974246
10.49623565	135.5240837
11.01155156	136.6611865
11.55495833	138.0564423
12.03041191	139.1103014
12.5384688	140.3293944
13.02867074	141.3386003
13.54097687	141.9103342
13.99814803	144.3095267
14.52048375	144.5525802
14.96866441	145.8400223
15.47333349	146.5162171
15.90643531	147.3930538
16.42128732	148.2974961
16.88095752	148.8701992
17.38606627	149.4230763
17.87273323	150.2392045
18.40638345	149.8203567
18.84289441	151.4814462
19.3150736	151.3718551
19.81085428	152.2288742
20.30501913	152.3316335
20.7915215	152.0109833
21.28536609	151.963216
21.77153091	151.8547689
22.24364284	151.193912
22.70692596	151.0651463
23.19321979	150.1770223
23.71704635	151.5835222
24.13998524	151.1203056
24.69126679	149.820046
24.19217344	116.140134
23.71955728	107.5771212
23.21070018	98.52249845
22.68838853	89.8510908
22.22094657	82.65778172
21.70651019	74.83947375
21.22102142	67.54115052
20.58985282	57.2782711
20.28440121	54.3313147
20.26744525	54.69217041
19.76896002	47.87990844
19.26558291	41.75293236
18.74229943	36.03448174
18.23801236	30.97368531
17.76569566	27.03986147
17.28975421	22.16082194
16.7630153	17.44577002
16.29324954	13.44314457
15.77828117	9.725685525
15.27383843	5.005251337
14.82103092	1.461893035
14.31629403	-1.582239355
13.81854305	-5.222753437
13.34466277	-7.769633744
12.8264449	-10.73440389
12.31146816	-13.58243413
11.83978123	-15.80686615
11.33142505	-18.50086684
10.82319572	-20.66282289
10.36200351	-22.87584295
9.825677798	-25.10759624
9.503464137	-27.32967056
9.295146116	-25.64687296
8.825994897	-28.68731038
8.381536584	-30.92875208
7.860610827	-33.02579053
7.401082346	-34.97080698
6.902557788	-37.08843575
6.398078108	-38.95921659
5.92904317	-40.87560266
5.43506083	-43.06288165
4.933117007	-44.90350715
4.470607003	-47.27097934
3.970394889	-49.1504392
3.477791872	-51.22591298
2.992164258	-53.47167103
2.456559573	-56.16477738
2.00126925	-58.2409474
1.50305178	-60.60922878
0.976909974	-63.17370551
0.48117436	-65.46626823
0.026593658	-68.34975626
-0.472347509	-70.70686638
-0.953687063	-73.04279757
-1.477980942	-76.12433087
-1.929705629	-78.52976844
-2.437341597	-81.20705808
-2.949429916	-83.5906425
-3.421637255	-85.93633988
-3.912079256	-87.97423724
-4.417625173	-90.07270226
-4.90835938	-91.96062363
-5.391425559	-93.90430724
-5.893390207	-95.76519739
-6.376959004	-97.70018323
-6.865740815	-98.80099724
-7.357468366	-100.2620513
-7.855650376	-101.8681238
-8.355160455	-103.4106984
-8.792392177	-104.7820192
-9.285040463	-106.3519881
-9.778134287	-107.7125723
-10.28139776	-108.6646498
-10.79485095	-110.3070431
-11.27314664	-111.7709207
-11.75672329	-112.9679163
-12.28888896	-114.1134213
-12.74461771	-115.7222079
-13.24621703	-116.7556009
-13.75409207	-117.9832905
-14.26897903	-118.2495547
-14.7364318	-119.9794676
-15.22440355	-120.9783653
-15.48437102	-120.6046306
-15.76260634	-120.5018545
-16.20578756	-122.5841035
-16.70180976	-123.6030979
-17.22256929	-123.9195126
-17.67367831	-124.9499312
-18.20022275	-125.834307
-18.70727576	-125.7538993
-19.206601	-126.1736063
-19.73496193	-124.8655554
-20.17884452	-127.0722526
-20.69352018	-127.380292
-21.17592911	-127.5023364
-21.64583142	-127.2900591
-22.15856827	-127.2718973
-22.62418166	-127.0281323
-23.1560102	-126.7030716
-23.6521761	-126.2768034
-24.16700588	-126.2801944
-24.64801851	-126.182547
-24.10945201	-88.01504562
-23.67769659	-79.84723307
-23.16027197	-70.26316921
-22.60025687	-60.64679787
-22.15240041	-52.23336356
-21.61524518	-43.60477757
-21.11398256	-35.57350186
-20.6369974	-28.65592574
-20.13395992	-21.42118883
-19.5870081	-14.95615739
-19.12134435	-9.032402109
-18.62048865	-3.772600803
-18.07021832	2.076778963
-17.14625712	10.05143509
-16.6102753	14.79373789
-16.06349371	20.60013977
-15.11382244	26.6757176
-14.64811646	30.0821349
-14.10791722	33.49145065
-13.58864774	37.339762
-13.13354661	40.07434988
-12.62056797	42.81636691
-12.10566744	45.22444989
-11.63906267	47.59155744
-11.10693369	49.91471968
