Hakim_Kono 2002 Column L1D60																													
1538.0000																													
0.96817	3.84																												
0.96204	2.91																												
0.94921	3.34																												
1.055	0.09																												
1.0586	0.17																												
1.0564	4.69																												
1.0501	6.90																												
1.0727	43.38																												
1.1576	94.07																												
1.266	144.11																												
1.3944	194.72																												
1.5388	244.93																												
1.6726	295.02																												
1.8169	345.50																												
1.7283	185.97
1.7339	185.79
1.7322	185.22
1.7529	236.52
1.8234	287.29
1.9308	337.80
2.0227	368.68
2.1814	419.02
2.3713	469.45
2.5376	520.07
2.7377	556.16
2.9404	601.58
3.0425	543.64
2.9882	489.29
2.9453	439.21
2.8583	384.92
2.7218	330.46
2.586	275.90
2.4486	222.26
2.3245	169.86
2.1804	113.08
2.0431	59.76
1.889	8.26
1.7541	-42.37
1.587	-94.42
1.4169	-146.13
1.2415	-196.90
1.0622	-248.47
0.87372	-299.83
0.67469	-351.05
0.47253	-352.92
0.41067	-403.57
0.22771	-455.15
0.018728	-504.15
-0.18939	-554.43
-0.39002	-602.04
-0.59363	-649.16
-0.80232	-695.37
-1.0172	-739.38
-1.2319	-782.61
-1.4424	-825.31
-1.6472	-865.27
-1.8499	-901.96
-2.0154	-896.84
-2.0252	-896.42
-2.0575	-886.35
-2.0697	-835.08
-2.0937	-885.29
-2.1115	-832.35
-2.0474	-777.18
-1.9597	-726.31
-1.842	-671.84
-1.7136	-615.00
-1.5765	-562.12
-1.4237	-502.96
-1.2817	-448.10
-1.1135	-385.76
-0.97728	-333.73
-0.78272	-272.45
-0.57736	-214.38
-0.3627	-156.60
-0.16162	-99.48
0.017131	-45.73
0.21827	-3.95
0.4017	46.76
0.57117	97.92
0.75196	149.68
0.93866	200.36
1.1267	251.67
1.2977	303.23
1.5016	353.59
1.7038	399.73
1.9093	449.24
1.7661	274.49
1.7475	274.45
1.7759	325.41
1.8507	375.79
1.9912	427.39
2.1244	479.19
2.2876	529.43
2.4693	580.55
2.6707	630.05
2.9535	657.65
2.974	601.02
2.9015	542.45
2.8291	492.06
2.689	439.63
2.5491	385.83
2.4047	330.68
2.2695	275.19
2.0995	217.33
1.9458	160.29
1.794	108.75
1.5947	53.93
1.4161	2.73
1.2435	-47.43
1.0783	-97.72
0.88864	-149.18
0.7117	-200.00
0.52693	-250.04
0.43185	-217.97
0.37708	-269.98
0.2512	-322.05
0.07533	-372.89
-0.10775	-423.78
-0.29793	-474.67
-0.48924	-525.54
-0.66653	-575.99
-0.8572	-627.72
-1.0688	-679.07
-1.2663	-730.56
-1.4722	-779.30
-1.6724	-829.20
-1.8758	-875.69
-1.9548	-823.47
-1.9	-771.71
-1.8046	-721.67
-1.6721	-669.44
-1.5432	-617.83
-1.4317	-567.69
-1.3372	-515.30
-1.1257	-480.03
-1.0595	-429.35
-0.92418	-378.64
-0.79908	-326.86
-0.61188	-272.66
-0.46335	-222.60
-0.27123	-170.83
-0.11166	-120.48
0.11238	-62.99
0.31529	-11.79
0.53511	39.74
0.70153	91.92
0.89022	144.49
1.0731	194.97
1.2406	246.90
1.4501	299.88
1.6443	351.96
1.848	403.13
2.0607	454.18
1.936	280.76
1.9564	332.39
2.0603	382.39
2.1833	433.36
2.3119	483.41
2.5019	533.90
2.7129	585.57
2.896	638.05
3.1056	689.45
3.3158	735.08
3.5101	778.77
3.7117	811.80
3.9267	844.34
4.1404	877.33
4.3604	911.44
4.5729	941.20
4.7829	971.44
4.9873	996.89
5.2033	1021.10
5.4074	1043.70
5.6153	1062.00
5.8189	1054.30
5.9724	1035.50
5.9803	984.14
5.9316	932.01
5.8207	879.65
5.6463	824.15
5.4554	770.86
5.2763	719.71
5.087	661.64
4.8808	604.72
4.6868	546.69
4.4815	499.43
4.2637	451.71
4.0363	395.26
3.8555	344.86
3.6276	292.75
3.4141	236.66
3.1948	183.95
2.9829	131.56
2.7761	78.03
2.5703	32.78
2.367	-7.67
2.1937	-58.49
1.9912	-106.77
1.7994	-158.25
1.5904	-206.69
1.3871	-255.56
1.1705	-307.94
0.9783	-358.26
0.77043	-388.92
0.59262	-440.45
0.38891	-488.32
0.16574	-541.85
-0.048815	-595.04
-0.25264	-643.07
-0.47126	-691.50
-0.68194	-739.41
-0.89221	-786.56
-1.1041	-828.62
-1.3057	-870.66
-1.4537	-820.53
-1.3914	-767.48
-1.2687	-717.30
-1.1422	-666.15
-1.0135	-614.46
-0.87528	-559.07
-0.76515	-509.00
-0.62193	-458.74
-0.46872	-407.18
-0.33316	-353.17
-0.13229	-302.97
0.060484	-250.52
0.27719	-195.85
0.49806	-147.83
0.69647	-95.52
0.91033	-45.82
1.1157	-8.64
1.3314	26.78
1.4972	77.64
1.7094	136.31
1.9138	191.92
2.1097	246.25
2.3255	302.71
2.5375	353.16
2.7511	403.92
2.9753	458.58
3.1775	505.70
3.3724	420.94
3.4167	473.12
3.5617	527.89
3.7179	578.70
3.9268	631.81
4.1575	683.58
4.3655	728.45
4.5928	771.71
4.8126	815.47
5.0395	858.35
5.2511	895.36
5.4684	934.41
5.7008	972.85
5.9497	964.96
5.975	906.12
5.8645	844.37
5.6718	785.04
5.4704	728.47
5.2881	674.93
5.1193	622.41
4.9284	569.85
4.7244	512.10
4.4806	451.42
4.2425	394.25
3.9556	320.90
3.6584	245.55
3.3379	166.69
3.0992	104.18
2.8781	45.48
2.6623	-1.45
2.4557	-45.56
2.2446	-101.85
2.0254	-155.47
1.8049	-211.07
1.5854	-266.29
1.3699	-317.41
1.1245	-380.23
0.88218	-428.20
0.66605	-479.40
0.42353	-538.52
0.17565	-598.21
-0.050458	-652.98
-0.28126	-705.46
-0.4903	-749.29
-0.72304	-801.23
-0.94302	-851.67
-1.1453	-892.03
-1.29	-892.00
-1.2827	-892.82
-1.2862	-833.07
-1.2023	-773.27
-1.0259	-715.92
-0.89727	-661.16
-0.7747	-610.10
-0.61795	-555.58
-0.48165	-498.85
-0.30654	-433.45
-0.064955	-369.54
0.11326	-306.64
0.32351	-243.26
1.0837	-58.66
1.2844	-15.30
1.4934	31.05
1.6868	82.20
1.8975	135.52
2.0804	187.95
2.2942	236.29
2.5403	291.63
2.7447	342.39
2.9566	391.45
3.2113	415.19
2.8941	284.80
2.9443	337.30
3.0963	398.50
3.2546	451.69
3.4552	499.96
3.7025	557.07
3.9383	611.78
4.1551	656.39
4.3702	701.18
4.5962	745.96
4.8075	789.64
5.0286	832.95
5.2618	875.69
5.4956	918.77
5.721	962.36
5.9217	993.39
6.1566	1031.10
6.3828	1065.40
6.608	1096.10
6.8297	1121.20
7.052	1145.90
7.2526	1163.20
7.484	1183.10
7.7077	1197.20
7.9515	1210.50
8.1547	1221.00
8.38	1228.90
8.6287	1237.00
8.9536	1239.00
9.4817	1224.30
9.9678	1211.70
10.497	1196.40
11.586	1156.20
12.159	1132.30
12.53	1117.60
12.225	935.02
11.294	754.37
9.9088	548.60
9.2566	467.66
8.9887	476.47
8.7792	388.22
8.4835	340.64
8.175	289.38
7.9205	241.81
7.632	197.45
7.4116	159.77
7.1879	126.57
6.898	75.89
6.6645	38.81
6.4075	-3.70
6.2057	-21.75
5.984	-64.52
5.7575	-109.68
5.4905	-158.13
5.2866	-194.86
5.0253	-242.23
4.8124	-275.89
4.5983	-316.07
4.3642	-358.59
4.0827	-377.62
3.9109	-438.06
3.6747	-480.43
3.4391	-523.12
3.1961	-564.54
2.9339	-608.09
2.6788	-651.62
2.4016	-694.01
2.1468	-736.04
1.8966	-776.41
1.6472	-813.99
1.422	-848.72
1.2102	-878.19
0.98675	-906.39
0.80722	-847.23
0.89784	-787.15
1.075	-720.14
1.3032	-649.22
1.5782	-571.44
1.8293	-499.99
2.0635	-430.22
2.3792	-349.67
2.6187	-298.71
2.9135	-235.51
3.247	-162.15
3.5393	-104.03
3.8153	-49.46
4.0321	-23.26
4.2531	20.90
4.4765	66.16
4.6876	108.54
4.8916	149.19
5.1179	190.16
5.3565	231.78
5.566	265.97
5.8204	308.80
6.0322	342.18
6.2327	374.78
6.4692	396.21
6.1577	273.78
6.1973	328.72
6.3819	379.56
6.5891	426.12
6.8334	468.73
7.0641	502.07
7.2819	535.35
7.5165	566.30
7.7504	599.33
7.9949	630.63
8.2422	661.93
8.4569	685.36
8.7193	716.40
8.9946	746.38
9.2503	776.66
9.4761	798.43
9.6893	820.22
9.9177	841.79
10.16	863.27
10.397	883.55
10.652	901.84
10.885	920.05
11.116	935.62
11.367	951.74
11.588	963.71
11.811	962.72
12.02	952.01
11.799	833.54
11.496	770.29
11.29	716.31
11.003	655.25
10.743	604.62
10.441	543.94
10.211	511.88
10.008	480.29
9.7826	446.17
9.5517	410.66
9.2921	372.58
9.0255	333.53
8.7603	291.62
8.508	251.54
8.2467	208.68
7.9761	167.93
7.7353	130.01
7.5194	94.69
7.1803	36.79
6.9472	2.18
6.7461	-17.91
6.5202	-55.93
6.2945	-97.16
6.0296	-146.76
5.7799	-192.63
5.5623	-229.08
5.3386	-266.54
5.079	-314.85
4.8576	-357.86
4.6077	-375.17
4.4602	-426.14
4.2007	-474.19
3.9133	-521.86
3.6429	-570.19
3.3597	-619.32
3.1508	-651.79
2.8532	-701.47
2.6452	-733.14
2.4372	-766.26
2.1735	-811.82
1.9705	-839.47
1.7487	-874.89
1.5289	-904.84
1.3279	-894.55
1.432	-808.62
1.6721	-716.71
1.8518	-664.09
2.0528	-607.41
2.2603	-551.23
2.438	-497.54
2.6265	-444.44
2.9893	-358.52
3.1936	-313.93
3.4138	-264.13
3.7088	-203.43
4.0527	-138.22
4.293	-88.77
4.5481	-43.92
4.8417	-25.02
5.0093	31.63
5.2221	74.64
5.4471	116.87
5.6654	156.73
5.871	190.04
6.1144	232.58
6.3441	265.55
6.579	307.51
6.8616	348.36
6.8354	256.04
6.9016	310.85
7.1168	369.89
7.3542	414.08
7.5705	447.96
7.7917	481.82
8.0228	514.55
8.2603	546.20
8.5152	578.13
8.7603	609.13
9.0133	641.04
9.2793	672.12
9.5348	702.33
10.435	797.03
10.663	818.27
10.898	839.38
11.124	861.62
11.369	882.78
11.62	902.72
11.867	922.16
12.112	937.05
12.339	952.94
12.579	967.80
12.823	982.93
13.083	997.17
13.336	1010.40
13.555	1019.30
13.781	1028.00
14.068	1039.10
14.313	1044.10
14.518	1032.70
14.733	1022.90
14.939	1012.20
15.142	1011.50
15.35	1020.10
15.56	1029.20
15.768	1039.70
15.975	1049.20
16.197	1057.50
16.454	1065.90
16.711	1074.10
16.944	1080.30
17.222	1085.50
17.45	1088.90
17.72	1089.60
17.961	1079.00
18.185	1068.10
18.386	1058.60
18.586	1050.50
18.791	1041.20
19.003	1032.10
19.205	1023.00
19.407	1013.90
19.669	1004.60
19.887	1004.70
20.099	1014.30
20.326	1022.20
20.542	1027.50
20.748	1032.80
20.959	1043.50
21.193	1051.30
21.477	1057.30
21.705	1060.90
21.95	1065.20
22.206	1067.50
22.443	1058.90
22.686	1048.00
22.9	1042.10
23.106	1032.70
23.36	1028.90
23.571	1018.80
23.783	1009.80
23.976	945.87
23.688	878.71
23.411	832.53
23.142	776.54
22.858	729.38
22.63	690.59
22.322	647.32
22.12	626.10
21.895	602.57
21.679	577.08
21.441	550.01
21.175	523.02
20.894	493.37
20.592	458.88
20.237	420.60
19.794	373.50
19.335	325.30
18.778	270.81
18.224	214.83
17.725	164.24
17.293	121.55
16.912	86.32
16.598	57.12
16.339	34.25
16.13	15.35
15.799	-11.58
15.577	-28.83
15.373	-41.58
15.123	-53.22
14.922	-55.61
14.709	-76.16
14.447	-108.74
14.144	-140.78
13.936	-163.61
13.711	-182.57
13.474	-204.38
13.231	-226.23
13.002	-247.42
12.74	-269.86
12.464	-292.83
12.254	-311.94
11.998	-335.76
11.72	-360.35
11.446	-386.11
11.069	-385.45
10.826	-438.18
10.521	-467.00
10.232	-495.29
9.9202	-522.96
9.6362	-551.14
9.3348	-579.50
9.0452	-607.80
8.7382	-637.69
8.437	-667.08
8.1326	-696.64
7.8331	-726.15
7.5406	-756.57
7.2306	-785.93
6.9617	-815.22
6.6643	-844.81
6.4197	-869.77
6.1838	-892.46
5.8957	-918.52
5.6945	-921.69
5.4942	-907.29
5.4616	-829.85
5.6745	-740.57
5.9944	-655.54
6.3137	-574.71
6.6071	-500.14
6.937	-428.12
7.3456	-355.41
7.6094	-310.56
7.9292	-258.87
8.3263	-193.63
8.7585	-125.90
9.0629	-83.25
9.2865	-57.30
9.4865	-43.95
9.7063	-10.62
9.9311	21.72
10.169	54.10
10.416	86.42
10.659	116.30
10.899	147.67
11.151	178.46
11.41	208.53
11.613	233.27
11.826	256.16
12.101	287.57
12.316	309.92
12.526	333.60
12.742	355.37
12.465	271.70
12.541	248.96
12.668	301.96
12.876	349.82
13.126	385.18
13.381	416.68
13.61	441.71
13.85	462.26
14.107	484.42
14.37	506.60
14.614	527.94
14.883	548.21
15.157	569.35
15.417	590.63
15.697	610.60
15.981	631.09
16.257	651.50
16.534	671.67
16.817	691.86
17.03	704.71
17.315	724.05
17.523	736.94
17.724	749.80
18.033	768.98
18.326	786.72
18.543	799.36
18.751	810.75
18.961	823.29
19.178	834.97
19.4	846.68
19.608	859.26
19.831	871.33
20.063	882.66
20.29	894.17
20.517	904.66
20.767	916.95
21.012	928.21
21.256	938.38
21.522	949.41
21.777	959.58
22.058	968.17
22.29	960.31
22.535	952.63
22.764	965.36
23.007	976.51
23.245	977.11
23.46	974.81
23.705	967.98
23.909	957.55
23.968	899.01
23.75	845.91
23.447	790.29
23.302	771.91
23.302	771.84
23.215	766.31
23.209	766.53
23.044	704.19
22.832	664.81
22.482	606.06
22.282	572.67
21.959	541.64
21.666	508.43
21.348	471.74
21	432.05
20.574	383.50
20.041	323.68
19.452	259.75
18.821	196.36
18.286	138.58
17.827	91.16
17.438	53.33
17.108	20.33
16.838	-7.90
16.597	-29.25
16.303	-53.74
16.096	-60.07
15.94	-59.60
15.821	-60.49
15.563	-111.64
15.3	-144.09
14.994	-175.52
14.778	-195.14
14.557	-218.74
14.348	-239.65
14.088	-263.98
13.82	-286.46
13.532	-318.12
13.287	-340.17
13.017	-366.45
12.731	-394.37
12.413	-420.05
12.129	-449.72
11.843	-478.31
11.558	-506.92
11.274	-535.42
10.981	-563.95
10.69	-593.04
10.401	-621.82
10.099	-651.27
9.7974	-680.77
9.5209	-710.83
9.228	-741.44
8.9274	-770.82
8.6282	-800.88
8.358	-830.60
8.069	-859.23
7.8176	-881.96
7.5834	-903.11
7.3179	-928.58
7.112	-916.50
7.1582	-860.87
7.3006	-792.33
7.5537	-721.30
7.7879	-663.64
8.1158	-588.43
8.4535	-510.54
8.6551	-467.35
8.978	-410.47
9.3546	-347.23
9.7861	-278.11
10.346	-191.80
10.827	-126.67
11.114	-89.84
11.357	-62.37
11.562	-51.44
11.779	-17.35
12.02	16.70
12.252	49.45
12.501	79.95
12.745	109.26
12.989	139.16
13.26	171.26
13.536	201.44
13.747	225.32
13.957	248.66
14.171	271.39
14.394	294.99
14.599	316.50
14.255	163.57
14.268	218.88
14.47	277.98
14.735	324.11
14.991	357.35
15.209	379.74
15.435	402.64
15.67	425.33
15.927	447.35
16.165	468.97
16.409	490.68
16.68	512.29
16.951	533.14
17.219	554.28
17.482	574.91
17.768	595.32
18.042	615.18
18.321	635.18
18.523	649.02
18.796	668.87
19.079	687.99
19.289	700.98
19.571	721.14
19.774	734.26
19.98	746.93
20.271	767.36
20.568	786.34
20.776	798.37
20.992	811.65
21.193	823.45
21.407	836.80
21.61	848.81
21.846	860.63
22.069	871.73
22.279	883.17
22.531	894.63
22.768	906.00
23.01	916.29
23.264	927.72
23.507	938.39
23.785	948.21
24.068	958.32
24.336	967.17
24.625	976.86
24.951	984.79
25.274	992.89
25.599	1000.50
25.966	1007.10
26.362	1011.80
26.772	1015.40
26.981	1017.40
27.204	1019.30
27.451	1019.40
27.705	1020.10
27.952	1020.80
28.192	1021.20
28.452	1021.90
28.676	1019.70
28.882	1016.20
29.2	1008.10
29.44	996.07
29.675	985.80
29.904	975.79
30.134	966.32
30.337	922.86
30.538	912.67
30.739	902.76
30.94	893.37
31.143	883.22
31.353	882.36
31.582	903.28
31.793	919.08
32.039	931.53
32.372	942.10
32.679	951.31
33.077	957.85
33.477	962.80
33.708	965.31
33.943	968.05
34.166	968.88
34.415	969.67
34.69	970.10
34.93	966.77
35.198	954.67
35.432	944.45
35.643	934.59
35.846	926.54
36.05	882.16
35.66	779.70
35.392	719.81
35.111	678.64
34.84	633.98
34.539	587.93
34.067	537.41
33.75	506.40
33.406	472.25
33.039	433.30
32.54	386.03
31.933	330.88
31.257	269.66
30.512	204.94
29.717	134.82
28.724	49.96
27.925	-8.30
27.389	-44.73
27.01	-65.29
26.634	-84.14
26.361	-95.58
26.126	-98.75
25.917	-100.04
25.715	-101.94
25.453	-126.50
25.172	-150.84
24.952	-170.99
24.659	-190.30
24.411	-206.45
24.202	-217.85
23.941	-237.54
23.61	-257.68
23.271	-278.53
22.952	-297.66
22.681	-311.13
22.437	-324.93
22.127	-346.37
21.754	-366.80
21.41	-389.77
21.202	-401.08
20.804	-424.97
20.579	-433.18
20.177	-460.66
19.966	-472.91
19.559	-498.12
19.358	-510.35
18.948	-535.03
18.741	-547.48
18.341	-571.84
18.136	-584.16
17.734	-608.86
17.519	-621.33
17.118	-647.48
16.909	-659.72
16.508	-685.94
16.292	-698.36
15.906	-724.28
15.682	-736.64
15.475	-750.21
14.966	-776.27
14.665	-802.19
14.442	-815.13
14.055	-840.98
13.854	-854.33
13.476	-880.62
13.26	-892.95
12.903	-918.77
12.567	-939.28
12.313	-950.57
12.095	-937.94
11.888	-924.37
11.92	-865.25
12.02	-807.23
12.253	-754.13
12.46	-702.23
12.683	-651.94
12.953	-601.22
13.195	-546.68
13.535	-482.02
13.815	-447.02
14.133	-396.84
14.633	-326.75
15.269	-245.85
15.9	-172.43
16.301	-126.53
16.559	-100.45
16.775	-84.14
16.975	-71.76
17.182	-53.05
17.393	-31.45
17.638	-0.88
17.922	29.62
18.135	52.64
18.349	74.61
18.562	95.89
18.776	117.93
18.998	140.10
19.225	161.11
19.459	179.09
19.716	202.35
19.969	225.12
20.212	246.40
20.466	267.06
20.73	288.27
20.997	309.07
20.681	187.22
20.775	238.37
20.985	277.59
21.233	313.83
21.46	336.50
21.739	356.63
21.943	370.38
22.209	390.40
22.417	404.61
22.701	424.42
22.925	437.64
23.214	457.06
23.433	469.81
23.639	482.57
23.857	495.81
24.074	508.27
24.279	520.12
24.518	533.07
24.719	545.60
24.94	557.47
25.157	569.36
25.387	581.59
25.63	593.74
25.834	605.19
26.061	616.38
26.303	628.69
26.509	640.52
26.771	651.80
27.005	663.27
27.247	674.68
27.503	685.54
27.762	696.74
28.012	707.46
28.252	717.92
28.497	728.40
28.754	739.35
28.998	750.35
29.284	760.52
29.547	770.64
29.816	780.40
30.096	790.72
30.372	799.97
30.657	809.41
30.949	818.72
31.237	827.90
31.526	837.25
31.846	844.86
32.166	853.59
32.494	862.24
32.834	869.26
33.187	876.54
33.532	883.64
33.889	889.85
34.091	893.09
34.361	890.47
34.584	878.73
34.784	870.54
34.985	860.57
35.185	851.90
35.389	842.78
35.642	833.76
35.862	840.56
35.985	778.82
35.732	713.26
35.52	675.43
35.225	630.84
35.022	596.96
34.768	556.69
34.515	516.55
34.091	477.72
33.64	431.71
33.07	375.93
32.42	314.41
31.752	250.87
31.076	189.63
30.441	135.46
29.876	85.79
29.303	35.65
28.683	-18.31
28.2	-55.28
27.872	-76.26
27.669	-86.81
27.435	-98.12
27.224	-104.91
27.023	-104.42
26.819	-118.95
26.568	-144.93
26.358	-162.89
26.097	-184.51
25.808	-207.02
25.506	-229.83
25.199	-250.41
24.874	-273.03
24.592	-291.42
24.264	-312.70
23.962	-334.51
23.635	-355.00
23.383	-367.25
23.124	-386.43
22.872	-400.50
22.516	-397.52
22.206	-447.05
21.816	-473.10
21.615	-485.81
21.23	-511.34
20.864	-537.04
20.473	-561.88
20.268	-574.88
19.884	-600.29
19.503	-625.29
19.113	-651.35
18.909	-664.65
18.525	-691.19
18.117	-717.57
17.913	-730.55
17.712	-743.20
17.332	-770.51
16.928	-797.30
16.725	-810.62
16.36	-837.45
15.968	-863.30
15.586	-890.16
15.231	-916.45
14.869	-940.42
14.585	-957.34
14.365	-956.23
14.326	-890.14
14.564	-804.20
14.983	-712.29
15.252	-654.88
15.543	-592.26
15.929	-517.40
16.501	-438.71
17.137	-354.34
17.967	-252.22
18.755	-164.36
19.238	-113.65
19.442	-93.45
19.645	-86.11
19.854	-72.17
20.12	-38.47
20.37	-8.26
20.602	14.20
20.888	43.91
21.164	72.84
21.399	94.54
21.613	115.59
21.841	137.15
22.098	160.00
22.336	181.16
22.573	202.79
22.83	224.40
23.087	245.59
23.354	265.96
23.613	287.24
23.894	307.65
24.101	320.33
24.386	339.91
24.587	353.94
24.867	373.69
25.076	386.56
24.806	264.30
24.887	314.92
25.099	352.18
25.335	387.63
25.598	409.77
25.886	430.62
26.18	449.60
26.466	469.90
26.671	483.45
26.871	496.61
27.081	508.62
27.307	522.13
27.517	534.42
27.729	546.21
27.954	557.95
28.198	569.92
28.403	582.51
28.636	594.80
28.877	605.60
29.089	617.64
29.325	629.72
29.575	641.04
29.794	652.87
30.038	663.25
30.296	675.02
30.514	686.21
30.776	697.58
31.032	708.58
31.256	719.28
31.523	729.41
31.777	740.89
32.043	751.44
32.322	761.16
32.604	773.07
32.866	781.86
33.149	791.93
33.474	802.75
33.815	813.10
34.105	821.16
34.428	830.30
34.784	839.23
35.103	846.49
35.433	854.40
35.793	861.78
36.142	867.82
36.529	873.35
36.853	875.67
37.119	877.11
37.417	878.55
37.701	880.82
37.969	882.18
38.275	883.11
38.578	884.75
38.928	884.68
39.257	885.74
39.627	885.57
39.887	872.82
40.116	863.10
40.331	854.58
40.536	844.70
40.747	836.10
40.957	826.80
41.163	816.48
41.392	810.09
41.595	821.63
41.846	830.70
42.097	836.61
42.317	840.72
42.562	844.88
42.838	847.97
43.048	850.52
43.297	853.32
43.543	854.36
43.834	854.78
44.116	855.17
44.412	853.75
44.663	851.97
44.96	851.62
45.245	850.44
45.568	848.11
45.86	846.18
46.125	842.28
46.355	838.80
46.659	833.99
46.879	832.01
47.139	825.83
47.358	815.99
47.586	806.91
47.806	797.25
48.024	787.89
47.956	700.50
47.523	624.90
47.213	573.98
46.966	531.55
46.71	494.13
46.502	466.90
46.28	432.23
46.033	409.01
45.757	384.55
45.485	360.15
45.195	334.09
44.9	306.72
44.573	278.26
44.239	248.78
43.879	218.46
43.522	187.83
43.153	156.84
42.733	121.68
42.222	78.71
41.324	3.43
40.466	-57.57
39.893	-95.01
39.348	-126.23
39.087	-138.77
38.834	-147.02
38.626	-149.66
38.415	-150.49
38.148	-152.76
37.904	-180.01
37.594	-205.79
37.308	-225.25
36.972	-246.72
36.604	-267.01
36.265	-283.92
36.009	-297.50
35.714	-313.12
35.335	-332.87
34.961	-352.50
34.557	-371.90
34.184	-388.54
33.92	-399.44
33.554	-419.37
33.238	-433.72
33.031	-445.79
32.777	-431.88
32.551	-463.97
32.329	-476.40
32.099	-488.06
31.88	-499.67
31.634	-511.06
31.392	-522.41
31.132	-534.00
30.905	-545.39
30.666	-556.55
30.418	-567.12
30.188	-579.01
29.949	-589.51
29.696	-601.09
29.452	-611.82
29.207	-622.94
28.966	-634.02
28.74	-645.51
28.494	-656.56
28.263	-668.03
28.027	-679.18
27.779	-690.96
27.538	-702.20
27.289	-713.64
27.051	-725.23
26.788	-736.66
26.549	-748.44
26.282	-759.69
26.051	-771.25
25.803	-782.70
25.563	-794.13
25.325	-805.71
25.089	-817.05
24.862	-829.30
24.621	-840.52
24.376	-852.18
24.136	-863.52
23.897	-875.15
23.655	-886.57
23.418	-897.97
23.181	-909.14
22.947	-921.39
22.71	-931.56
22.484	-942.02
22.253	-953.47
22.046	-962.21
21.675	-978.92
21.459	-979.29
21.228	-970.14
21.151	-904.97
21.229	-852.16
21.507	-787.69
21.815	-726.04
22.109	-669.96
22.406	-614.46
22.749	-551.95
22.966	-536.21
23.282	-489.02
23.614	-446.10
24.059	-392.80
24.702	-316.99
25.631	-220.57
26.325	-153.86
26.639	-128.03
26.857	-120.15
27.064	-113.72
27.302	-88.79
27.557	-61.76
27.769	-40.34
28.009	-18.71
28.233	3.58
28.46	24.34
28.701	44.78
28.953	65.40
29.195	85.25
29.449	106.93
29.724	126.93
29.984	146.72
30.255	167.48
30.467	181.02
30.75	198.77
30.967	211.73
31.258	231.12
31.471	243.59
31.675	257.38
31.896	267.95
32.11	280.56
31.65	159.18
31.826	216.71
32.067	252.90
32.33	287.52
32.598	307.71
32.823	320.36
33.114	339.58
33.347	352.06
33.564	365.29
33.775	377.28
34.012	389.08
34.223	401.69
34.456	413.34
34.699	425.08
34.925	437.03
35.174	447.88
35.413	460.21
35.644	470.87
35.815	476.51
36.036	487.98
36.288	498.81
36.515	510.16
36.795	520.67
37.042	531.76
37.304	542.30
37.569	552.46
37.806	563.46
38.088	573.38
38.349	583.43
38.614	593.64
38.916	603.37
39.179	613.26
39.466	623.12
39.737	632.34
40.036	641.44
40.326	651.25
40.606	660.04
40.935	669.21
41.24	677.88
41.535	686.65
41.869	695.11
42.207	703.21
42.54	710.08
42.878	716.80
43.211	725.14
43.58	732.00
43.93	739.19
44.306	745.21
44.7	750.36
44.902	753.69
45.11	755.73
45.487	761.29
45.695	763.84
45.902	765.40
46.125	767.53
46.354	769.02
46.571	771.07
46.83	761.28
47.034	752.45
47.267	741.55
47.502	735.32
47.712	730.13
47.922	721.69
47.982	657.52
47.791	603.19
47.488	549.87
47.168	501.54
46.928	461.96
46.585	408.63
45.818	319.85
44.669	212.77
43.437	100.50
42.196	-3.17
41.359	-67.30
40.816	-105.22
40.576	-113.94
40.178	-144.65
39.945	-153.81
39.729	-156.33
39.527	-166.92
39.327	-186.30
39.041	-211.89
38.783	-231.50
38.49	-253.98
38.155	-275.83
37.929	-286.21
37.681	-301.60
37.398	-321.67
37.05	-342.79
36.704	-362.13
36.36	-382.25
36.096	-392.85
35.782	-412.12
35.489	-427.61
35.12	-451.62
34.914	-463.61
34.711	-475.64
34.491	-486.96
34.275	-498.25
33.99	-487.36
33.588	-534.18
33.376	-545.17
33.153	-559.99
32.929	-570.14																									
32.711	-582.36																									
32.487	-594.10																									
32.27	-605.84																									
32.051	-617.30																									
31.833	-629.78																									
31.612	-641.11																									
31.395	-654.23																									
31.173	-667.47																									
30.956	-675.76																									
30.73	-689.78																									
30.507	-700.97																									
30.28	-712.63																									
30.062	-726.20																									
29.825	-737.71																									
29.597	-750.12																									
29.359	-762.49
29.13	-772.98
28.905	-786.02
28.68	-797.92
28.452	-808.98
28.218	-822.05
27.99	-834.54
27.756	-846.30
27.532	-858.44
27.303	-871.09
27.085	-881.88
26.86	-895.27
26.63	-906.88
26.403	-918.61
26.176	-929.81
25.959	-943.60
25.737	-954.84
25.521	-966.36
25.303	-977.03
25.081	-985.85
24.798	-993.31
24.588	-980.65
24.387	-965.76
24.272	-912.08
24.513	-816.78
24.75	-765.51
25.039	-708.85
25.363	-646.61
25.664	-583.82
26.114	-516.17
26.778	-436.17
27.64	-335.60
28.72	-222.97
29.374	-162.04
29.664	-138.25
29.893	-128.89
