Hakim_Kono 2002 Column L1N60																													
2015																													
-0.188399	4.45																												
-0.20659	4.27																												
-0.221244	14.54																												
-0.198713	14.39																												
-0.21188	14.56																												
-0.205692	14.69																												
-0.221197	14.78																												
-0.209556	14.62																												
-0.214054	14.74																												
-0.204805	14.64																												
-0.206992	14.79																												
-0.203794	14.55																												
-0.199409	14.49																												
-0.212322	14.79																												
-0.213956	14.48
-0.189758	14.63
-0.193338	14.45
-0.193636	14.52
-0.191054	14.56
-0.181127	14.55
-0.194176	14.29
-0.176235	14.48
-0.197888	29.69
-0.365252	33.97
-0.062774	37.31
-0.059191	75.62
-0.008276	99.61
0.059813	127.00
0.118085	155.09
0.169882	167.75
0.24084	195.62
0.305427	226.05
0.357153	242.29
0.415977	267.40
0.466379	285.12
0.530243	310.94
0.587873	327.57
0.638842	341.87
0.696901	364.38
0.770185	380.28
0.82216	403.18
0.88453	420.07
0.939847	437.14
1.013425	458.29
1.085184	479.01
1.136461	496.02
1.196811	513.50
1.253314	527.40
1.316887	541.54
1.375306	556.23
1.434904	575.58
1.505248	595.73
1.566431	614.95
1.618713	624.46
1.692061	644.58
1.755294	665.23
1.831905	680.27
1.90679	682.43
1.976055	696.79
2.03672	707.55
2.073498	701.63
2.082338	697.94
2.111967	697.25
2.16276	715.00
2.23851	736.31
2.304266	752.14
2.359923	766.44
2.424808	777.96
2.4772	794.05
2.537932	804.12
2.614206	822.11
2.690575	837.27
2.742575	845.66
2.808433	860.72
2.86594	871.54
2.918628	872.31
2.977488	872.52
3.032439	842.25
2.979073	757.73
2.874393	719.25
2.815285	697.40
2.721585	670.66
2.633841	641.56
2.546154	610.91
2.446639	581.40
2.338826	546.19
2.251107	511.51
2.125536	472.26
2.01514	429.57
1.857779	376.48
1.681868	294.18
1.390357	189.81
1.168883	118.47
0.996267	75.03
0.926575	48.71
0.857793	33.16
0.774654	17.32
0.722805	1.60
0.522253	-5.11
0.471425	-61.14
0.369092	-85.40
0.295771	-107.61
0.20649	-136.75
0.153008	-156.61
0.073575	-177.65
-0.007999	-205.35
-0.06011	-218.90
-0.13114	-233.07
-0.195626	-262.28
-0.270918	-276.57
-0.327147	-291.10
-0.420003	-322.17
-0.488409	-337.11
-0.547361	-352.95
-0.602688	-368.87
-0.677514	-384.71
-0.747375	-401.07
-0.848493	-432.92
-0.925208	-448.36
-0.985563	-463.54
-1.083052	-491.07
-1.157739	-504.55
-1.221543	-518.08
-1.329002	-546.62
-1.397245	-559.38
-1.461749	-572.98
-1.578674	-600.83
-1.650421	-615.12
-1.702194	-629.14
-1.82513	-656.30
-1.882158	-664.22
-1.968109	-682.17
-2.074293	-701.97
-2.171723	-721.93
-2.259787	-741.49
-2.311063	-751.41
-2.368971	-760.56
-2.479336	-780.45
-2.578589	-800.44
-2.633642	-810.19
-2.738317	-829.03
-2.789799	-838.34
-2.847608	-847.32
-2.937574	-864.23
-3.040712	-874.16
-3.081281	-813.25
-2.839671	-686.91
-2.365616	-514.04
-2.201795	-474.95
-2.04234	-413.54
-1.831696	-335.87
-1.529834	-231.01
-1.276661	-151.34
-1.141631	-114.71
-1.08575	-109.39
-1.029068	-83.70
-0.963343	-64.64
-0.911603	-49.41
-0.860186	-34.28
-0.807114	-20.43
-0.755328	-13.34
-0.689626	-12.05
-0.6039	12.66
-0.596799	17.64
-0.522573	76.32
-0.454967	103.07
-0.394042	121.54
-0.340196	140.35
-0.289839	149.65
-0.239274	168.61
-0.153531	186.81
-0.067829	215.19
-0.015631	233.99
0.07422	252.23
0.129842	270.16
0.20189	288.43
0.260871	305.93
0.325569	322.87
0.384597	340.34
0.441567	348.26
0.520456	373.68
0.589028	391.06
0.643464	408.12
0.724	424.78
0.780982	441.98
0.851491	459.10
0.907254	476.41
0.990764	493.35
1.044566	511.66
1.136591	528.17
1.290962	545.44
1.354538	563.64
1.405614	598.48
1.492355	614.96
1.549926	632.64
1.631109	649.43
1.750622	667.24
1.807462	701.84
1.889301	718.99
1.946452	735.55
2.008878	750.19
2.060203	751.87
2.13012	772.30
2.18455	789.44
2.247917	799.83
2.330518	818.61
2.387357	838.68
2.473757	852.32
2.528153	866.54
2.598665	879.48
2.654428	891.36
2.732375	907.28
2.795007	920.25
2.868822	932.44
2.929154	917.54
2.985688	928.86
2.932811	786.60
2.863186	765.39
2.810889	744.25
2.728656	723.27
2.664602	702.11
2.600375	681.29
2.524453	660.68
2.437466	626.51
2.347582	604.79
2.285123	578.02
2.162869	546.04
2.108575	526.97
2.052666	499.36
1.998303	485.88
1.909159	459.56
1.834346	432.07
1.725654	401.51
1.617899	368.58
1.480388	335.09
1.419364	316.99
1.367688	299.05
1.283373	281.95
1.215709	263.11
1.156742	243.97
1.064723	223.31
0.976952	203.40
0.923844	181.77
0.828604	160.19
0.748204	128.58
0.625443	85.88
0.491575	54.88
0.377937	25.08
0.32226	11.09
0.265619	5.24
0.198478	-14.72
0.116194	-48.80
0.062246	-63.12
0.000114	-77.02
-0.06941	-102.33
-0.134667	-110.25
-0.189937	-130.19
-0.2503	-154.59
-0.308749	-168.57
-0.37126	-183.59
-0.429174	-198.58
-0.524967	-230.77
-0.586801	-246.64
-0.656539	-262.86
-0.706887	-278.50
-0.758022	-294.83
-0.812581	-310.96
-0.87801	-326.95
-0.951877	-343.66
-1.00934	-360.86
-1.115535	-393.90
-1.190168	-410.60
-1.258719	-427.75
-1.31721	-444.49
-1.427993	-478.69
-1.50326	-495.68
-1.577437	-511.92
-1.64287	-529.94
-1.693728	-546.51
-1.758927	-563.43
-1.8653	-584.90
-1.937018	-605.67
-2.010746	-622.66
-2.091897	-639.64
-2.160107	-656.26
-2.265716	-684.35
-2.316821	-697.37
-2.386307	-709.99
-2.448926	-722.20
-2.529364	-746.55
-2.607486	-763.24
-2.658641	-770.24
-2.712527	-781.89
-2.771266	-793.06
-2.838856	-803.72
-2.892658	-814.15
-2.947522	-812.92
-3.007353	-825.76
-3.013738	-763.17
-2.873192	-681.91
-2.766367	-641.19
-2.716102	-629.98
-2.652259	-584.34
-2.57526	-555.11
-2.467003	-520.18
-2.350974	-484.84
-2.265018	-449.79
-2.170479	-414.27
-2.067072	-379.34
-1.968582	-343.24
-1.86944	-305.69
-1.762385	-268.56
-1.635833	-230.24
-1.508928	-193.28
-1.367498	-155.88
-1.24021	-123.21
-1.146044	-95.93
-1.086546	-74.90
-1.014696	-59.87
-0.95541	-39.41
-0.899345	-29.20
-0.846844	-17.24
-0.846229	-14.48
-0.830709	-14.54
-0.803999	-14.59
-0.786543	-1.12
-0.732806	7.06
-0.659928	32.19
-0.586522	58.04
-0.536389	69.12
-0.481073	88.79
-0.416213	101.75
-0.349446	127.19
-0.248059	149.94
-0.180453	174.59
-0.109802	189.03
0.286958	291.41
0.320137	305.90
0.395717	320.09
0.490575	342.91
0.578647	366.23
0.649981	388.67
0.714432	419.13
0.776919	434.39
0.831965	450.59
0.897511	466.44
0.950189	483.27
1.006328	492.02
1.101487	515.70
1.209886	547.68
1.342629	580.20
1.507565	612.84
1.654026	655.11
1.799444	688.35
1.905115	713.35
2.012895	737.85
2.114066	762.41
2.217959	786.35
2.351911	815.88
2.466147	843.80
2.610037	871.60
2.724914	898.14
2.855816	923.57
2.966074	934.24
3.071195	954.64
3.183575	982.08
3.286624	1005.04
3.397306	1025.54
3.51251	1046.41
3.631247	1066.27
3.765082	1086.41
3.880533	1105.75
3.981468	1121.58
4.084	1133.28
4.192254	1148.78
4.309556	1160.41
4.440049	1178.29
4.542293	1192.95
4.662215	1203.92
4.767162	1216.53
4.89505	1228.24
5.020537	1239.85
5.133129	1251.12
5.256617	1259.86
5.382756	1271.67
5.48562	1280.42
5.596119	1288.22
5.73195	1295.89
5.834979	1300.08
5.93984	1292.06
6.054932	1283.43
6.064334	1234.67
5.93584	1134.70
5.815389	1102.46
5.666076	1081.25
5.542538	1081.64
5.595306	1078.82
5.573381	1073.95
5.458868	997.68
5.332333	956.07
5.216959	923.73
5.075839	877.60
4.950635	853.20
4.849987	827.32
4.704795	784.13
4.595795	753.09
4.439901	722.84
4.292906	691.77
4.130773	659.79
3.971102	625.28
3.818751	585.19
3.6452	543.35
3.539478	520.20
3.427608	495.36
3.314983	468.28
3.195486	441.37
3.064603	411.87
2.918049	377.10
2.733676	331.53
2.506162	274.28
2.243191	213.21
2.06078	161.65
1.90571	136.31
1.636976	54.78
1.52465	29.03
1.408692	11.43
1.307611	0.82
1.163567	-38.62
1.026863	-76.02
0.924062	-106.98
0.798868	-131.55
0.684381	-166.03
0.544901	-191.91
0.40232	-232.18
0.279431	-260.28
0.172936	-289.85
0.042356	-319.54
-0.11074	-349.72
-0.216442	-381.60
-0.35137	-414.57
-0.50083	-446.32
-0.657281	-478.17
-0.796393	-510.06
-0.933784	-542.48
-1.054729	-575.59
-1.223829	-606.88
-1.385433	-638.84
-1.517262	-671.51
-1.668186	-704.59
-1.845679	-737.37
-2.015105	-770.60
-2.146631	-802.60
-2.334809	-834.99
-2.536698	-865.78
-2.676332	-897.80
-2.776827	-913.18
-2.880161	-927.89
-2.990945	-943.05
-3.161982	-971.90
-3.342327	-1001.06
-3.460483	-1015.27
-3.579262	-1029.91
-3.709038	-1042.64
-3.828928	-1056.01
-3.947618	-1068.69
-4.142718	-1080.57
-4.412224	-1102.60
-4.624843	-1110.59
-4.874683	-1118.32
-5.130411	-1123.26
-5.426884	-1127.65
-5.831588	-1124.00
-6.13127	-1117.48
-6.312398	-1107.44
-6.045312	-924.47
-4.736622	-612.86
-3.285988	-335.01
-3.185464	-344.00
-3.072064	-287.22
-2.799208	-222.05
-2.598507	-177.71
-2.391309	-138.86
-2.243075	-104.35
-2.113114	-76.79
-2.012347	-55.94
-1.878963	-22.70
-1.777459	-11.85
-1.675241	1.23
-1.554458	32.72
-1.416076	57.46
-1.277326	92.13
-1.152085	121.18
-1.009642	151.90
-0.889178	174.52
-0.781505	196.88
-0.669803	220.24
-0.546165	242.27
-0.417666	264.62
-0.304667	296.18
-0.193011	310.69
-0.081573	334.74
0.063368	365.50
0.166262	380.17
0.301386	411.43
0.402128	426.89
0.561565	457.55
0.673471	481.14
0.820551	504.34
0.980612	536.06
1.094898	559.22
1.216814	582.75
1.319332	598.39
1.439828	622.15
1.557706	645.25
1.701091	669.28
1.862984	699.50
1.993359	722.28
2.111709	746.00
2.265511	768.23
2.397573	790.76
2.511179	812.47
2.62417	833.41
2.769123	853.39
2.899375	880.07
3.0313	898.27
3.131987	912.51
3.244916	926.22
3.365035	943.42
3.486446	968.21
3.628475	987.51
3.734232	1008.01
3.849071	1027.74
3.950551	1041.41
4.100179	1067.43
4.212779	1087.74
4.339419	1101.00
4.46377	1121.20
4.59231	1140.40
4.716689	1160.86
4.841626	1173.51
4.985536	1194.52
5.101322	1207.95
5.207157	1219.82
5.320585	1230.28
5.440783	1239.78
5.551711	1252.37
5.65284	1261.04
5.759283	1269.63
5.859768	1278.91
5.960205	1282.80
6.039961	1207.20
5.957534	1175.23
5.958447	1174.83
5.85744	1113.86
5.719189	1082.85
5.569568	1046.08
5.456528	1023.75
5.347918	998.35
5.194019	953.14
5.027286	916.29
4.898969	877.66
4.753724	846.07
4.597665	809.18
4.497421	788.31
4.322697	756.59
4.221972	735.56
4.06138	703.44
3.918531	671.97
3.797686	651.63
3.627183	619.51
3.467018	584.80
3.327724	561.34
3.217603	536.33
3.089343	511.80
2.96057	485.87
2.860353	472.81
2.750457	443.59
2.650272	430.40
2.550111	401.69
2.442455	387.20
2.306389	359.27
2.149939	330.81
2.038768	303.60
1.880166	276.37
1.77319	250.22
1.609966	225.58
1.442632	190.67
1.300873	158.29
1.136388	129.57
1.016676	94.88
0.874054	68.31
0.753505	48.47
0.597112	20.52
0.493977	5.81
0.386622	-0.46
0.249903	-36.62
0.136133	-60.91
0.031258	-81.12
-0.079822	-98.57
-0.188467	-122.87
-0.2987	-142.65
-0.400342	-169.51
-0.525693	-189.24
-0.62664	-209.36
-0.745667	-236.60
-0.88529	-259.19
-0.988499	-285.41
-1.110339	-304.94
-1.237771	-327.73
-1.345036	-347.42
-1.490417	-373.02
-1.616861	-398.27
-1.735067	-422.89
-1.84974	-439.78
-1.997613	-463.68
-2.129711	-488.13
-2.273017	-510.41
-2.428025	-538.26
-2.529523	-559.77
-2.630299	-576.57
-2.745249	-591.28
-2.845888	-609.49
-2.984804	-631.04
-3.091681	-652.30
-3.201477	-670.19
-3.312673	-686.05
-3.418544	-703.87
-3.521755	-717.65
-3.637371	-730.79
-3.758951	-750.76
-3.87616	-766.74
-3.978614	-780.43
-4.081146	-788.96
-4.185979	-802.83
-4.325427	-822.17
-4.442922	-838.87
-4.549023	-850.67
-4.65207	-862.33
-4.771344	-878.29
-4.893182	-890.03
-5.015781	-904.76
-5.122638	-915.13
-5.262374	-929.35
-5.377665	-942.07
-5.480988	-951.49
-5.603731	-959.17
-5.707125	-966.12
-5.808669	-973.19
-5.927723	-970.46
-6.030266	-962.33
-6.046933	-942.41
-5.998125	-869.81
-5.966214	-870.04
-5.989319	-868.51
-6.032698	-860.72
-6.244785	-859.69
-6.09521	-860.25
-5.928086	-798.46
-5.819771	-771.40
-5.713525	-744.08
-5.610672	-716.73
-5.500008	-686.82
-5.381547	-656.79
-5.274233	-627.22
-5.160626	-598.17
-5.048216	-569.45
-4.926292	-539.94
-4.789816	-510.48
-4.608721	-480.99
-4.459012	-450.00
-4.289266	-417.49
-4.145281	-384.93
-3.921851	-342.01
-3.620561	-281.05
-3.288009	-213.64
-2.95694	-149.58
-2.620386	-84.48
-2.317023	-31.59
-2.183819	-15.15
-2.080285	-9.68
-1.978243	3.88
-1.875888	25.76
-1.742327	61.00
-1.614749	88.18
-1.504126	109.21
-1.393613	131.68
-1.259366	154.00
-1.155425	176.90
-1.019459	199.09
-0.873849	228.88
-0.745795	251.99
-0.631631	274.06
-0.51988	297.25
-0.387425	318.82
-0.280931	333.95
-0.146391	364.25
-0.014645	387.50
0.126403	410.25
0.248033	432.45
0.351426	455.72
0.446352	471.08
0.592733	502.01
0.747306	516.83
0.881721	548.43
0.985604	571.17
1.090909	586.01
1.199915	601.49
1.311195	624.87
1.470568	647.25
1.580863	662.45
1.691808	685.71
1.826535	708.29
1.941433	722.77
2.066081	746.48
2.187163	767.47
2.307774	781.34
2.409254	795.74
2.549214	823.15
2.658721	835.80
2.785705	860.73
2.90744	872.65
3.007616	890.09
3.135468	904.29
3.254357	922.50
3.374538	942.98
3.474868	954.33
3.621518	978.62
3.745337	999.18
3.846605	1011.44
3.960392	1032.81
4.077753	1045.19
4.204781	1064.27
4.309441	1083.52
4.43011	1097.07
4.587807	1123.59
4.714619	1135.54
4.829769	1155.89
4.949101	1168.78
5.064507	1182.39
5.207129	1202.24
5.344107	1215.41
5.513006	1234.75
5.644503	1247.46
5.813737	1266.37
5.929678	1275.65
6.052802	1283.29
6.153773	1289.95
6.273043	1299.16
6.417169	1306.27
6.530323	1309.91
6.672919	1310.09
6.7796	1311.89
6.889024	1314.54
7.002038	1318.53
7.106043	1320.00
7.242931	1323.80
7.363527	1327.58
7.487616	1330.62
7.613453	1330.95
7.743702	1335.09
7.890047	1335.79
8.035461	1334.96
8.173511	1335.36
8.321986	1337.70
8.42241	1336.07
8.561843	1338.76
8.672844	1333.50
8.79858	1327.81
8.918415	1320.65
9.033771	1313.81
9.097048	1301.76
9.098388	1256.62
8.942761	1201.50
8.840356	1184.99
8.860475	1181.63
8.841452	1181.89
8.669146	1177.26
8.531014	1079.96
8.426031	1059.70
8.3174	1039.53
8.196668	1009.06
8.084154	988.66
7.978959	968.95
7.839677	938.59
7.738218	917.96
7.623881	898.54
7.484475	862.93
7.341064	842.01
7.227659	828.19
7.096778	805.72
6.970943	784.44
6.858709	769.96
6.712065	748.25
6.581129	726.42
6.447465	705.43
6.292629	683.98
6.178868	669.98
6.06377	646.89
5.902249	626.18
5.7924	602.65
5.67826	591.43
5.558744	567.91
5.457995	556.55
5.326811	532.66
5.179439	515.54
5.072237	498.02
4.923702	474.84
4.811026	456.34
4.680372	439.05
4.516425	411.08
4.395841	392.61
4.275759	373.46
4.162473	355.50
4.043687	337.39
3.902988	319.22
3.745155	292.98
3.627443	274.51
3.51109	255.48
3.384981	236.78
3.270634	217.69
3.119238	196.08
2.985614	174.05
2.827963	152.30
2.678587	124.42
2.562193	109.11
2.449738	89.15
2.334911	73.52
2.226624	54.54
2.092244	30.57
1.98414	12.94
1.884017	5.19
1.780213	-1.95
1.667996	-22.25
1.565673	-43.10
1.462767	-61.01
1.345918	-79.18
1.244201	-98.15
1.139396	-107.98
1.024935	-126.59
0.904383	-149.48
0.781797	-168.85
0.679007	-187.48
0.573911	-204.24
0.450829	-222.63
0.348337	-239.31
0.230609	-258.27
0.109328	-278.61
-0.036638	-296.15
-0.155423	-314.66
-0.29162	-334.04
-0.419395	-354.28
-0.552003	-373.44
-0.652421	-392.17
-0.771499	-406.88
-0.910317	-426.50
-1.037297	-448.29
-1.158802	-466.92
-1.311832	-485.55
-1.417984	-504.26
-1.525086	-518.18
-1.643922	-537.14
-1.765111	-556.08
-1.883708	-566.34
-2.011297	-583.94
-2.124033	-602.24
-2.274799	-620.55
-2.419983	-641.35
-2.557214	-660.12
-2.637291	-669.96
-2.771772	-684.92
-2.920441	-705.36
-3.057552	-726.64
-3.207088	-740.85
-3.30937	-755.54
-3.460648	-770.28
-3.621185	-790.07
-3.759476	-805.49
-3.926602	-823.74
-4.055552	-837.83
-4.182267	-851.45
-4.291704	-861.34
-4.411928	-875.87
-4.512507	-882.81
-4.625587	-892.04
-4.768269	-903.81
-4.912591	-916.82
-5.051776	-928.53
-5.205362	-940.24
-5.331747	-949.20
-5.451065	-955.00
-5.594143	-968.51
-5.725249	-976.39
-5.831661	-982.83
-5.946825	-992.06
-6.092015	-998.24
-6.272355	-1009.97
-6.379688	-1011.62
-6.506608	-1003.95
-6.620391	-995.94
-6.710684	-990.67
-6.774775	-986.53
-6.889659	-989.05
-7.022394	-999.19
-7.139349	-1006.16
-7.275884	-1008.48
-7.383543	-1012.50
-7.519876	-1018.06
-7.550264	-1018.60
-7.661453	-1022.89
-7.767861	-1025.86
-7.884528	-1025.98
-8.010143	-1027.22
-8.116617	-1028.50
-8.228865	-1030.71
-8.342855	-1031.76
-8.453971	-1033.00
-8.569543	-1036.46
-8.669694	-1041.56
-8.796002	-1041.85
-8.897855	-1040.48
-8.992028	-1034.46
-9.053898	-981.18
-8.957319	-923.65
-8.84988	-913.13
-8.834315	-913.23
-8.83224	-912.92
-9.110811	-908.67
-8.994924	-908.85
-9.292954	-904.98
-9.134974	-905.69
-9.025711	-905.86
-8.898604	-906.46
-8.762967	-826.73
-8.660871	-798.72
-8.516576	-768.22
-8.403081	-742.46
-8.292125	-716.18
-8.174778	-691.03
-8.069155	-665.18
-7.945424	-640.49
-7.835002	-616.50
-7.673202	-594.03
-7.527321	-571.62
-7.375383	-549.12
-7.23896	-526.62
-7.129855	-504.49
-6.980411	-482.49
-6.839129	-460.37
-6.698752	-438.46
-6.557335	-416.53
-6.417431	-394.17
-6.221628	-363.13
-6.112143	-347.39
-6.004563	-332.21
-5.903431	-316.70
-5.703918	-286.79
-5.525187	-257.61
-5.336001	-228.19
-5.228592	-213.14
-5.012156	-183.17
-4.826152	-153.91
-4.714024	-147.12
-4.587276	-126.89
-4.381484	-95.00
-4.199591	-65.53
-4.054734	-44.95
-3.948646	-31.24
-3.818738	-8.10
-3.718493	-5.44
-3.618019	-3.13
-3.516949	16.81
-3.411187	32.09
-3.30096	48.95
-3.199621	66.40
-3.076848	87.10
-2.964303	104.39
-2.830628	123.14
-2.716009	142.62
-2.611166	157.05
-2.468973	175.92
-2.368473	191.33
-2.261326	205.11
-2.150528	221.40
-2.037969	238.56
-1.92758	251.42
-1.813758	273.19
-1.712645	286.36
-1.612044	299.39
-1.48886	316.92
-1.358276	334.40
-1.253437	347.18
-1.134087	364.79
-0.990363	382.01
-0.869383	399.83
-0.763847	412.86
-0.646756	430.14
-0.541902	443.16
-0.415229	460.19
-0.30437	473.06
-0.201852	486.37
-0.077542	503.78
0.054536	521.55
0.161883	534.65
0.277386	547.82
0.382779	560.81
0.51154	578.61
0.625165	591.22
0.725294	604.63
0.834985	618.00
0.964301	634.97
1.073763	647.49
1.174654	660.81
1.277263	673.66
1.39308	686.80
1.542374	703.76
1.644035	716.14
1.77509	732.84
1.887958	745.19
2.018311	762.03
2.125782	773.25
2.267597	789.08
2.382565	804.17
2.485015	814.83
2.585823	825.85
2.695635	838.95
2.81241	850.38
2.919834	859.94
3.034362	870.71
3.142727	880.22
3.267029	892.46
3.397919	905.92
3.520367	921.06
3.644534	934.48
3.760925	948.58
3.892192	962.96
4.025398	978.60
4.129288	989.34
4.253996	1000.41
4.367477	1010.63
4.469329	1021.65
4.627607	1035.17
4.727731	1045.90
4.843428	1056.53
4.971746	1066.50
5.096039	1077.45
5.222475	1088.02
5.322512	1095.00
5.443931	1104.95
5.569781	1115.28
5.675518	1122.62
5.809656	1131.53
5.935696	1142.69
6.043363	1149.30
6.167483	1159.48
6.277228	1166.04
6.395474	1173.56
6.505669	1177.59
6.614358	1183.21
6.721378	1189.19
6.852236	1195.24
6.997544	1201.90
7.118807	1209.50
7.184278	1212.72
7.288733	1219.42
7.409476	1224.77
7.545118	1231.98
7.655217	1235.40
7.758548	1240.76
7.872452	1247.24
7.974965	1252.49
8.10131	1257.39
8.203733	1260.59
8.329449	1262.27
8.431141	1260.85
8.541044	1261.36
8.645772	1261.99
8.753501	1264.41
8.857801	1260.70
8.961961	1259.91
9.032034	1227.64
9.022814	1192.54
8.899009	1136.27
8.753659	1106.70
8.737885	1103.58
8.564581	1103.39
8.419658	1039.64
8.316563	1017.79
8.184304	993.69
8.03703	966.01
7.90751	938.92
7.756265	910.85
7.595905	884.17
7.448415	857.46
7.330788	844.97
7.142144	816.23
7.017197	801.30
6.909789	784.64
6.805343	769.14
6.695987	753.13
6.582695	736.79
6.464623	720.84
6.325218	702.85
6.214258	684.55
6.070099	665.72
5.926588	645.39
5.790449	625.34
5.64138	605.84
5.477727	585.50
5.349224	564.59
5.183669	543.40
5.028394	521.83
4.867871	498.07
4.680556	473.78
4.514957	448.95
4.341802	425.19
4.170817	401.63
4.015844	379.02
3.829011	355.34
3.636932	329.86
3.463025	302.20
3.292744	278.07
3.1018	254.49
2.95227	231.82
2.787221	212.17
2.625045	190.18
2.475928	167.88
2.318522	143.61
2.147937	111.33
1.917231	78.57
1.803698	68.44
1.651214	44.62
1.492619	25.83
1.370498	11.09
1.268462	4.76
1.154005	1.24
1.052487	-13.10
0.932775	-36.44
0.806579	-56.34
0.655658	-78.08
0.529458	-94.84
0.375539	-119.40
0.24155	-139.81
0.127325	-154.03
-0.007177	-172.51
-0.15724	-195.41
-0.320773	-218.55
-0.493004	-242.45
-0.678247	-268.04
-0.877234	-293.98
-0.979348	-306.50
-1.168865	-333.38
-1.386019	-359.48
-1.591199	-387.22
-1.790706	-414.67
-1.900569	-428.04
-2.021377	-441.77
-2.128677	-456.79
-2.231623	-470.37
-2.351308	-482.75
-2.560261	-510.39
-2.682658	-524.35
-2.79046	-538.02
-2.903062	-552.12
-3.033598	-565.08
-3.149155	-579.40
-3.259369	-593.66
-3.377813	-606.96
-3.499175	-621.14
-3.618376	-634.42
-3.743551	-648.89
-3.871618	-660.50
-3.995711	-674.89
-4.209755	-698.46
-4.317337	-707.75
-4.42417	-720.54
-4.533719	-729.29
-4.733332	-748.95
-4.94318	-770.78
-5.067285	-780.13
-5.173476	-789.78
-5.387981	-810.42
-5.498949	-820.94
-5.620799	-831.53
-5.734364	-843.16
-5.86526	-854.49
-5.998878	-866.64
-6.138914	-876.62
-6.254416	-886.28
-6.362481	-893.34
-6.470396	-898.68
-6.615178	-907.53
-6.739824	-911.69
-6.845748	-918.12
-6.952391	-920.53
-7.057428	-926.10
-7.172637	-930.85
-7.324372	-938.45
-7.425836	-944.37
-7.533349	-949.19
-7.639725	-955.02
-7.766074	-962.08
-7.889008	-967.77
-8.004605	-973.32
-8.105993	-978.33
-8.178716	-980.31
-8.290657	-984.47
-8.401774	-987.76
-8.513372	-991.82
-8.619326	-995.67
-8.72156	-999.10
-8.822395	-1002.59
-8.926696	-996.51
-8.997239	-975.07
-8.990998	-956.55
-8.967225	-906.32
-8.85635	-877.33
-8.845332	-876.42
-8.707449	-811.62
-8.593393	-787.74
-8.483599	-760.17
-8.343655	-728.45
-8.171554	-692.27
-7.981772	-649.14
-7.730189	-599.04
-7.398781	-547.97
-7.021359	-487.82
-6.506137	-409.09
-5.931928	-320.97
-5.346421	-231.99
-4.840348	-161.06
-4.431017	-107.93
-4.156233	-69.50
-3.945614	-43.30
-3.823443	-26.62
-3.700105	-12.46
-3.564147	-5.54
-3.451184	-5.26
-3.331831	11.65
-3.198086	37.42
-3.087411	55.06
-2.979259	72.75
-2.845065	91.72
-2.711591	112.49
-2.560456	132.66
-2.423543	152.40
-2.276281	172.54
-2.123828	193.25
-1.98127	214.34
-1.865938	227.76
-1.714781	248.09
-1.609778	262.17
-1.453537	282.95
-1.348918	297.39
-1.239358	310.75
-1.126036	324.08
-1.024204	339.45
-0.922495	352.25
-0.801041	366.77
-0.692556	380.35
-0.585934	394.09
-0.469593	407.96
-0.302094	428.71
-0.150263	449.37
-0.043656	463.07
0.076445	477.74
0.204967	490.96
0.309182	505.57
0.433324	518.98
0.543621	533.69
0.651776	547.14
0.782199	561.79
0.892935	575.12
1.005494	590.02
1.126191	602.98
1.237394	617.02
1.364859	631.34
1.476402	644.64
1.607703	658.40
1.732524	672.56
1.840121	685.80
1.97231	699.59
2.090755	713.33
2.21384	727.29
2.308445	733.78
2.40981	747.03
2.525971	760.55
2.654982	773.26
2.769669	786.49
2.895122	799.06
3.003741	812.08
3.134861	824.54
3.236042	836.64
3.360891	848.12
3.466901	859.86
3.583599	871.43
3.740134	887.50
3.845511	897.58
3.99169	911.37
4.107427	921.40
4.220311	930.48
4.327435	937.17
4.428594	947.26
4.540264	959.33
4.65835	970.47
4.770419	982.85
4.872164	994.01
4.98869	1005.88
5.128489	1017.50
5.240451	1029.17
5.363013	1040.75
5.488766	1051.37
5.619418	1062.92
5.746181	1074.08
5.876082	1084.46
6.013472	1095.87
6.166828	1107.46
6.295612	1119.04
6.458611	1129.69
6.595096	1139.51
6.698565	1145.39
6.833887	1156.32
7.007211	1166.77
7.167212	1177.67
7.34094	1189.45
7.509202	1199.19
7.67477	1211.41
7.783048	1216.61
7.955556	1227.01
8.144161	1237.97
8.313121	1248.08
8.422868	1252.21
8.584211	1259.02
8.704327	1261.72
8.826574	1262.76
8.946869	1262.94
9.070746	1258.30
9.172353	1255.50
9.28462	1253.60
9.385444	1252.03
9.491393	1251.43
9.598211	1251.40
9.725171	1251.53
9.831131	1252.51
9.958953	1253.04
10.061278	1254.44
10.162572	1257.98
10.276254	1260.98
10.401303	1264.78
10.503868	1266.77
10.60677	1273.75
10.712692	1275.72
10.822979	1279.71
10.943671	1281.79
11.057532	1283.58
11.171828	1287.45
11.274578	1290.31
11.378504	1291.07
11.491605	1293.63
11.598548	1294.29
11.702817	1297.15
11.815966	1297.64
11.917656	1300.81
12.028329	1300.44
12.068599	1286.09
12.063853	1258.75
12.087696	1235.45
11.924905	1188.15
11.875007	1160.95
11.728139	1111.51
11.555536	1078.94
11.441049	1061.15
11.245883	1027.73
11.136296	1009.35
11.025952	990.58
10.924352	971.36
10.813968	952.06
10.709958	932.22
10.582742	913.62
10.464681	892.74
10.289444	873.39
10.104885	850.79
9.914965	828.05
9.724257	803.97
9.536763	778.46
9.319419	754.77
9.104366	728.43
8.879328	700.27
8.66017	673.36
8.434687	644.63
8.15611	608.65
7.807176	569.44
7.450041	525.33
7.112599	484.05
6.759107	440.68
6.356905	390.02
5.841958	322.99
5.164652	233.60
4.595025	167.76
4.278868	140.61
4.043059	105.91
3.640147	56.44
3.389484	29.08
3.22818	15.13
3.08243	4.14
2.970902	-1.16
2.85871	-5.52
2.752223	-8.04
2.630752	-33.46
2.499142	-50.92
2.358172	-72.12
2.22396	-86.89
2.122415	-99.83
1.948471	-123.05
1.838095	-136.51
1.707021	-151.77
1.584861	-166.31
1.446109	-185.25
1.280317	-207.62
1.178477	-218.85
0.984647	-241.48
0.797105	-265.32
0.690137	-277.96
0.57523	-290.28
0.368075	-314.84
0.262721	-328.22
0.152066	-340.70
0.030192	-354.22
-0.085181	-366.26
-0.198294	-379.93
-0.318515	-393.38
-0.428961	-406.89
-0.551716	-419.27
-0.670603	-433.48
-0.784916	-446.26
-0.914707	-458.69
-1.035232	-473.20
-1.15088	-486.39
-1.286197	-498.85
-1.404493	-512.05
-1.520437	-525.56
-1.643116	-538.62
-1.778134	-552.45
-1.909098	-564.54
-2.034683	-578.04
-2.17107	-590.96
-2.309783	-603.99
-2.45239	-617.14
-2.585197	-629.93
-2.706908	-644.39
-2.851035	-656.78
-3.003969	-670.23
-3.16194	-684.17
-3.302747	-696.79
-3.45987	-710.21
-3.606066	-724.95
-3.78838	-736.20
-3.927635	-750.57
-4.106625	-763.07
-4.226847	-776.33
-4.398262	-789.49
-4.559429	-802.14
-4.715867	-814.35
-4.871641	-827.20
-5.062969	-840.16
-5.221617	-852.05
-5.407632	-864.76
-5.574326	-878.27
-5.744633	-889.23
-5.933352	-901.21
-6.104241	-912.24
-6.281072	-924.08
-6.473793	-937.41
-6.651	-948.00
-6.845929	-959.92
-7.036411	-971.02
-7.217491	-980.59
-7.363319	-984.66
-7.488024	-987.11
-7.604484	-991.91
-7.708522	-994.10
-7.886938	-999.57
-8.046733	-1006.93
-8.208152	-1009.74
-8.374052	-1018.02
-8.547766	-1021.58
-8.705356	-1031.12
-8.873106	-1033.74																									
-9.017826	-1036.99																									
-9.155772	-1041.80																									
-9.28428	-1045.70																									
-9.398205	-1047.07																									
-9.505563	-1047.25																									
-9.631405	-1046.15																									
-9.770734	-1046.28																									
-9.892743	-1044.13																									
-9.999802	-1044.25																									
-10.127291	-1043.07																									
-10.232495	-1043.41																									
-10.353931	-1043.75																									
-10.399029	-1043.64																									
-10.516477	-1044.38																									
-10.619372	-1045.99																									
-10.751052	-1047.30
-10.856215	-1047.62
-10.924709	-1048.29
-11.037453	-1048.68
-11.161434	-1050.07
-11.265026	-1050.37
-11.365128	-1052.34
-11.489636	-1052.44
-11.597175	-1055.26
-11.706045	-1056.26
-11.820538	-1056.88
-11.920389	-1050.86
-11.977892	-1013.73
-11.981542	-968.74
-11.753397	-916.34
-11.646794	-906.73
-11.497468	-839.97
-11.38091	-812.86
-11.253169	-788.32
-11.136437	-764.01
-11.021635	-740.16
-10.891314	-716.57
-10.767941	-693.17
-10.710117	-681.65
-10.565433	-659.57
-10.462694	-644.57
-10.352073	-629.57
-10.237614	-614.83
-10.124074	-599.78
-10.01011	-584.06
-9.886129	-569.57
-9.781356	-552.34
-9.650381	-534.87
-9.51521	-517.11
-9.390336	-499.53
-9.30137	-490.21
-9.184867	-474.47
-9.083274	-457.51
-8.942353	-440.44
-8.809888	-422.92
-8.665296	-402.53
-8.493105	-382.47
-8.340945	-362.02
-8.177177	-341.64
-8.021127	-320.89
-7.854	-300.66
-7.684318	-279.79
-7.512559	-258.10
-7.331825	-235.36
-7.164205	-212.66
-6.952382	-188.51
-6.764956	-165.16
-6.57728	-142.74
-6.391095	-120.39
-6.221733	-100.83
-6.085195	-84.61
-5.959615	-70.00
-5.848719	-57.88
-5.644815	-33.73
-5.453376	-8.46
-5.332121	-3.34
-5.189496	0.98
-5.088829	1.63
-4.95504	13.95
-4.822567	44.03
-4.706547	59.50
-4.578851	76.83
-4.423482	94.65
-4.268159	114.57
-4.130291	133.65
-4.006163	146.34
-3.84461	165.60
-3.742678	178.32
-3.62785	191.64
-3.493954	204.15
-3.393386	216.90
-3.235882	230.29
-3.086169	256.59
-2.956977	270.03
-2.830045	283.26
-2.686296	296.04
-2.567867	309.02
-2.455274	322.43
-2.324717	335.46
-2.196447	347.95
-2.068439	361.64
-1.934003	375.14
-1.819409	388.45
-1.691478	401.27
-1.568193	414.51
-1.449204	427.43
-1.319239	440.91
-1.18854	454.29
-1.053461	466.71
-0.915952	479.75
-0.78722	493.03
-0.662134	506.88
-0.530706	519.52
-0.39576	533.03
-0.257505	545.88
-0.127701	559.80
-0.001455	572.01
0.142192	585.63
0.2774	598.33
0.430007	611.33
0.552503	624.69
0.688695	637.42
0.829995	650.73
0.954744	663.92
1.094662	676.49
1.237077	689.86
1.378138	702.44
1.508185	715.23
1.647391	727.54
1.801204	740.07
1.944665	752.72
2.072449	764.98
2.215115	776.34
2.35942	788.93
2.494441	800.03
2.655904	812.19
2.787341	822.58
2.928545	834.27
3.075778	844.62
3.209328	854.99
3.357324	865.54
3.505584	875.89
3.636766	885.14
3.753996	893.20
3.875657	901.37
3.999636	907.68
4.158633	915.37
4.291682	922.22
4.415908	930.24
4.528426	935.94
4.633781	944.00
4.73978	953.22
4.878634	963.69
5.012578	973.98
5.1427	984.55
5.29225	995.84
5.448117	1006.34
5.675979	1021.31
5.920616	1036.06
6.16976	1052.08
6.423687	1066.23
6.677829	1080.97
6.950014	1095.54
7.12024	1104.94
7.392923	1119.34
7.660348	1133.08
7.952742	1146.97
8.236172	1160.03
8.756847	1182.80
9.336097	1203.05
9.860963	1218.66
10.378124	1229.78
10.634247	1234.43
10.854295	1235.39
11.21774	1237.33
11.484296	1241.22
11.661624	1243.22
11.816186	1241.36
12.076421	1219.24
11.99447	1159.46
11.474103	1040.40
10.879304	941.79
10.266275	852.37
9.660402	780.51
9.157558	720.62
8.617327	658.69
8.092164	595.82
7.520914	533.48
6.930143	462.88
6.333809	396.57
5.772204	334.96
5.268574	279.56
4.695755	216.81
4.12066	153.93
3.562482	93.71
3.036202	36.60
2.535209	-3.01
2.005674	-67.61
1.494467	-126.13
0.979319	-180.97
0.417392	-244.78
-0.136791	-304.42
-0.736627	-366.31
-1.246268	-418.14
-1.754464	-468.77
-2.285713	-519.89
-2.828502	-570.45
-3.412829	-620.21
-4.038194	-669.91
-4.696072	-718.75
-5.209806	-756.43
-5.719112	-792.14
-6.274831	-827.09
-6.788404	-859.43
-7.288538	-882.74
-7.866619	-912.32
-8.416919	-941.07
-8.952189	-966.30
-9.4683	-957.71
-9.98116	-972.75
-10.510854	-993.00
-11.04659	-1009.65
-11.548538	-1023.63
-11.389671	-781.59
-10.879621	-678.38
-10.239763	-584.23
-9.633382	-500.61
-9.0039	-416.55
-8.328164	-329.70
-7.778575	-265.24
-7.239177	-198.91
-6.699699	-134.90
-6.099265	-67.59
-5.583988	-10.68
-5.060719	22.50
-4.550809	92.34
-4.007441	154.84
-3.493832	212.68
-2.9613	271.63
-2.451246	322.20
-1.873161	381.14
-1.342327	432.24
-0.806488	483.47
-0.260244	535.70
0.289038	587.36
0.851659	638.88
1.430102	689.76
2.001992	740.05
2.56399	787.23
3.091778	826.15
3.655656	865.08
4.18265	895.84
4.755354	930.01
5.276582	968.90
5.839363	1004.31
6.344808	1034.26
6.862444	1062.58
7.428834	1089.89
7.981882	1117.87
8.584215	1145.35
9.096262	1166.21
9.621416	1187.94
10.185319	1207.45
10.776059	1226.76
11.34686	1238.15
11.850033	1214.50
12.369321	1214.74
12.884472	1232.57
13.390773	1245.66
13.9154	1256.54
14.438438	1263.72
14.945248	1266.14
15.488782	1270.50
16.03618	1271.95
16.553939	1270.93
17.093567	1271.04
17.606718	1254.86
18.118196	1228.57
18.626795	1219.40
19.142786	1236.74
19.701713	1245.45
20.205016	1248.93
20.759598	1251.43
21.264988	1250.98
21.800757	1251.03
22.355656	1249.72
22.866992	1247.16
23.367713	1242.08
23.873326	1217.05
23.974047	1123.15
23.42558	1001.28
22.816898	917.07
22.065339	826.66
21.485944	770.12
20.910751	713.55
20.218248	649.43
19.419567	573.95
18.529734	491.59
17.601525	410.72
16.605629	327.73
16.099988	284.51
15.064897	197.39
14.451734	144.39
13.915294	110.00
13.25168	59.68
12.74036	18.95
12.17397	-17.63
11.646261	-36.68
11.144875	-65.47
10.611292	-111.25
10.149485	-123.96
10.011096	-113.50
9.881806	-103.74
9.729558	-94.00
9.54324	-83.60
9.358845	-74.18
8.946212	-56.40
8.493292	-41.98
8.324355	-40.52
8.321722	-41.89
8.265988	-44.18
8.171402	-45.32
8.105581	-47.15
8.017136	-48.49
7.875613	-49.01
7.328859	-106.33
6.759811	-169.01
6.239501	-219.38
5.728792	-269.17
5.165419	-322.75
4.531282	-376.12
4.018001	-423.71
3.467776	-469.53
2.90893	-514.87
2.315099	-560.15
1.683523	-604.04
1.170144	-638.07
0.66059	-671.07
0.113717	-703.73
-0.448023	-736.16
-1.002983	-767.35
-1.604091	-797.95
-2.188008	-828.44
-2.814709	-855.73
-3.405664	-882.26
-3.931325	-889.48
-4.475206	-880.56
-5.00342	-917.79
-5.507707	-944.68
-6.077845	-968.08
-6.705153	-989.36
-7.336548	-1010.47
-8.00247	-1026.41
-8.577367	-1037.20
-9.189445	-1044.46
-9.76885	-1047.88
-10.2961	-1048.33
-10.826486	-1044.72
-11.332986	-1051.53
-11.842631	-1051.31
-12.358605	-1029.27
-12.86051	-1036.23
-13.36355	-1044.10
-13.867557	-1049.59
-14.403199	-1054.98
-14.908309	-1054.92
-15.414375	-1058.55
-15.943621	-1060.19
-16.469892	-1058.09
-16.971069	-1055.01
-17.495168	-1050.11
-18.003864	-1030.44
-18.506651	-1000.10
-19.021156	-1020.44
-19.563862	-1046.65
-20.13389	-1055.44
-20.670571	-1027.84
-21.171247	-1022.63
-21.671401	-1027.73
-22.198698	-1015.79
-22.703904	-1023.13
-23.204478	-1005.68
-23.739424	-1006.76
-23.950754	-918.16
-23.40527	-783.82
-22.859821	-683.67
-22.329292	-615.56
-21.753581	-551.88
-21.169165	-490.81
-20.604647	-430.08
-19.989883	-371.22
-19.399235	-311.39
-18.75172	-252.87
-18.097199	-193.35
-17.552356	-149.59
-16.890527	-93.33
-16.258746	-42.63
-15.654234	3.04
-15.14253	39.97
-14.640855	41.48
-14.121512	94.60
-13.572857	140.86
-13.05079	184.81
-12.529113	223.68
-11.975582	263.54
-11.406468	301.96
-10.847309	341.43
-10.321937	375.22
-9.271305	442.59
-8.249368	500.76
-7.164072	557.90
-5.070942	654.38
-2.986933	740.31
-0.974586	814.02
1.131321	883.33
3.185921	954.83
5.268167	1015.70
7.303947	1067.31
9.368109	1112.88
11.403403	1142.12
13.40881	1163.80
15.467654	1184.20
17.578017	1202.22
19.611588	1195.64
21.374761	1175.64
23.167366	1170.49
23.927629	1071.96
21.827282	762.69
19.79736	573.80
17.671045	394.26
15.545896	232.15
13.514564	94.27
11.509204	-33.05
9.441859	-173.61
7.32478	-317.88
5.244311	-423.19
3.117217	-517.85
1.101212	-599.70
-1.001621	-674.80
-3.014722	-734.53
-5.166286	-795.81
-7.252365	-847.76
-9.411479	-892.29
-11.31084	-925.20
-13.317743	-951.57
-16.246514	-967.06
-17.735584	-967.57
-19.206812	-968.03
-20.473474	-945.92
-21.817068	-941.77
-22.953986	-916.93
-24.008704	-880.80
-23.970864	-829.32
-23.924716	-818.63
-21.666983	-410.41
-21.395618	-381.35
-19.170979	-161.70
-13.281868	-15.72
-12.431621	-14.54
-12.175235	3.79
-12.166048	12.36
-12.152207	18.83
-12.119435	26.36
-12.110706	34.57
-12.082928	42.36
-12.075477	48.75
-11.593929	152.73
-10.567615	255.40
-9.287511	355.72
-7.806445	458.39
-6.173513	563.59
-4.460793	665.81
-2.559662	767.75
-0.545647	858.58
1.463837	926.56
3.532092	992.32
5.594657	1046.22
7.607181	1085.43
9.609355	1117.92
11.723908	1141.67
13.831523	1160.34
15.714384	1168.75
17.558152	1170.20
19.333183	1167.91
20.997081	1158.49
22.544258	1146.73
24.257126	1127.59
26.03951	1094.16
27.620297	1051.64
28.877426	993.94
30.479896	930.28
31.269377	812.51
30.581625	725.63
29.41277	672.48
29.800296	657.66
29.814967	642.57
29.795052	625.13
28.462828	526.93
28.163681	510.72
28.304726	479.69
27.836051	470.43
27.508746	460.45
27.295721	450.66
27.472015	438.94
26.123648	332.20
24.540045	209.51
24.069611	184.86
23.22047	122.64
21.555138	18.82
19.737047	-53.51
19.856436	-53.61
19.002392	-98.22
17.52518	-204.61
15.385405	-309.48
12.985293	-396.36
12.972813	-405.64
10.885615	-476.71
8.854488	-538.37
6.748679	-594.52
4.569233	-648.85
2.993913	-634.24
2.736931	-478.26
3.408346	-354.17
3.876496	-250.86
4.895397	-124.89
5.953248	-37.91
6.01539	-38.73
6.026051	-39.19
