"Bett, Klingner and Jirsa, 1985, Spec. 1-1"	
429	
0	0
0.037958	4.3952
0.075916	10.256
0.14234	19.339
0.18979	23.441
0.27518	27.836
0.3606	32.232
0.41753	35.455
0.47447	38.678
0.52192	42.195
0.54089	43.367
0.50295	41.315
0.47447	35.748
0.40805	26.079
0.3606	19.339
0.29418	12.6
0.1803	1.7581
0.11387	-4.1023
0.094894	-7.0323
0.075916	-12.307
-0.028468	-17.874
-0.11387	-22.855
-0.18979	-26.958
-0.27518	-31.353
-0.3606	-36.627
-0.446	-40.436
-0.50295	-43.952
-0.37958	-34.576
-0.32263	-27.544
-0.23724	-21.683
-0.16132	-12.307
-0.12336	-7.0323
-0.047447	-0.58602
0.028468	6.7396
0.14234	13.772
0.22775	20.218
0.31316	25.492
0.39855	30.474
0.43652	32.525
0.54089	39.557
0.72121	52.157
0.86352	62.703
0.94894	70.616
1.0438	79.699
1.0059	70.029
0.95842	61.534
0.892	54.208
0.77813	44.831
0.64529	32.525
0.55987	24.907
0.47447	18.167
0.37958	11.135
0.27518	2.6371
0.18979	-2.6371
0.085405	-9.9626
0	-16.702
-0.085405	-22.562
-0.32263	-36.92
-0.42702	-44.538
-0.51242	-50.983
-0.64529	-60.359
-0.75916	-68.566
-0.83508	-73.841
-0.92997	-80.58
-1.0059	-86.438
-1.0438	-89.369
-0.99639	-80.874
-0.92997	-73.254
-0.85405	-65.928
-0.75916	-55.671
-0.65476	-46.295
-0.55039	-36.041
-0.43652	-25.492
-0.34163	-16.995
-0.25621	-9.0837
-0.12336	0
0.085405	16.409
0.20877	24.32
0.31316	31.646
0.48397	42.487
0.63579	52.744
0.78763	62.703
0.93944	75.011
1.1672	88.493
1.3665	101.97
1.5468	113.1
1.746	124.53
1.9453	134.79
2.1256	144.46
2.1731	146.8
2.1162	133.91
1.9833	123.65
1.765	110.47
1.5752	97.869
1.4519	89.076
1.2905	78.823
1.1767	70.323
0.94894	56.258
0.81608	47.175
0.71171	39.557
0.58834	30.474
0.4555	21.39
0.3511	14.065
0.23724	5.5671
0.10438	-5.2744
-0.10438	-23.148
-0.27518	-33.697
-0.43652	-44.246
-0.56937	-53.327
-0.65476	-58.896
-0.86352	-75.305
-1.0533	-89.663
-1.2716	-103.73
-1.4993	-116.92
-1.7081	-128.64
-1.8979	-139.77
-2.1162	-149.15
-1.822	-117.2
-1.4993	-92.594
-1.2336	-73.254
-0.93944	-53.038
-0.74018	-39.557
-0.4555	-19.046
0.018979	11.135
0.22775	25.786
0.4555	39.851
0.65476	52.451
0.8066	61.827
1.0059	75.011
1.2336	88.199
1.4234	99.92
1.5752	108.71
1.765	119.55
2.0592	137.72
2.192	147.1
1.9738	124.82
1.7745	110.17
1.5942	97.869
1.3854	81.75
1.2147	69.447
0.93944	50.4
0.70221	37.213
0.54089	27.251
0.3511	12.893
0.13285	-2.3441
-0.037958	-16.116
-0.18979	-28.13
-0.50295	-46.882
-0.74018	-64.758
-0.94894	-82.337
-1.0533	-91.126
-0.94894	-74.428
-0.72121	-52.744
-0.52192	-36.627
-0.37008	-24.027
-0.19928	-9.3764
0.018979	6.7396
0.27518	24.613
0.52192	39.851
0.75916	55.382
1.0438	72.667
1.3854	92.888
1.5942	107.54
1.803	120.72
1.9928	133.62
2.2205	146.51
1.9928	128.34
1.784	112.23
1.5847	97.576
1.4044	84.681
1.2526	72.961
1.0533	58.015
0.9015	48.056
0.62631	29.595
0.34163	9.0837
0.12336	-6.7396
0	-17.288
-0.3511	-38.385
-0.58834	-54.208
-0.8066	-70.029
-0.94894	-81.167
-1.0533	-90.837
-0.69273	-51.277
-0.57887	-36.92
-0.41753	-21.097
-0.25621	-8.7906
-0.037958	8.4975
0.094894	18.46
0.33213	34.576
0.67376	53.327
0.9015	69.447
1.338	93.181
1.5942	108.42
1.8599	124.24
2.1162	138.01
2.4957	153.54
2.8468	168.19
3.1885	181.38
3.7767	198.96
4.2228	213.61
3.8621	190.17
3.511	169.07
3.2644	154.13
2.9987	138.89
2.7899	126
2.4767	108.42
2.192	91.42
1.8884	73.841
1.6607	59.19
1.2811	38.385
1.0533	25.199
0.82558	12.307
0.63579	0.58602
0.37958	-12.893
0.17081	-25.199
-0.066426	-39.557
-0.33213	-52.451
-0.54089	-64.171
-0.77813	-75.892
-1.0723	-92.3
-1.3	-104.61
-1.4803	-115.74
-1.7935	-130.69
-2.0118	-141.53
-2.1256	-147.1
-2.4862	-158.82
-2.9228	-171.71
-3.3119	-183.43
-3.8052	-193.98
-4.4221	-206.87
-4.1468	-192.51
-3.8908	-176.98
-3.3973	-147.68
-2.8374	-116.03
-2.3629	-91.126
-2.2015	-81.167
-1.8694	-66.222
-1.1767	-33.99
-0.76863	-14.651
-0.21826	8.4975
0.3511	31.939
0.74966	51.277
1.0628	66.809
1.3949	81.461
1.7081	95.232
2.1446	113.69
2.4578	125.41
2.8659	141.53
3.3591	158.82
3.8811	176.39
4.2893	191.05
3.7198	159.99
3.3688	140.94
2.9512	121.02
2.543	98.452
2.268	82.337
1.8599	63.878
1.4709	48.35
1.1482	33.697
0.86352	19.632
0.49345	1.7581
0.13285	-14.651
-0.26571	-32.525
-0.892	-57.433
-1.2431	-74.135
-1.5847	-89.076
-1.9169	-102.56
-2.1826	-113.69
-2.6286	-127.76
-2.9987	-141.23
-3.3591	-153.54
-3.8336	-170.54
-4.1374	-180.21
-4.5075	-192.22
-4.0046	-167.9
-3.587	-147.68
-3.1979	-127.17
-2.733	-100.51
-2.3059	-77.355
-1.8979	-62.703
-1.4234	-44.246
-1.0059	-26.958
-0.57887	-7.9117
-0.26571	5.8602
0.30366	24.907
1.0438	53.914
1.5563	74.718
2.0118	92.888
2.4767	111.35
2.9418	130.39
3.5964	155.3
3.9665	170.83
4.2796	185.19
3.7483	160.87
3.2644	135.08
2.8659	113.69
2.5052	97.282
2.249	82.63
2.1446	76.772
1.8315	62.703
1.4803	47.763
0.86352	19.925
0.37958	-0.58602
-0.037958	-18.753
-0.446	-35.748
-0.85405	-51.277
-1.2905	-67.103
-1.8315	-89.956
-2.2775	-109
-2.6855	-123.07
-3.0841	-138.01
-3.4447	-152.08
-3.7958	-164.67
-4.0899	-175.52
-4.46	-188.41
-3.9952	-166.44
-3.4163	-135.37
-2.8184	-106.95
-2.3629	-84.094
-2.2205	-76.185
-1.9169	-63.878
-1.5278	-48.932
-0.82558	-19.046
-0.26571	3.5162
0.33213	25.786
0.94894	49.813
1.4993	71.791
1.9738	91.126
2.4767	109.59
3.2454	140.36
3.7198	158.52
4.2608	177.86
4.6403	184.31
5.3045	195.44
5.9403	205.7
6.3673	212.14
6.0543	198.37
5.5608	176.39
5.2192	160.87
4.8966	146.21
4.6119	132.74
4.3271	118.97
3.9855	102.26
3.6535	87.906
3.1504	64.465
2.733	51.277
2.1541	33.697
1.6322	17.874
1.1672	2.9302
0.75916	-9.0837
0.41753	-21.097
-0.047447	-35.748
-0.55039	-50.4
-1.0818	-64.465
-1.5847	-80.286
-2.2015	-99.333
-2.9228	-121.6
-3.3876	-134.79
-4.033	-148.56
-4.4696	-158.23
-5.257	-161.75
-5.8265	-164.38
-6.3485	-166.44
-6.8039	-168.49
-6.4432	-154.71
-6.0068	-136.84
-5.4089	-115.74
-4.811	-91.713
-4.1849	-67.103
-3.6535	-46.882
-3.3498	-35.455
-2.8659	-26.079
-2.0118	-10.842
-1.0154	8.4975
-0.3511	20.218
0.24673	31.353
1.1292	49.226
1.9169	65.928
2.5717	79.699
3.4163	98.452
3.9477	109.3
5.0198	133.91
5.9403	153.83
6.6236	168.49
7.269	182.84
7.9235	197.2
8.5405	198.37
9.1763	199.84
8.7683	186.94
8.1229	167.31
7.6106	152.08
7.079	134.2
6.5382	116.92
6.1775	104.31
5.7887	91.713
5.3711	77.942
4.8585	60.653
4.4315	46.588
4.014	33.111
3.6629	21.39
3.2738	9.3764
2.543	2.9302
1.7366	-3.8092
1.1957	-7.9117
0.75916	-11.72
0.17081	-16.995
-0.59784	-23.148
-1.3	-27.836
-1.8315	-32.525
-2.4483	-36.92
-2.8753	-45.125
-3.4541	-56.845
-3.938	-66.809
-4.479	-77.355
-5.0389	-88.782
-5.5227	-99.039
-6.5288	-118.67
-6.8417	-124.82
-6.1587	-103.73
-5.5039	-81.75
-4.9251	-62.703
-4.3937	-45.712
-3.8433	-27.836
-3.3782	-12.6
-2.638	-8.2043
-2.0023	-3.8092
-1.357	0
-0.69273	3.2232
-0.018979	8.7906
