"Esaki, 1996, H-2-1/3"
617
-0.079375	2.788014
-0.051943	11.943088
0.01651	22.4337405
0.043942	27.389572
0.496062	46.2707885
0.64643	59.048029
0.728853	64.57306
0.975233	72.5808795
1.15316	77.9292455
1.317625	84.023476
1.523238	90.5101965
1.906778	98.5278505
2.276856	105.004781
2.098421	92.9930295
1.961642	84.9851655
1.564386	65.7212045
1.15316	47.6054325
0.852043	31.207049
0.40005	7.937198
0.002794	-16.476926
-0.051943	-20.0981135
-0.120523	-22.198202
-0.230124	-27.536778
-0.216408	-31.727165
-0.216408	-34.592698
-0.339725	-38.0274305
-0.326009	-41.0696285
-0.326009	-44.1216165
-0.504063	-47.7526385
-0.641223	-53.2776695
-0.832739	-58.8124905
-0.94234	-64.1510665
-1.065657	-70.255087
-1.257554	-74.641719
-1.422019	-77.497462
-1.613662	-82.4532935
-1.819148	-86.2707705
-2.188845	-94.092135
-2.271141	-91.040147
-2.133981	-78.645651
-2.051939	-73.49353
-1.874012	-59.950845
-1.668399	-50.804671
-1.504061	-44.7006505
-1.202817	-37.448441
-0.572389	-11.324805
-0.339725	-2.5514965
-0.230124	4.122658
-0.051943	20.1373625
0.358902	39.970523
1.084834	66.290404
1.304036	76.015612
1.591564	83.071532
1.852041	93.1794845
2.084832	96.2314725
2.00279	88.6063975
1.838452	80.7849885
1.728851	72.3944245
1.400048	57.5170955
1.249172	51.6093645
1.02997	40.932257
0.591566	19.185463
0.221869	5.266931
0.002794	-0.835532
-0.641223	-28.6751325
-0.750824	-36.6829965
-1.051941	-49.656482
-1.490345	-61.285489
-1.846453	-72.924375
-2.366772	-85.701571
-2.257171	-75.976363
-2.106803	-69.303143
-2.02438	-64.1510665
-1.805178	-56.525947
-1.558798	-47.5563935
-1.380744	-41.0696285
-0.504063	-7.319894
-0.298577	1.45337
-0.230124	9.0814265
0.071247	25.4857285
0.701167	54.4651075
0.879602	63.434661
1.194435	70.294336
1.454785	79.2638895
1.756029	90.127452
2.112391	100.7849795
2.49555	109.6171615
2.824353	114.3276645
3.262757	119.332535
3.783203	121.589664
4.264025	122.374733
4.219956	117.958642
3.536823	87.2717535
2.783586	66.6731485
1.290447	24.1510845
0.797179	11.3738885
0.427609	-0.2633955
-0.051943	-12.472994
-0.216408	-18.19427
-0.545211	-24.86749
-0.791591	-31.92341
-0.997204	-41.452373
-1.312418	-53.4739145
-1.736852	-64.7202215
-2.216404	-81.1186495
-2.408047	-88.370859
-2.627249	-92.757491
-2.969641	-96.761423
-3.394456	-100.7849795
-3.668395	-103.434643
-4.052062	-105.299193
-4.352036	-106.4767965
-4.67995	-105.6917275
-4.668012	-102.845819
-4.668012	-99.4110865
-3.901186	-70.0587975
-3.736848	-63.581867
-3.298444	-50.991126
-2.490343	-26.388589
-0.874014	12.512243
-0.353314	25.8586385
0.441198	42.649601
0.605663	49.322821
0.865632	56.378741
1.112393	61.1481175
1.386459	67.0558485
1.756029	76.3983565
2.057654	82.502377
2.24917	87.2717535
2.550414	93.375774
2.906776	98.5278505
3.304032	104.415957
3.71475	110.1078185
4.208018	113.7388405
4.072001	106.8693755
3.687572	93.758474
3.400044	84.6024655
3.166745	75.829157
2.605151	61.903772
2.235581	50.657465
1.961642	44.357155
1.372362	31.0107595
0.893191	21.0990965
0.550799	9.462213
0.386334	3.741916
-0.326009	-15.7114815
-1.147953	-31.1579655
-1.476375	-37.644686
-1.709547	-41.648618
-1.90119	-45.4562605
-2.175256	-51.560281
-2.476373	-58.8124905
-2.791587	-65.102966
-3.175254	-73.49353
-3.585972	-82.070549
-4.012057	-87.9881145
-4.560062	-96.1922235
-4.504055	-91.226602
-4.368038	-86.4572255
-4.187952	-77.8802065
-4.09194	-72.5416305
-3.860038	-67.2030545
-3.695573	-61.099034
-3.408045	-53.4739145
-3.229991	-48.321838
-2.86004	-36.113797
-2.61366	-29.8233215
-2.298446	-21.815502
-1.668399	-7.8910515
-1.422019	-1.216897
-0.476758	19.9509075
0.317881	36.928325
0.742442	45.505344
1.441196	61.3345725
1.797177	69.7251365
2.112391	74.680968
2.37236	80.5985335
2.687574	87.6544535
3.166745	96.2314725
3.632835	104.415957
4.044061	109.420872
3.892804	99.9017435
3.59156	90.3237415
3.221609	79.2638895
2.852039	68.959692
2.468372	59.234484
2.112391	47.988177
1.783588	39.784068
1.454785	28.910671
0.989203	14.6123315
0.619252	7.3650615
0.194564	-2.1707545
-0.147955	-7.7006805
-0.654812	-18.7634695
-0.914781	-23.719301
-1.216406	-29.254122
-1.51765	-34.779153
-1.997202	-43.169717
-2.394458	-50.6083815
-2.901188	-60.1471345
-3.449193	-70.441542
-3.969639	-79.4013055
-4.560062	-89.1363035
-4.996053	-95.8095235
-4.916043	-91.609302
-4.724019	-83.7879375
-4.639945	-79.980295
-4.299966	-71.972431
-4.080002	-65.6721655
-3.723259	-54.043114
-3.216402	-40.500429
-3.065653	-35.3483525
-2.695575	-26.7713335
-2.284857	-17.6152805
-1.914779	-9.607461
-1.627251	-3.8871195
-1.339596	2.2158775
-0.887603	15.181531
-0.641223	18.8027185
0.002794	29.872405
0.386334	33.4935925
0.742442	39.2148685
1.249172	45.691799
1.673987	51.7958195
2.112391	56.7614855
2.646426	64.769305
3.112008	72.01168
3.618738	79.4503445
4.099941	85.554365
4.552061	91.079396
5.055997	96.427762
5.563997	100.392445
5.456047	93.375774
5.264023	83.4542765
4.823968	74.298268
4.360037	61.3345725
3.742436	50.2747205
3.276346	39.0186235
2.605151	27.0068275
1.948053	17.4680745
1.002792	5.648652
0.6604	0.4994235
-0.202692	-13.6113485
-0.408051	-17.998025
-0.69596	-22.7674015
-1.024382	-28.105933
-1.312418	-33.6407985
-1.64084	-38.4003405
-2.092833	-46.2217495
-2.640838	-56.1432025
-3.229991	-65.8684105
-3.777996	-74.0627295
-4.339971	-83.218738
-4.751959	-87.22267
-5.203952	-93.709435
-5.639943	-97.3306225
-6.120003	-100.1961555
-6.052058	-95.8095235
-5.887974	-90.8438575
-5.628005	-81.501394
-5.475986	-74.641719
-5.312029	-69.8723425
-5.091938	-61.4817785
-4.900041	-56.525947
-4.724019	-52.70847
-4.504055	-47.9390935
-4.256024	-43.7487065
-4.064	-38.97933
-3.860038	-34.779153
-3.257169	-22.198202
-2.777998	-13.6113485
-2.394458	-8.272817
-1.860042	0.1180585
-1.435608	5.07656
-0.969645	9.462213
-0.353314	22.050996
-0.161544	26.8203725
0.167132	33.110848
0.496062	39.2148685
0.64643	43.022511
0.865632	48.5573765
1.208024	55.6132965
1.673987	63.051961
1.783588	66.8596035
2.057654	71.442525
2.317623	76.9675115
2.632837	84.023476
3.043555	91.462096
3.413633	97.762406
3.892804	105.004781
4.195953	109.0283375
4.591939	112.0705355
5.248021	115.8978025
5.671947	116.290337
6.099937	116.4866265
6.084062	113.7388405
6.01599	110.1078185
5.975985	105.3973155
5.919978	100.392445
5.42798	86.702554
5.099939	76.015612
4.852035	69.9115915
4.631944	64.0038605
4.344035	57.3306405
3.933952	49.322821
3.509645	42.266901
3.235579	36.3493355
2.824353	29.872405
2.221992	20.1373625
1.673987	12.129543
1.262761	6.601575
0.071247	-6.747802
-0.94234	-19.146214
-1.175258	-22.9538565
-1.449197	-26.388589
-1.64084	-30.392521
-1.914779	-33.8272535
-2.106803	-37.0656965
-2.449195	-41.835073
-2.805176	-46.7909045
-3.147568	-52.32577
-3.531235	-57.2816015
-3.941953	-63.0028775
-4.227957	-68.3414535
-4.655947	-75.3973735
-4.996053	-79.980295
-5.323967	-84.170682
-5.69595	-88.1745695
-6.120003	-91.609302
-6.012053	-86.0843155
-5.956046	-81.697639
-5.751957	-75.5936185
-5.448046	-66.0548655
-5.203952	-58.429746
-4.791964	-49.2737375
-4.54406	-42.0313625
-3.928364	-31.92341
-3.435223	-22.571112
-2.572385	-10.5593605
-2.02438	-2.1707545
-0.5588	16.516175
-0.134239	22.4337405
0.317881	27.576027
0.632841	30.8243045
0.893191	35.0146915
1.386459	40.7359675
1.756029	46.839988
2.304034	53.513208
2.865628	61.3345725
3.372358	69.155937
3.892804	76.5946015
4.440047	83.4542765
5.208016	91.079396
5.700014	97.3796615
6.235954	98.72414
6.028055	88.037198
5.852033	79.833089
5.523992	73.346324
5.195951	65.7212045
4.575937	52.178564
4.219956	44.9361445
3.660013	35.593681
3.125978	28.910671
2.577973	21.668296
1.893189	14.2296315
1.427226	9.0814265
1.016381	3.3601505
0.536829	-2.1707545
-0.257429	-11.324805
-0.832739	-16.849836
-1.435608	-23.1501015
-1.860042	-28.871422
-2.435606	-35.3483525
-2.777998	-39.7349845
-3.12674	-44.4749465
-3.490341	-49.8723515
-3.926459	-56.6240695
-4.363974	-61.0009115
-4.700016	-65.3875435
-5.235956	-72.4729225
-5.69595	-77.870372
-6.275959	-85.299202
-6.107938	-80.2354135
-5.69595	-65.3875435
-5.42798	-61.0009115
-5.211953	-53.5818715
-4.943983	-47.173649
-3.902456	-26.5946685
-3.053969	-13.101067
-2.302764	-6.01373
-1.600454	3.0951975
-1.091184	6.8066755
0.192913	21.9921225
0.677545	28.400345
1.114044	32.7870215
1.574419	36.8302025
2.01041	42.2276075
2.446401	46.957735
2.979547	53.0225065
3.343148	59.4405635
3.828034	65.848786
4.38404	73.267826
5.256022	81.030317
5.791962	89.4601745
6.347968	93.8468065
6.903974	97.2226655
7.464044	98.920385
7.900035	100.294278
8.02005	96.545509
7.799959	90.814443
7.679944	84.406176
7.387971	74.9557555
7.123938	67.1932645
6.71195	61.128493
6.079998	50.323804
5.743956	43.915537
4.967986	31.776204
4.507992	26.7124155
3.609594	17.6054905
3.197606	13.218814
2.422398	7.1442525
1.889252	3.0951975
-0.485648	-13.768389
-1.115568	-19.5092895
-1.648841	-25.5838955
-2.230374	-31.658457
-2.642362	-35.701638
-3.029966	-40.7654265
-3.393567	-44.4749465
-3.829558	-50.549508
-4.315968	-55.603462
-4.871974	-61.678068
-5.235956	-66.408151
-5.671947	-71.1284885
-6.179947	-76.192277
-6.687947	-77.870372
-7.171944	-81.923343
-7.78002	-87.3207925
-8.02005	-82.6004995
-7.996047	-77.536711
-7.900035	-72.1392615
-7.660005	-60.6672505
-7.416038	-55.603462
-6.860032	-42.1098605
-6.275959	-32.325779
-6.012053	-27.271825
-5.552059	-21.197219
-4.91998	-15.1226575
-4.216019	-7.3631035
-2.084832	6.132456
-0.07366	17.9391515
0.508	22.3257835
1.114044	27.0460765
1.840738	32.443526
2.495169	37.1736535
3.004058	41.8939465
3.488436	47.625057
4.120007	52.3551845
4.820031	58.763407
5.66801	65.171674
6.275959	69.558306
7.076059	75.2894165
7.828026	80.353205
7.655941	72.590714
7.416038	66.5259425
7.100062	57.075522
6.735953	49.990143
6.079998	36.8302025
5.451983	30.4219355
4.604004	19.29342
3.876421	14.5632925
3.076829	8.831203
2.276856	2.7585995
1.501648	-0.9528785
0.847217	-4.6643565
0.289941	-6.687905
-2.593594	-20.520107
-3.078353	-24.906739
-3.635629	-29.627032
-4.168013	-33.336552
-4.628007	-37.3895675
-5.139944	-42.1098605
-5.647944	-45.4857195
-6.107938	-50.2060125
-6.544056	-54.592689
-6.956044	-59.3228165
-7.416038	-62.35518
-8.095996	-68.4297415
-8.02005	-61.344407
-7.608062	-49.5386905
-7.123938	-36.712411
-6.568059	-28.616259
-6.060059	-20.520107
-5.283962	-13.434728
-4.531995	-5.676153
-3.781171	-1.2905
-2.78765	3.7703515
-1.503172	9.505378
1.138047	18.9499245
1.962023	22.3257835
2.446401	26.0353035
3.246374	32.443526
3.997579	37.8409755
4.772025	42.904764
5.571998	49.656482
6.299962	56.3983655
7.147941	61.462154
7.948041	63.8271955
7.536053	55.0539315
7.243953	45.946962
6.927977	39.8724005
6.371971	32.443526
5.815965	24.347374
5.403977	18.9499245
4.820031	15.5740655
4.192016	11.8645455
3.537204	6.8066755
2.785999	3.4327745
1.840738	-0.9528785
1.186434	-3.3140485
0.532384	-7.7006805
-0.364363	-9.387631
-1.139952	-12.0902495
-2.012061	-15.1226575
-2.908808	-16.810587
-3.7084	-20.520107
-4.580001	-27.271825
-5.307965	-32.325779
-5.911977	-37.7232285
-6.592062	-45.4857195
-7.248017	-50.2060125
-7.948041	-55.269801
-7.608062	-44.8086075
-7.416038	-37.0559065
-7.103999	-32.0804505
-6.52399	-24.0038785
-5.719953	-15.475943
-4.916043	-9.196281
-4.267962	-2.9155955
-3.303143	2.4671245
-2.529586	5.607445
-0.72517	12.7870305
0.145034	14.1314645
2.852039	24.896949
3.689985	27.1442435
4.46405	32.522024
5.363972	38.3610915
6.299962	44.641777
7.103999	52.70847
7.943977	58.5475375
8.911971	63.4837445
9.908032	66.172657
9.844024	58.5475375
9.587992	50.47101
9.360027	42.394438
8.619998	32.0804505
7.975981	24.0038785
7.29996	18.6162635
6.395974	10.991144
5.331968	5.158974
4.336034	-0.2243245
3.496437	-3.3650455
2.819654	-3.3650455
2.11074	-6.055916
1.015238	-8.2992945
0.016129	-9.645731
-0.789559	-12.7870305
-1.627251	-14.1314645
-2.433193	-15.927351
-3.238754	-18.6162635
-4.267962	-23.5524705
-5.044059	-29.3817035
-5.655945	-33.4248845
-6.395974	-38.3610915
-7.235952	-43.7389165
-8.039989	-46.427829
-8.587994	-52.266852
-9.071991	-56.751651
-9.716008	-56.751651
-10.520045	-57.644677
-11.360023	-58.9891555
-11.232007	-52.266852
-10.972038	-45.986211
-10.684002	-37.006823
-10.135997	-27.1442435
-9.49198	-17.2718295
-8.619998	-10.991144
-7.815961	-5.607445
-6.911975	-1.121667
-5.943981	2.0186535
-4.980051	3.8135165
-4.17195	5.607445
-3.174365	8.2992945
-2.143252	9.645731
-1.144016	12.3356225
-0.338328	13.2384385
0.660781	15.927351
1.530858	17.2718295
2.400808	19.519124
3.174365	19.960742
4.139946	21.305176
5.076063	27.1442435
6.012053	30.726182
6.879971	34.769363
7.815961	38.8027095
8.684006	41.050004
9.780016	44.1903245
10.424033	49.5681495
11.232007	51.815444
11.424031	47.330645
11.167999	41.050004
10.812018	34.3179105
10.392029	25.348357
9.908032	19.960742
9.360027	15.024535
8.812022	8.2992945
8.007985	2.4671245
