Galeota 1996 Specimen AA3	
477	
0.28	3.302046
0.44	6.733584
0.52	7.704774
0.67	9.452916
0.82	12.43123
1.01	14.56785
1.05	15.08582
1.22	17.80515
1.46	20.39499
1.48	21.62516
1.59	22.53161
1.81	25.96315
2.03	29.00621
2.09	29.84791
2.3	32.69673
2.5	36.19301
2.61	37.35844
2.81	39.43031
2.96	41.82592
3.14	44.09203
3.28	44.93372
3.53	48.17102
3.75	50.2429
3.82	51.14934
4.17	53.93342
4.22	54.83986
4.48	56.65275
4.81	59.24259
4.86	60.08429
5.13	61.57344
5.34	62.99786
5.63	64.35752
5.97	66.23516
6.11	66.88262
6.56	69.34296
6.68	70.05518
7.06	71.80331
7.27	72.904
7.52	74.00468
7.76	75.04061
8.13	76.59452
8.38	77.30672
8.78	78.73113
8.890001	79.31385
9.390001	80.9325
9.51	81.38572
9.979999	83.13387
10.12	83.78133
10.5	84.81726
10.85	86.11218
11.02	86.43591
11.46	87.92507
11.74	88.63728
12.11	89.73795
12.58	91.09763
12.72	91.29186
13.21	92.39254
13.48	92.58678
13.63	92.97526
14.33	94.85289
14.53	92.97526
15.13	94.27018
15.76	95.30611
16.62	93.55797
17.15	87.86032
17.78	83.84607
18.19	81.7742
18.33	79.96131
18.89	80.80301
19.65	81.12674
20.55	79.76707
20.82	78.08368
20.77	77.30672
20.37	74.26366
20.15	73.22773
19.91	71.73857
19.48	69.27822
19.29	67.85381
18.86	65.39346
18.67	64.16328
18.43	63.12735
17.97	60.92599
17.74	59.43683
17.36	57.49445
17.13	56.45851
16.64	54.1924
16.48	53.41545
16	51.53782
15.78	50.69612
15.19	48.17102
14.86	47.0056
14.41	45.19271
14.18	44.4805
13.77	42.73236
13.53	41.50219
13.08	39.49506
12.86	38.8476
12.42	36.84047
12.22	35.93403
11.78	34.31538
11.57	32.95572
11.12	31.20757
10.97	30.30113
10.53	28.55299
10.36	27.77603
9.939999	25.76891
9.72	24.73297
9.350001	22.85534
9.140001	21.88415
8.66	20.20075
8.57	19.61804
7.99	17.22244
7.8	16.31599
7.39	14.56785
7.03	13.07869
6.67	11.3953
6.26	9.193932
6.09	8.74071
5.63	6.4746
5.49	5.568156
5.01	3.88476
4.84	3.043062
4.6	2.071872
4.25	-0.064746
4.22	-0.194238
3.86	-3.2373
3.55	-5.373918
3.4	-6.345108
3.08	-8.805456
2.82	-11.00682
2.66	-11.91326
2.19	-15.60379
1.99	-16.57498
1.79	-17.80515
1.38	-21.04245
1.17	-22.33737
1.06	-23.69704
0.67	-26.22213
0.5	-27.5818
0.34	-29.07095
-0.1	-32.89097
-0.22	-34.38013
-0.43	-35.80454
-0.73	-38.65336
-0.9	-39.6893
-1.05	-41.04897
-1.41	-42.99134
-1.6	-44.60999
-1.87	-47.19983
-2.03	-48.23577
-2.24	-49.53069
-2.7	-53.28596
-2.87	-54.1924
-2.96	-55.42258
-3.52	-58.40089
-3.65	-59.50158
-4	-61.57344
-4.31	-63.58057
-4.53	-64.746
-4.83	-66.62363
-5.01	-67.59483
-5.39	-69.14873
-5.56	-70.05518
-5.91	-71.93281
-6.08	-72.70975
-6.47	-74.58739
-6.64	-75.36434
-6.98	-76.91825
-7.38	-78.66639
-7.59	-79.37859
-8.15	-81.38572
-8.310001	-82.03318
-9.09	-83.13387
-9.45	-84.42879
-9.66	-85.39997
-10.31	-87.01862
-10.48	-87.53659
-11.13	-89.34948
-11.29	-89.73795
-11.7	-90.90338
-12.34	-92.1983
-12.56	-92.78102
-13.19	-94.39967
-13.64	-95.11188
-13.84	-95.82408
-14.47	-96.92476
-14.92	-97.70171
-15.1	-98.28443
-15.94	-97.9607
-19.14	-74.84637
-19.55	-74.13417
-20.13	-72.19179
-19.96	-70.3789
-19.44	-67.20634
-19.24	-65.84668
-18.85	-63.77481
-18.63	-63.12735
-18.24	-60.667
-18	-59.63107
-17.79	-58.07716
-17.28	-56.39376
-17.08	-54.96935
-16.67	-53.41545
-16.49	-52.37951
-16.1	-50.69612
-15.88	-49.85442
-15.41	-48.49475
-15.16	-47.58831
-14.78	-45.84017
-14.58	-44.99847
-14.14	-43.70355
-13.94	-42.79711
-13.52	-41.2432
-13.07	-39.88354
-12.84	-39.30082
-12.16	-37.22895
-11.99	-36.32251
-11.32	-34.18589
-11.14	-33.53843
-10.68	-31.91978
-10.49	-31.07808
-9.850001	-28.68248
-9.649999	-27.84078
-9.189999	-26.41637
-9.020001	-25.70416
-8.62	-23.76178
-8.390001	-23.11432
-7.94	-21.1072
-7.69	-20.2655
-7.35	-18.45261
-7.12	-17.61091
-6.72	-15.92752
-6.51	-15.15056
-6.08	-13.46717
-5.9	-12.62547
-5.47	-10.81258
-5.31	-9.841392
-4.89	-8.028504
-4.67	-7.186806
-4.28	-5.17968
-4.12	-4.467474
-3.72	-2.525094
-3.34	-0.97119
-3.18	0.194238
-2.74	1.877634
-2.61	3.043062
-2.15	5.956632
-1.95	6.927822
-1.61	8.805456
-1.28	10.61834
-1.09	12.04276
-0.6	14.5031
-0.48	14.95633
-0.11	17.35193
0.1	18.84109
0.25	19.4238
0.67	22.46686
0.86	23.63229
1.17	25.76891
1.47	27.84078
1.71	28.74722
2.15	32.11402
2.39	33.08521
2.7	34.96284
2.89	35.99878
3.27	38.26488
3.67	40.20727
3.87	41.30795
4.28	43.12083
4.45	44.15677
4.88	46.1639
5.12	47.0056
5.51	48.81849
5.72	49.66018
6.18	51.27883
6.4	52.31477
6.84	53.73918
7.07	54.3219
7.54	55.94054
8	57.4297
8.24	57.81818
8.92	60.01954
9.16	60.53751
9.84	62.28565
10.09	62.73887
10.88	64.22803
11.08	65.19922
11.61	66.17041
12.33	67.40059
12.53	68.11279
13.33	69.21347
13.82	70.11992
14.08	70.44365
14.8	71.67382
15.63	72.51552
15.88	72.58027
16.68	73.35722
17.54	73.6162
18.31	73.42197
19.29	72.51552
20.24	70.89687
20.91	69.40771
21.3	68.24229
22.14	64.55177
22.51	63.1921
23.38	62.73887
23.71	62.3504
24.34	61.12022
25.07	60.01954
25.38	58.9836
26.43	57.17072
26.79	56.78224
27.79	55.0341
28.1	54.71037
28.78	53.67443
29.76	52.50901
30.09	52.05578
31	50.82561
31.37	50.63137
32.04	49.85442
32.96	48.81849
33.67	47.84729
34	47.39407
34.94	46.42288
35.61	45.38695
35.92	45.19271
36.87	44.35101
37.52	43.37982
37.88	43.12083
38.83	41.69642
39.82	40.85472
40.16	40.59574
41.13	39.43031
41.57	38.20014
41.24	36.32251
40.74	33.47368
40.4	32.04927
39.87	29.26519
39.64	27.84078
39.11	25.31569
38.79	24.47399
38.2	22.40212
37.98	21.62516
37.37	19.55329
37.11	18.51736
36.29	15.73328
36	14.89158
35.28	12.1075
34.97	11.58953
34.08	9.970884
33.84	9.193932
33.19	7.186806
33	6.539346
32.61	5.244426
32.27	3.690522
31.88	3.107808
31.16	1.877634
30.76	1.035936
30.41	0.388476
29.57	-1.100682
29.21	-1.683396
28.47	-2.848824
27.5	-4.078998
27.16	-4.53222
26.47	-5.114934
25.35	-5.697648
24.67	-6.086124
23.92	-6.409854
23.55	-6.539346
22.8	-6.992568
22.05	-6.992568
21.24	-6.79833
20.07	-6.927822
19.3	-6.927822
18.48	-6.927822
17.78	-6.927822
16.92	-6.927822
16.19	-6.992568
15.08	-7.186806
13.9	-7.575282
13.18	-7.963758
12.46	-8.352234
12.11	-8.546472
11.39	-8.870202
10.28	-10.03563
9.560001	-10.42411
8.890001	-11.20106
8.54	-11.52479
7.62	-13.46717
7.28	-13.92039
6.66	-15.3448
6.1	-16.57498
5.76	-17.15769
4.87	-19.4238
4.58	-20.20075
4	-21.8194
3.66	-22.6611
3.11	-24.3445
2.78	-25.12145
2.51	-25.96315
1.91	-27.5818
1.61	-28.48824
1.04	-30.43062
0.75	-31.33706
0.14	-33.27945
-0.13	-34.12114
-0.71	-36.12827
-0.98	-37.1642
-1.79	-39.49506
-2.17	-40.72523
-2.47	-41.76117
-3.04	-43.50931
-3.35	-44.41576
-3.93	-46.0344
-4.23	-46.8761
-4.52	-47.65306
-5.14	-49.20696
-5.43	-49.91917
-6.04	-51.27883
-6.34	-51.92629
-6.97	-53.09172
-7.6	-54.1924
-7.97	-54.64562
-8.62	-55.61681
-9.270001	-56.39376
-9.62	-56.84699
-10.32	-57.23546
-11.03	-57.62394
-11.72	-58.01242
-12.13	-57.88292
-12.47	-57.88292
-13.27	-58.01242
-14.43	-57.81818
-15.27	-56.97648
-16.05	-56.07004
-17.33	-54.96935
-18.18	-53.99817
-18.6	-53.54494
-19.51	-52.76799
-20.36	-51.53782
-21.25	-50.69612
-21.7	-50.1134
-22.56	-48.88323
-23.46	-47.78255
-23.92	-46.8761
-24.81	-45.84017
-25.7	-44.73949
-26.12	-44.22152
-27.02	-42.99134
-27.91	-41.76117
-28.34	-41.43744
-29.22	-40.33676
-30.07	-39.49506
-30.52	-39.04184
-30.92	-38.45913
-31.81	-37.55268
-32.73	-36.64624
-33.12	-36.25776
-33.6	-35.80454
-34.45	-34.7686
-35.32	-33.99165
-35.74	-33.53843
-36.17	-33.14995
-37.03	-32.373
-37.9	-31.33706
-38.77	-30.43062
-39.2	-30.23638
-40.03	-29.45943
-40.9	-28.81197
-41.77	-27.97027
-42.24	-27.4523
-43.56	-24.60348
-44.08	-23.56754
-44.98	-22.07839
-45.46	-21.23669
-46.38	-20.2655
-46.74	-19.68278
