Galeota 1996 Specimen CA2	
2715	
0.04	1.192896
0.09	2.82528
0.19	4.206528
0.24	5.713344
0.32	7.157376
0.41	8.852544
0.52	10.67328
0.64	12.61958
0.7	13.68691
0.82	15.25651
0.9	17.45395
0.97	18.77242
1.07	20.4048
1.16	21.78605
1.25	22.97894
1.32	24.48576
1.41	25.67866
1.49	26.87155
1.55	28.12723
1.66	29.25734
1.76	30.70138
1.83	31.83149
1.9	33.27552
1.99	34.59398
2.11	36.03802
2.21	37.60762
2.32	39.17722
2.37	40.62125
2.49	42.12806
2.57	43.50931
2.67	44.89056
2.73	46.27181
2.82	47.65306
2.93	48.90874
3.04	50.28999
3.1	51.67123
3.18	52.86413
3.28	54.37094
3.38	55.62663
3.45	57.00787
3.55	58.4519
3.64	59.83315
3.74	61.2144
3.83	62.53286
3.96	64.29082
4.08	65.9232
4.2	67.24166
4.35	68.93683
4.48	70.632
4.58	72.07603
4.69	73.39449
4.84	74.83853
4.97	76.34534
5.11	77.72659
5.23	78.98227
5.38	80.74023
5.56	82.12148
5.71	83.50272
5.87	85.07232
6.04	86.45357
6.12	87.5209
6.3	89.02771
6.5	90.47174
6.69	91.85299
6.88	93.23424
7.05	94.74106
7.27	96.24787
7.69	97.81747
7.92	99.13593
8.13	100.58
8.36	101.9612
8.58	103.2797
8.86	104.5354
9.07	105.8538
9.38	107.2979
9.62	108.8047
9.9	110.2487
10.2	111.6927
10.5	113.0112
10.84	114.4552
11.2	115.8365
11.51	117.2177
11.8	118.5362
12.13	119.7291
12.45	120.9848
12.97	122.1149
13.25	120.5453
13.35	118.9129
13.39	118.1595
13.31	117.1549
13.19	115.5226
13.09	114.0157
12.88	112.3834
12.71	110.8138
12.58	109.3069
12.38	107.8001
12.17	106.4189
12.09	104.9121
11.83	103.3425
11.74	101.8984
11.58	100.7055
11.38	99.19872
11.16	97.81747
11	96.56179
10.9	95.05498
10.65	93.48537
10.52	92.16691
10.38	90.84845
10.21	89.40442
10.02	87.8976
9.82	86.64192
9.65	85.26067
9.52	83.75385
9.4	82.49818
9.2	80.99136
9	79.23341
8.8	77.78938
8.63	76.34534
8.44	74.46182
8.27	73.08057
8.1	71.38541
7.89	70.00416
7.63	68.62291
7.46	67.24166
7.25	65.48371
7.07	63.72576
6.96	62.4073
6.76	60.90048
6.62	59.20531
6.42	57.19622
6.26	55.75219
6.16	54.05702
5.99	52.61299
5.81	50.72947
5.65	49.09709
5.53	47.4647
5.38	45.70675
5.27	44.38829
5.11	42.50477
4.96	40.93517
4.78	39.24
4.69	37.79597
4.6	36.60307
4.43	34.78234
4.31	33.02438
4.16	31.07808
4.05	29.8224
3.94	28.31558
3.82	26.93434
3.68	25.30195
3.58	23.60678
3.44	22.16275
3.33	20.53037
3.25	19.14912
3.11	17.20282
2.99	16.26106
2.84	14.44032
2.71	13.05907
2.61	11.74061
2.53	10.10822
2.41	8.47584
2.28	6.90624
2.14	5.148288
2.07	3.76704
1.95	2.51136
1.85	0.816192
1.73	-0.62784
1.63	-2.009088
1.57	-3.327552
1.46	-4.897152
1.37	-6.341184
1.25	-7.785216
1.14	-9.166464
1	-10.86163
0.9	-12.24288
0.75	-13.68691
0.59	-15.57043
0.46	-17.07725
0.3	-18.58406
0.19	-20.21645
0.06	-21.5977
-0.05	-23.10451
-0.18	-24.54854
-0.3	-25.86701
-0.4	-27.37382
-0.53	-28.94342
-0.68	-30.32467
-0.79	-31.70592
-0.89	-33.27552
-1.03	-34.65677
-1.14	-36.41472
-1.27	-37.79597
-1.39	-39.24
-1.52	-40.8096
-1.65	-42.3792
-1.78	-43.9488
-1.91	-45.39283
-2.03	-46.96243
-2.16	-48.46925
-2.29	-49.72493
-2.5	-51.23174
-2.69	-53.05248
-2.83	-54.62208
-2.97	-56.38003
-3.08	-57.76128
-3.22	-59.20531
-3.36	-60.58656
-3.51	-62.15616
-3.64	-63.47462
-3.78	-64.47917
-3.91	-66.04877
-4.05	-67.68115
-4.2	-69.0624
-4.33	-70.31808
-4.54	-72.01324
-4.68	-73.39449
-4.84	-74.58739
-5.04	-76.34534
-5.22	-77.91495
-5.36	-79.29619
-5.55	-80.80301
-5.72	-82.18426
-5.86	-83.56551
-6.37	-84.69562
-6.53	-86.13965
-6.75	-87.70925
-6.94	-89.09049
-7.18	-90.78567
-7.34	-91.97856
-7.6	-93.42259
-7.84	-94.9922
-8.07	-96.18509
-8.34	-97.94304
-8.58	-99.19872
-8.87	-100.3916
-9.06	-101.8984
-9.36	-103.2797
-9.63	-104.7237
-9.93	-106.105
-10.24	-107.4862
-10.53	-109.2442
-10.9	-110.6882
-11.2	-111.8183
-11.58	-113.4507
-11.88	-114.8319
-12.25	-115.9621
-12.71	-117.5316
-13.08	-118.9129
-13.54	-120.1686
-14.01	-121.5498
-14.45	-123.1194
-14.98	-124.124
-15.52	-125.4424
-16.07	-126.447
-16.65	-125.8191
-17.86	-114.1413
-18.08	-111.1905
-18.22	-109.872
-18.35	-108.4908
-18.37	-107.6118
-18.22	-106.105
-18.03	-104.4726
-17.83	-103.1541
-17.6	-101.8984
-17.43	-100.58
-17.27	-99.13593
-17.02	-97.94304
-16.89	-96.62457
-16.66	-95.43168
-16.46	-94.05043
-16.29	-92.9831
-16.09	-91.47629
-15.87	-90.09504
-15.65	-88.71379
-15.45	-87.5209
-15.22	-86.07687
-15.01	-84.88396
-14.78	-83.50272
-14.6	-82.18426
-14.4	-80.86579
-14.16	-79.48454
-13.95	-78.10329
-13.72	-76.9104
-13.51	-75.40359
-13.3	-74.02234
-13.08	-72.76665
-12.87	-71.25984
-12.65	-69.81581
-12.46	-68.62291
-12.27	-67.43002
-12.07	-66.04877
-11.83	-64.54195
-11.62	-63.16071
-11.4	-61.77946
-11.2	-60.33542
-10.95	-58.76582
-10.74	-57.38457
-10.51	-56.12889
-10.39	-54.81043
-10.14	-53.24083
-9.94	-51.85958
-9.72	-50.47834
-9.54	-49.03431
-9.37	-47.71584
-9.17	-46.27181
-8.93	-44.89056
-8.73	-43.5721
-8.52	-42.19085
-8.24	-40.74681
-8.05	-39.55392
-7.83	-38.17267
-7.64	-36.85421
-7.45	-35.47296
-7.21	-34.21728
-7.03	-32.64768
-6.81	-31.45478
-6.58	-29.88518
-6.38	-28.50394
-6.17	-27.0599
-5.98	-25.86701
-5.77	-24.48576
-5.56	-22.60224
-5.32	-21.53491
-5.11	-19.96531
-4.93	-18.4585
-4.69	-17.01446
-4.55	-15.63322
-4.43	-14.37754
-4.28	-12.87072
-4.13	-11.48947
-3.96	-10.04544
-3.82	-8.726976
-3.73	-7.345728
-3.56	-5.96448
-3.45	-4.583232
-3.3	-2.82528
-3.15	-1.5696
-3.02	0.062784
-2.85	1.632384
-2.68	2.950848
-2.58	4.7088
-2.47	5.96448
-2.37	7.659648
-2.23	8.664192
-2.14	10.35936
-1.99	11.61504
-1.88	13.12186
-1.73	14.18918
-1.59	15.25651
-1.47	16.8889
-1.34	18.58406
-1.25	19.83974
-1.1	21.34656
-0.99	22.91616
-0.83	24.48576
-0.7	25.92979
-0.56	27.31104
-0.44	28.50394
-0.31	29.63405
-0.2	30.88973
-0.04	32.20819
0.08	33.65223
0.21	35.09626
0.33	36.4775
0.48	37.85875
0.59	39.17722
0.72	40.74681
0.87	42.3792
1.05	43.76045
1.17	45.1417
1.33	46.96243
1.49	48.46925
1.61	49.91328
1.78	51.60845
1.97	53.24083
2.09	54.37094
2.23	55.87776
2.37	57.38457
2.53	58.64025
2.69	60.52378
2.83	61.77946
3.02	63.47462
3.16	64.85587
3.34	66.48826
3.49	67.86951
3.62	69.25076
3.81	71.00871
4.01	72.70387
4.14	74.02234
4.29	75.21523
4.43	76.59648
4.62	78.04051
4.83	79.73568
4.99	81.17971
5.19	82.93766
5.39	84.3817
5.59	85.95129
5.76	87.5209
5.98	88.83936
6.16	90.59731
6.37	91.85299
6.56	93.42259
6.77	94.74106
6.95	96.12231
7.17	97.44077
7.41	98.94759
7.61	100.3288
7.88	101.7729
8.13	103.2797
8.38	104.7237
8.66	106.105
8.95	107.6118
9.22	108.8675
9.53	110.4371
9.86	111.6927
10.16	113.0112
10.53	114.5808
10.91	116.0248
11.28	117.4061
11.66	118.7245
12.1	120.2941
12.62	121.487
13.13	121.8637
13.58	123.245
14.1	124.4379
14.71	125.5052
15.21	126.1331
15.72	126.3214
16.27	126.3214
16.8	126.447
17.32	126.2586
17.87	126.2586
18.42	126.1958
18.99	125.8819
19.51	125.5052
20.02	124.8774
20.54	124.5007
21.07	123.6845
21.62	123.1194
22.13	122.6799
22.64	122.2404
23.19	121.487
23.74	120.3569
24.28	119.7919
24.83	119.1012
25.36	118.1595
25.92	117.3433
26.49	116.5271
27.03	115.7109
27.59	115.1459
28.14	114.3924
28.64	113.1368
29.2	112.2578
29.73	111.63
30.05	110.2487
30.1	109.4325
29.97	108.0513
29.79	106.4817
29.58	104.9121
29.52	102.9658
29.43	101.5217
29.33	100.0777
29.14	98.57088
28.94	97.12685
28.79	95.7456
28.55	94.42714
28.33	92.85754
28.12	91.47629
27.89	90.03226
27.64	88.83936
27.39	87.1442
27.22	85.88851
26.96	84.44448
26.77	83.12601
26.5	81.55642
26.2	79.92403
25.98	78.22887
25.68	76.72205
25.41	75.02688
25.16	73.45728
24.88	71.69933
24.65	70.25529
24.35	68.6857
24.1	67.05331
23.83	65.54649
23.64	64.16525
23.4	62.72121
23.12	61.15162
22.85	59.58202
22.59	57.76128
22.33	56.06611
22.06	54.68486
21.8	53.17805
21.51	51.48288
21.28	50.03885
21	48.46925
20.75	46.96243
20.44	45.5184
20.23	43.9488
19.96	42.56755
19.7	41.12352
19.43	39.6167
19.15	38.17267
18.84	36.41472
18.56	34.97069
18.31	33.58944
18.08	32.08262
17.7	30.45024
17.21	29.13178
16.71	27.49939
16.43	25.99258
16.09	24.48576
15.79	23.1673
15.44	21.53491
15.04	19.77696
14.76	18.64685
14.4	17.39117
14.04	15.88435
13.66	14.5031
13.26	13.05907
12.89	11.61504
12.48	10.10822
11.92	8.726976
11.48	7.282944
10.96	5.901696
10.57	4.520448
10.06	3.390336
9.63	1.632384
9.23	0.439488
8.78	-1.192896
8.32	-2.323008
7.87	-4.018176
7.32	-5.524992
6.8	-6.90624
6.26	-7.910784
5.89	-9.480384
5.51	-10.92442
5.17	-12.24288
4.91	-13.62413
4.5	-15.38208
4.17	-16.76333
3.79	-18.01901
3.49	-19.2119
3.13	-20.7815
2.92	-22.09997
2.62	-23.48122
2.39	-24.7369
2.11	-26.36928
1.83	-27.68774
1.6	-29.13178
1.32	-30.45024
1.15	-31.83149
0.88	-33.21273
0.61	-34.46841
0.34	-36.35194
0.12	-37.60762
-0.14	-38.98886
-0.32	-40.49568
-0.58	-41.75136
-0.79	-43.38374
-1.08	-44.89056
-1.24	-46.14624
-1.49	-47.33913
-1.7	-48.72038
-1.93	-50.28999
-2.19	-51.60845
-2.43	-53.17805
-2.7	-54.936
-2.93	-56.38003
-3.15	-57.76128
-3.38	-58.95418
-3.64	-60.58656
-3.88	-62.15616
-4.06	-63.47462
-4.33	-64.85587
-4.57	-66.11155
-4.8	-67.86951
-5.04	-69.25076
-5.34	-70.88313
-5.59	-72.38995
-5.83	-73.64563
-6.1	-74.9641
-6.35	-76.5337
-6.63	-77.91495
-6.93	-79.54733
-7.2	-80.74023
-7.48	-82.24704
-7.81	-83.94221
-8.12	-85.32346
-8.48	-86.64192
-8.78	-88.08595
-9.12	-89.40442
-9.45	-90.78567
-9.83	-92.16691
-10.19	-93.35981
-10.57	-94.9922
-11.02	-96.37344
-11.47	-97.75468
-11.93	-98.8848
-12.37	-100.4544
-12.93	-101.8356
-13.36	-103.2169
-13.87	-104.0331
-14.49	-103.0285
-14.94	-104.2842
-15.34	-105.4771
-15.92	-106.4817
-16.42	-107.2351
-16.95	-107.4862
-17.49	-106.8584
-18	-107.6118
-18.54	-108.2396
-19.04	-108.993
-19.58	-109.3697
-20.1	-109.2442
-20.64	-108.8675
-21.05	-107.4234
-21.55	-107.4234
-22.11	-107.8001
-22.66	-107.2979
-23.18	-106.8584
-23.6	-105.226
-24.11	-105.0376
-24.64	-104.2842
-25.21	-103.5308
-25.79	-101.7101
-26.33	-100.7055
-26.89	-100.1405
-27.42	-99.13593
-27.68	-97.56634
-28.24	-96.9385
-28.77	-96.49901
-29.31	-95.93395
-30.03	-93.79929
-30.53	-93.04589
-31.09	-92.6064
-31.64	-92.16691
-32.22	-90.22061
-32.78	-89.4672
-33.3	-89.02771
-33.85	-88.27431
-34.1	-87.01862
-34.61	-86.26521
-35.17	-85.82573
-35.88	-83.94221
-36.4	-83.50272
-36.94	-83.12601
-37.48	-82.24704
-37.68	-80.74023
-38.26	-80.11238
-38.58	-78.91949
-38.62	-78.48
-38.49	-77.09875
-38.25	-75.52915
-37.96	-73.95955
-37.68	-72.45274
-37.42	-71.00871
-37.13	-69.50188
-36.88	-68.05785
-36.6	-66.48826
-36.34	-65.23257
-36.06	-63.72576
-35.81	-62.34451
-35.49	-60.96326
-35.23	-59.51923
-34.95	-58.20077
-34.66	-56.81952
-34.39	-55.56384
-34.09	-54.05702
-33.83	-52.67578
-33.54	-51.4201
-33.26	-50.03885
-32.99	-48.72038
-32.68	-47.21357
-32.39	-46.08345
-31.95	-43.9488
-31.68	-42.69312
-31.42	-41.50023
-31.13	-39.99341
-30.84	-38.98886
-30.54	-37.73318
-30.08	-35.84966
-29.64	-34.40563
-29.21	-32.77325
-28.75	-31.26643
-28.27	-29.63405
-27.81	-28.06445
-27.34	-26.36928
-26.89	-24.92525
-26.44	-23.48122
-25.98	-21.9744
-25.5	-20.59315
-25.03	-19.2119
-24.54	-17.76787
-24.09	-16.44941
-23.67	-14.69146
-23.19	-13.18464
-22.77	-11.67782
-22.3	-10.10822
-21.84	-8.664192
-21.36	-6.969024
-20.91	-5.524992
-20.47	-4.08096
-20.01	-2.699712
-19.53	-1.192896
-19.09	0.062784
-18.57	1.067328
-18.18	2.950848
-17.68	4.332096
-17.24	5.713344
-16.79	7.157376
-16.35	8.47584
-15.74	10.10822
-15.27	11.48947
-14.71	12.80794
-14.2	14.00083
-13.69	14.62867
-13.37	16.19827
-12.83	17.39117
-12.32	18.96077
-11.81	20.15366
-11.18	20.84429
-10.52	22.03718
-9.88	23.35565
-9.37	24.36019
-8.74	25.74144
-8.11	27.12269
-7.51	28.69229
-7.08	29.88518
-6.47	31.70592
-6.02	33.08717
-5.59	34.46841
-5.1	35.97523
-4.67	37.54483
-4.19	39.17722
-3.69	40.8096
-3.36	42.12806
-2.91	43.76045
-2.42	45.70675
-1.93	47.52749
-1.62	48.90874
-1.29	50.10163
-0.8	52.11072
-0.32	53.99424
0.02	55.37549
0.35	56.75674
0.82	58.76582
1.33	60.52378
1.64	62.09338
2.13	63.78854
2.46	65.29536
2.95	66.92774
3.27	68.43456
3.75	70.25529
4.1	71.63654
4.59	73.39449
5.07	75.3408
5.59	76.97318
6.08	78.91949
6.59	80.48909
7.1	82.12148
7.6	83.75385
8.1	85.44902
8.65	86.89306
9.31	88.46265
9.85	89.90668
10.38	91.0368
10.93	92.2297
11.44	93.61095
11.97	94.74106
12.51	95.99673
13.08	97.00128
13.61	97.94304
14.14	99.13593
14.69	99.95213
15.27	100.7055
15.82	101.5845
16.39	102.4635
16.96	103.1541
17.5	104.0959
18.08	104.5354
18.65	105.226
19.22	105.7283
19.78	106.4189
20.35	106.67
20.95	107.1095
21.53	107.6746
22.13	107.9885
22.7	108.114
23.33	108.3024
23.94	108.428
24.53	108.4908
25.14	108.428
25.76	108.3024
26.39	108.2396
27.01	108.2396
27.34	106.8584
27.39	105.6655
27.21	104.0331
27.09	102.3379
26.85	100.9567
26.66	99.38707
26.43	97.6919
26.21	95.99673
25.99	94.61549
25.79	93.17146
25.58	91.60185
25.32	90.03226
25.1	88.90215
24.86	87.33254
24.66	85.70016
24.44	84.50726
24.22	83.06323
23.98	81.68198
23.77	79.98682
23.42	78.10329
23.07	75.96864
22.86	74.39904
22.66	73.08057
22.31	71.00871
21.97	68.81126
21.63	66.7394
21.32	64.54195
20.95	62.53286
20.71	61.2144
20.55	59.95872
20.29	58.51469
19.97	56.63117
19.75	55.06157
19.38	53.05248
19.04	51.04339
18.72	49.09709
18.35	47.27635
18.06	45.33005
17.7	43.19539
17.38	41.62579
17.16	39.99341
16.84	38.23545
16.48	36.41472
16.16	34.46841
15.84	32.83603
15.5	30.88973
15.18	29.13178
14.89	27.68774
14.57	25.99258
14.26	24.54854
13.93	22.97894
13.66	21.22099
13.37	20.21645
13.1	18.8352
12.73	17.01446
12.36	15.50765
11.98	13.81248
11.65	12.30566
11.28	10.67328
10.87	8.915328
10.39	7.471296
9.96	5.901696
9.57	4.332096
9.09	3.013632
8.74	1.632384
8.25	0
7.9	-1.5696
7.49	-2.950848
7.07	-4.332096
6.64	-5.776128
6.21	-7.282944
5.65	-9.229248
5.24	-10.6105
4.82	-12.24288
4.39	-13.87526
3.97	-15.44486
3.7	-16.76333
3.38	-18.01901
3.07	-19.40026
2.65	-21.09542
2.35	-22.16275
2.05	-23.66957
1.73	-24.86246
1.46	-26.24371
1.01	-28.2528
0.59	-29.69683
0.28	-31.0153
-0.15	-32.77325
-0.58	-34.40563
-0.99	-36.03802
-1.42	-37.41927
-1.72	-38.73773
-2.17	-40.55846
-2.59	-42.19085
-2.92	-43.38374
-3.23	-44.76499
-3.67	-46.14624
-3.99	-47.52749
-4.38	-49.03431
-4.72	-50.28999
-5.17	-51.7968
-5.62	-53.3664
-5.94	-54.43373
-6.39	-55.75219
-6.82	-57.38457
-7.31	-58.89139
-7.71	-60.33542
-8.21	-61.52832
-8.62	-62.72121
-9.23	-64.47917
-9.71	-65.73485
-10.27	-66.86496
-10.89	-68.30899
-11.31	-69.25076
-11.82	-70.88313
-12.42	-72.01324
-13.01	-73.01779
-13.64	-74.33626
-14.27	-75.40359
-14.89	-76.15699
-15.53	-77.2871
-16.05	-77.60102
-16.56	-78.35443
-17.19	-78.79392
-17.82	-79.73568
-18.34	-80.11238
-18.86	-80.67744
-19.38	-81.49363
-19.89	-81.68198
-20.4	-82.24704
-20.95	-82.49818
-21.48	-82.74931
-22.02	-83.25159
-22.55	-83.69107
-23.1	-83.81664
-23.66	-83.94221
-24.21	-84.25613
-24.71	-84.50726
-25.29	-84.82118
-25.81	-84.82118
-26.38	-84.82118
-26.96	-85.00954
-27.52	-84.69562
-28.08	-84.50726
-28.62	-84.69562
-29.26	-84.50726
-29.84	-84.63284
-30.41	-84.06778
-30.99	-83.94221
-31.58	-83.81664
-32.18	-83.25159
-32.76	-82.93766
-33.35	-82.68653
-33.94	-82.24704
-34.54	-81.68198
-35.09	-81.24249
-35.71	-80.74023
-36.28	-79.98682
-36.86	-79.48454
-37.37	-78.66835
-37.48	-77.78938
-37.5	-76.59648
-37.36	-74.9641
-37.12	-73.64563
-36.86	-72.13882
-36.6	-70.632
-36.32	-69.18797
-36.07	-67.68115
-35.8	-66.23712
-35.57	-64.7303
-35.29	-63.28627
-35.03	-61.90503
-34.77	-60.52378
-34.48	-59.20531
-34.2	-57.76128
-33.95	-56.5056
-33.69	-55.18714
-33.4	-53.80589
-33.14	-52.55021
-32.85	-51.16896
-32.59	-49.78771
-32.32	-48.40646
-32.06	-47.02522
-31.79	-45.70675
-31.52	-44.45107
-31.23	-43.13261
-30.96	-41.87693
-30.7	-40.55846
-30.41	-39.17722
-30.15	-37.92154
-29.87	-36.72864
-29.62	-35.41018
-29.33	-34.1545
-28.97	-32.64768
-28.58	-31.20365
-28.2	-29.63405
-27.79	-28.2528
-27.4	-26.93434
-26.99	-25.67866
-26.62	-24.29741
-26.21	-22.97894
-25.72	-21.22099
-25.33	-19.96531
-24.93	-18.64685
-24.42	-17.2656
-24.04	-16.00992
-23.51	-14.56589
-23	-13.05907
-22.54	-11.42669
-22.15	-10.04544
-21.75	-8.726976
-21.37	-7.282944
-20.88	-5.524992
-20.48	-4.332096
-20.1	-2.888064
-19.72	-1.506816
-19.33	0
-18.83	0.816192
-18.46	2.385792
-17.96	3.76704
-17.63	5.02272
-17.15	6.59232
-16.77	7.785216
-16.29	9.354816
-15.81	11.04998
-15.22	12.80794
-14.74	14.00083
-14.23	14.5031
-14	16.0727
-13.5	17.20282
-13.06	18.64685
-12.59	20.0281
-12.1	21.72326
-11.57	22.79059
-11.07	24.10906
-10.47	25.55309
-9.99	27.0599
-9.4	28.31558
-8.82	30.13632
-8.31	31.32922
-7.81	32.39655
-7.28	33.58944
-6.75	34.97069
-6.22	36.16359
-5.68	37.85875
-5.17	39.24
-4.62	40.93517
-4.19	42.31642
-3.66	44.13715
-3.1	45.58118
-2.67	47.33913
-2.27	48.6576
-1.82	50.10163
-1.37	51.48288
-0.94	53.42918
-0.51	54.87321
-0.07	56.19168
0.35	57.76128
0.78	59.33088
1.21	60.96326
1.64	62.53286
2.19	64.3536
2.5	65.67207
2.96	67.1161
3.38	68.49734
3.83	70.19251
4.26	71.63654
4.7	73.01779
5.14	74.58739
5.68	76.15699
6.13	77.78938
6.68	79.54733
7.24	81.17971
7.77	80.11238
8.22	82.05869
8.66	83.50272
9.22	84.88396
9.72	84.88396
10.16	86.64192
10.61	87.8976
11.17	89.02771
11.76	90.59731
12.36	91.0368
12.93	92.6064
13.53	93.73651
14.03	94.5527
14.6	95.43168
15.2	96.43623
15.78	97.56634
16.29	97.75468
16.89	99.01037
17.39	99.51264
17.97	100.3916
18.48	100.3288
19.09	101.3334
19.69	102.3379
20.2	102.4635
20.79	103.0913
21.32	103.0913
21.82	103.6564
22.32	104.2842
22.82	104.6609
23.33	104.4726
23.86	104.8493
24.48	105.1004
25	104.9121
25.51	105.2888
26.05	105.4143
26.58	104.6609
27.06	103.7192
27	102.2751
26.81	100.7683
26.62	99.13593
26.4	97.3152
26.16	95.80839
25.92	93.98765
25.7	92.41805
25.47	90.84845
25.23	89.27885
25.03	87.70925
24.81	86.13965
24.53	84.50726
24.24	82.87488
24.01	81.11693
23.72	79.54733
23.45	77.72659
23.18	76.03143
22.94	74.39904
22.68	72.76665
22.39	71.19706
22.12	69.31354
21.88	67.68115
21.62	65.9232
21.36	64.47917
21.11	62.97235
20.83	61.2144
20.56	59.58202
20.32	57.94963
20.04	56.25446
19.8	54.68486
19.53	53.17805
19.27	51.7968
19	50.10163
18.72	48.53203
18.47	46.96243
18.2	45.45562
17.96	43.9488
17.69	42.56755
17.44	40.99795
17.18	39.55392
16.92	37.98432
16.66	36.4775
16.28	34.46841
16.01	33.08717
15.77	31.64314
15.38	29.50848
15.01	27.68774
14.64	25.74144
14.34	24.17184
14	22.16275
13.68	20.65594
13.31	19.14912
13	17.57952
12.71	16.26106
12.4	14.87981
12.09	13.12186
11.74	11.48947
11.43	10.04544
10.98	8.16192
10.51	6.717888
10.09	4.959936
9.52	3.201984
9.08	1.381248
8.68	0.062784
8.24	-1.632384
7.8	-3.013632
7.43	-4.520448
7.06	-5.901696
6.53	-7.345728
6.16	-8.664192
5.67	-10.42214
5.28	-11.86618
4.92	-13.43578
4.56	-14.81702
4.2	-16.38662
3.69	-18.01901
3.34	-19.40026
2.97	-21.03264
2.6	-22.41389
2.23	-23.9207
1.86	-25.36474
1.48	-26.6832
1.1	-28.2528
0.72	-29.69683
0.36	-31.07808
-0.17	-32.77325
-0.71	-34.21728
-1.09	-35.59853
-1.61	-37.04256
-2.02	-38.42381
-2.42	-39.6167
-2.79	-40.93517
-3.32	-42.69312
-3.75	-43.88602
-4.13	-45.07891
-4.53	-46.46016
-5.05	-48.21811
-5.58	-49.59936
-6.11	-51.10617
-6.65	-52.80135
-7.22	-54.37094
-7.72	-56.00333
-8.26	-57.32179
-8.82	-58.57747
-9.38	-60.08429
-9.93	-61.46553
-10.5	-62.47008
-11.03	-63.72576
-11.61	-65.04423
-12.17	-66.23712
-12.77	-67.30445
-13.35	-68.30899
-13.92	-69.18797
-14.5	-70.06694
-15.1	-71.00871
-15.7	-71.8249
-16.3	-72.64109
-16.91	-73.26893
-17.47	-73.95955
-18.12	-74.58739
-18.69	-75.15245
-19.32	-75.71751
-19.94	-76.21977
-20.55	-76.9104
-21.17	-77.16154
-21.79	-77.60102
-22.43	-77.97773
-23.04	-78.35443
-23.69	-78.91949
-24.32	-78.79392
-24.95	-79.17062
-25.46	-79.35898
-26.07	-79.6729
-26.57	-79.54733
-27.2	-79.86124
-27.7	-79.73568
-28.2	-79.92403
-28.85	-79.92403
-29.36	-79.92403
-30	-79.92403
-30.66	-79.86124
-31.18	-79.6729
-31.83	-79.6729
-32.35	-79.29619
-32.87	-79.10784
-33.5	-78.98227
-34.01	-78.73113
-34.53	-78.35443
-35.04	-77.97773
-35.72	-77.53824
-36.26	-77.16154
-36.59	-75.90585
-36.67	-74.9641
-36.64	-73.83398
-36.45	-72.5783
-36.26	-71.38541
-36.05	-70.19251
-35.86	-68.81126
-35.62	-67.4928
-35.39	-66.23712
-35.07	-64.7303
-34.85	-63.16071
-34.57	-61.52832
-34.34	-60.27264
-34.01	-58.51469
-33.68	-56.94509
-33.34	-55.12435
-33.01	-53.55475
-32.67	-51.7968
-32.35	-50.28999
-31.99	-48.59481
-31.68	-46.83686
-31.35	-45.26727
-31	-43.50931
-30.81	-42.31642
-30.47	-40.74681
-30.1	-39.17722
-29.82	-37.54483
-29.6	-36.41472
-29.23	-34.97069
-28.89	-33.21273
-28.57	-31.70592
-28.22	-30.38746
-27.85	-29.00621
-27.49	-27.8761
-27.11	-26.55763
-26.76	-25.30195
-26.24	-23.544
-25.91	-22.3511
-25.55	-21.15821
-25.03	-19.58861
-24.55	-18.14458
-24.22	-16.76333
-23.71	-15.44486
-23.22	-13.87526
-22.73	-12.30566
-22.26	-10.86163
-21.9	-9.480384
-21.53	-8.16192
-21.07	-6.341184
-20.72	-5.085504
-20.39	-3.704256
-19.93	-1.946304
-19.59	-0.565056
-19.15	0.753408
-18.63	2.448576
-18.21	3.955392
-17.76	5.399424
-17.43	6.90624
-16.94	8.350272
-16.47	9.857088
-16.02	11.23834
-15.58	12.9335
-15.06	14.25197
-14.57	15.44486
-14.25	16.82611
-13.71	18.58406
-13.19	19.83974
-12.83	21.34656
-12.36	22.60224
-11.9	23.9207
-11.41	25.17638
-10.93	26.49485
-10.46	27.68774
-9.99	29.13178
-9.39	30.70138
-8.83	32.45933
-8.21	33.90336
-7.68	33.08717
-7.33	34.40563
-6.86	36.16359
-6.26	36.4775
-5.87	37.98432
-5.38	39.55392
-4.83	40.4329
-4.44	41.81414
-4.03	43.32096
-3.49	44.3255
-3.08	45.70675
-2.68	47.15078
-2.11	48.02976
-1.73	49.72493
-1.31	51.04339
-0.95	52.42464
-0.37	53.61753
0.03	55.18714
0.56	57.00787
1.12	57.82406
1.49	59.58202
1.87	61.15162
2.27	62.53286
2.82	63.53741
3.23	65.29536
3.64	66.55104
4.2	67.68115
4.58	69.25076
5	70.69479
5.55	71.57376
5.93	73.20615
6.35	74.58739
6.92	75.40359
7.33	76.97318
7.86	78.60557
8.46	79.29619
8.86	80.80301
9.37	82.3726
9.99	82.93766
10.5	84.69562
11.12	85.07232
11.66	86.89306
12.26	87.64646
12.81	89.27885
13.4	89.65556
13.95	91.0368
14.53	92.2297
15.15	92.79475
15.71	93.98765
16.34	94.176
16.9	95.3689
17.51	95.43168
18.09	96.75014
18.66	97.6919
19.28	97.75468
19.88	98.8848
20.39	98.38253
20.94	99.70099
21.53	100.266
22.03	99.76378
22.6	100.8939
23.29	100.3288
23.87	101.145
24.45	101.7101
24.99	100.8939
25.59	101.6473
26.21	101.2706
26.81	101.5217
26.88	100.5172
26.82	98.94759
26.56	96.81293
26.39	95.3689
26.19	93.98765
26	92.54362
25.82	91.22515
25.64	89.8439
25.43	88.39987
25.22	87.08141
25.02	85.88851
24.73	83.87943
24.44	81.93312
24.18	80.11238
23.86	78.10329
23.55	76.34534
23.26	74.39904
22.97	72.5783
22.77	71.07149
22.58	69.69024
22.28	67.93229
22	66.11155
21.68	63.97689
21.37	62.28173
21.09	60.39821
20.77	58.57747
20.49	56.81952
20.18	54.87321
19.86	53.30362
19.58	51.4201
19.3	49.53658
18.98	47.84141
18.69	45.95789
18.38	44.3255
18.11	42.50477
17.81	40.8096
17.51	39.17722
17.23	37.41927
16.93	35.97523
16.64	34.21728
16.32	32.64768
16.07	31.14086
15.77	29.50848
15.49	28.12723
15.21	26.6832
14.95	25.30195
14.65	23.544
14.32	21.78605
14.01	20.21645
13.65	18.8352
13.39	17.39117
12.98	15.696
12.63	14.06362
12.28	12.43123
12	10.86163
11.68	9.354816
11.25	7.785216
10.8	6.090048
10.4	4.583232
9.9	2.950848
9.46	1.25568
9.02	-0.31392
8.6	-1.946304
8.17	-3.390336
7.7	-4.959936
7.33	-6.2784
6.84	-7.910784
6.46	-9.292032
5.97	-10.92442
5.57	-12.30566
5.23	-13.81248
4.83	-15.38208
4.36	-16.95168
4	-18.33293
3.62	-19.71418
3.25	-20.96986
2.86	-22.53946
2.48	-23.98349
2.09	-25.36474
1.72	-26.74598
1.33	-28.12723
0.96	-29.4457
0.54	-31.0153
0.17	-32.27098
-0.22	-33.65223
-0.61	-34.97069
-1.11	-36.60307
-1.62	-38.10989
-2.02	-39.36557
-2.53	-40.68403
-3.07	-42.06528
-3.54	-43.50931
-3.97	-44.76499
-4.49	-46.27181
-5.01	-47.71584
-5.5	-49.03431
-6.04	-50.41555
-6.55	-51.67123
-7.07	-52.80135
-7.59	-54.37094
-8.12	-55.56384
-8.64	-56.63117
-9.18	-57.82406
-9.7	-59.14253
-10.25	-60.08429
-10.8	-61.08883
-11.32	-62.09338
-11.9	-63.09792
-12.43	-64.22803
-12.98	-64.91866
-13.56	-65.86041
-14.12	-66.61382
-14.67	-67.43002
-15.23	-68.05785
-15.8	-68.87405
-16.37	-69.4391
-16.93	-70.00416
-17.52	-70.19251
-18.08	-71.07149
-18.65	-71.63654
-19.22	-72.26438
-19.84	-72.5783
-20.4	-73.14336
-20.96	-73.45728
-21.56	-73.95955
-22.16	-74.33626
-22.74	-74.77574
-23.34	-75.02688
-23.93	-75.3408
-24.51	-75.78029
-25.11	-75.78029
-25.73	-76.15699
-26.32	-76.40813
-26.82	-76.34534
-27.42	-76.59648
-28.05	-76.72205
-28.65	-77.09875
-29.15	-76.9104
-29.77	-76.9104
-30.37	-76.9104
-30.87	-76.97318
-31.39	-76.78483
-31.91	-76.59648
-32.41	-76.59648
-32.91	-76.5337
-33.41	-76.34534
-33.95	-76.09421
-34.46	-75.78029
-34.98	-75.52915
-35.53	-75.15245
-35.93	-73.95955
-36.04	-73.33171
-36.03	-71.8249
-35.75	-70.19251
-35.58	-68.99962
-35.32	-67.30445
-35.04	-65.9232
-34.87	-64.7303
-34.59	-63.16071
-34.31	-61.77946
-34.15	-60.58656
-33.87	-59.07974
-33.58	-57.6985
-33.31	-56.38003
-33.03	-54.99878
-32.74	-53.42918
-32.46	-52.04794
-32.2	-50.47834
-31.91	-49.03431
-31.61	-47.84141
-31.35	-46.14624
-31.07	-44.89056
-30.78	-43.50931
-30.5	-42.19085
-30.25	-40.49568
-29.96	-39.17722
-29.57	-37.35648
-29.29	-36.16359
-28.99	-34.78234
-28.71	-33.40109
-28.44	-31.83149
-28.08	-30.1991
-27.67	-28.69229
-27.26	-27.24826
-26.87	-25.74144
-26.43	-24.29741
-26.04	-23.10451
-25.62	-21.72326
-25.19	-20.4048
-24.87	-19.14912
-24.41	-17.57952
-23.96	-16.19827
-23.56	-15.00538
-23.16	-13.62413
-22.75	-12.24288
-22.32	-10.92442
-21.89	-9.480384
-21.53	-8.036352
-21.12	-6.466752
-20.73	-5.085504
-20.34	-3.578688
-19.95	-1.946304
-19.55	-0.62784
-19.16	0.565056
-18.78	2.19744
-18.39	3.515904
-18	5.02272
-17.62	6.341184
-17.18	7.910784
-16.8	9.543168
-16.36	10.86163
-15.87	12.49402
-15.4	13.87526
-14.96	15.00538
-14.62	16.57498
-14.12	17.76787
-13.75	19.40026
-13.4	20.7815
-12.95	21.91162
-12.54	22.97894
-12.07	24.48576
-11.53	25.74144
-11.15	27.12269
-10.62	28.31558
-10.09	29.75962
-9.59	31.26643
-9.04	32.89882
-8.51	34.46841
-7.94	36.16359
-7.43	37.79597
-6.76	36.60307
-6.48	38.0471
-5.99	39.74227
-5.49	39.99341
-4.99	41.62579
-4.53	43.19539
-4.03	43.5721
-3.55	45.45562
-2.98	45.8951
-2.55	47.4647
-2.1	49.22266
-1.52	50.85504
-0.99	52.04794
-0.5	53.68032
0.01	54.37094
0.34	55.81498
0.82	57.38457
1.33	58.01242
1.65	59.51923
2	60.90048
2.52	61.52832
2.87	62.72121
3.35	64.54195
3.87	65.29536
4.34	67.05331
4.79	68.6857
5.3	69.50188
5.68	70.69479
6.15	72.26438
6.66	72.76665
7.15	74.46182
7.66	75.02688
8.13	76.72205
8.62	78.22887
9.17	78.60557
9.62	80.17517
10.17	80.48909
10.62	82.05869
11.12	83.31437
11.66	83.75385
12.12	85.1351
12.71	85.1351
13.17	86.64192
13.72	86.7047
14.24	88.02317
14.88	89.02771
15.38	90.03226
15.91	91.16237
16.43	91.16237
16.95	92.2297
17.66	92.35526
18.16	93.54816
18.73	94.05043
19.35	94.80384
19.93	94.42714
20.5	95.99673
21.09	95.55725
21.62	96.56179
22.19	96.31065
22.83	97.50356
23.42	96.9385
23.94	97.88026
24.48	97.3152
25.06	98.19418
25.59	97.56634
26.17	98.19418
26.75	97.37798
27.29	98.13139
27.87	97.37798
28.45	98.00582
29.02	96.75014
29.59	97.18963
30.21	95.80839
30.78	96.37344
31.36	95.3689
31.94	95.55725
32.34	94.23878
32.88	94.5527
33.5	93.17146
34.07	93.23424
34.57	92.16691
35.13	92.54362
35.63	90.97401
36.19	90.97401
36.7	89.65556
37.27	89.78112
37.62	88.46265
38.2	88.27431
38.7	86.89306
39.27	86.89306
39.74	85.32346
40.31	85.44902
40.84	83.94221
41.38	83.87943
41.91	82.49818
42.48	82.3726
43.02	80.99136
43.57	80.80301
44.08	80.74023
44.33	79.17062
44.49	77.78938
44.48	76.5337
44.29	75.02688
44.11	73.64563
43.92	72.01324
43.61	70.25529
43.44	68.81126
43.12	67.30445
42.92	65.35815
42.61	63.66298
42.32	61.71667
42.01	59.77037
41.7	57.94963
41.39	56.06611
41.07	54.43373
40.76	52.48742
40.48	50.66669
40.19	48.90874
39.86	47.15078
39.54	45.5184
39.26	43.5721
38.97	42.00249
38.66	40.37011
38.35	38.42381
38.07	36.97977
37.77	35.22182
37.37	33.02438
37.08	31.64314
36.79	30.26189
36.52	28.56672
36.16	26.6832
35.89	24.79968
35.55	23.1673
35.19	21.78605
34.91	20.53037
34.54	18.64685
34.18	17.07725
33.85	15.82157
33.45	14.00083
33.09	12.30566
32.7	10.35936
32.27	8.538624
31.88	6.717888
31.44	4.771584
31.01	3.515904
30.53	1.757952
29.95	0.062784
29.5	-1.5696
29	-3.013632
28.38	-4.583232
27.8	-6.2784
27.27	-7.345728
26.73	-8.664192
26.19	-10.10822
25.62	-11.30112
25.09	-12.68237
24.56	-14.00083
24.04	-15.06816
23.51	-16.57498
22.97	-17.76787
22.42	-18.96077
21.87	-20.4048
21.33	-21.40934
20.78	-22.79059
20.22	-24.17184
19.63	-25.05082
19.06	-26.3065
18.48	-27.24826
17.88	-28.06445
17.31	-29.06899
16.81	-29.8224
16.19	-30.07354
15.59	-30.88973
15.08	-31.392
14.56	-31.70592
13.95	-32.39655
13.33	-33.02438
12.83	-33.65223
12.33	-34.21728
11.82	-34.59398
11.22	-35.15904
10.6	-35.78688
9.99	-36.60307
9.49	-37.04256
8.9	-37.60762
8.27	-38.42381
7.67	-39.11443
7.08	-39.99341
6.58	-40.68403
5.97	-41.31187
5.38	-41.93971
4.79	-43.06982
4.19	-43.69766
3.62	-44.70221
3	-45.45562
2.41	-46.33459
1.81	-47.59027
1.24	-48.21811
0.65	-49.28544
0.1	-50.16442
-0.5	-51.04339
-1.1	-52.23629
-1.67	-53.05248
-2.25	-54.11981
-2.84	-54.936
-3.4	-56.12889
-3.98	-56.94509
-4.56	-57.76128
-5.13	-58.95418
-5.72	-59.70758
-6.29	-60.71213
-6.86	-61.71667
-7.47	-62.47008
-8.05	-63.53741
-8.63	-64.10246
-9.22	-65.10701
-9.8	-65.67207
-10.3	-66.2999
-10.87	-67.24166
-11.45	-67.80672
-11.96	-68.37177
-12.52	-68.87405
-13.13	-69.81581
-13.71	-70.19251
-14.23	-70.56921
-14.83	-71.38541
-15.34	-71.63654
-15.94	-72.2016
-16.53	-72.32717
-17.14	-72.95501
-17.74	-73.20615
-18.26	-73.58285
-18.88	-73.7712
-19.47	-74.39904
-19.98	-74.5246
-20.59	-74.39904
-21.22	-75.08966
-21.85	-75.08966
-22.35	-75.21523
-22.86	-75.40359
-23.48	-75.71751
-23.98	-75.78029
-24.49	-75.71751
-25.02	-75.96864
-25.64	-75.78029
-26.16	-75.78029
-26.67	-75.71751
-27.18	-75.71751
-27.69	-75.78029
-28.24	-75.59193
-28.75	-75.59193
-29.28	-75.40359
-29.82	-75.21523
-30.36	-75.15245
-30.87	-74.90131
-31.44	-74.58739
-32.01	-74.1479
-32.56	-73.83398
-33.12	-73.58285
-33.68	-73.20615
-34.2	-72.82944
-34.77	-72.45274
-35.31	-72.13882
-35.87	-71.57376
-36.42	-71.19706
-36.98	-70.632
-37.53	-70.06694
-38.1	-69.4391
-38.66	-68.6857
-39.24	-68.24621
-39.82	-67.61837
-40.4	-67.17888
-40.95	-66.48826
-41.53	-66.04877
-42.11	-65.42093
-42.66	-64.66752
-43.24	-64.10246
-43.78	-63.28627
-44.37	-62.53286
-44.94	-61.84224
-45.5	-61.15162
-46.07	-60.52378
-46.67	-59.95872
-47.24	-59.2681
-47.82	-58.57747
-48.37	-57.76128
-48.94	-56.94509
-49.53	-56.19168
-50.09	-55.62663
-50.69	-54.936
-51.27	-54.18259
-51.86	-53.42918
-52.43	-52.73856
-53.01	-52.23629
-53.39	-51.04339
-53.53	-50.41555
-53.54	-49.22266
-53.54	-47.52749
-53.31	-46.27181
-53.16	-45.07891
-52.85	-43.88602
-52.57	-42.25363
-52.3	-40.68403
-52.03	-39.49113
-51.76	-37.98432
-51.43	-36.72864
-51.15	-35.41018
-50.82	-33.96614
-50.55	-32.64768
-50.24	-31.26643
-49.94	-29.88518
-49.64	-28.69229
-49.37	-27.31104
-49.09	-25.86701
-48.79	-24.7369
-48.5	-23.48122
-48.24	-22.16275
-47.92	-20.90707
-47.6	-19.90253
-47.23	-18.52128
-46.79	-17.01446
-46.42	-15.57043
-46	-14.18918
-45.6	-12.87072
-45.19	-11.61504
-44.8	-10.23379
-44.37	-8.726976
-43.93	-7.345728
-43.51	-6.152832
-43.08	-4.7088
-42.65	-3.327552
-42.2	-1.820736
-41.84	-0.439488
-41.43	0.94176
-41.13	2.260224
-40.77	3.515904
-40.38	5.02272
-39.98	6.59232
-39.59	8.099136
-39.21	9.480384
-38.79	10.73606
-38.37	12.05453
-37.9	13.31021
-37.36	14.69146
-37	16.19827
-36.46	17.57952
-36.1	18.77242
-35.57	19.96531
-35.06	21.34656
-34.49	22.53946
-33.95	23.98349
-33.36	25.17638
-32.82	26.36928
-32.22	27.49939
-31.67	28.88064
-31.1	30.07354
-30.51	31.07808
-29.95	32.39655
-29.35	33.46387
-28.74	34.59398
-28.15	35.59853
-27.62	36.60307
-27.12	37.23091
-26.6	37.98432
-26.1	38.73773
-25.53	39.42835
-24.98	39.99341
-24.45	40.18176
-23.88	40.37011
-23.32	40.62125
-22.74	40.8096
-22.18	41.1863
-21.63	41.50023
-21.04	41.62579
-20.52	41.81414
-19.97	42.00249
-19.41	42.31642
-18.87	42.69312
-18.28	42.94426
-17.72	43.32096
-17.19	43.69766
-16.63	44.13715
-16.09	44.38829
-15.53	44.89056
-14.97	45.5184
-14.42	45.70675
-13.85	46.08345
-13.3	46.52295
-12.77	46.89965
-12.19	47.27635
-11.67	48.02976
-11.09	48.34368
-10.56	48.90874
-10.02	49.53658
-9.45	50.03885
-8.91	50.47834
-8.39	51.10617
-7.83	51.67123
-7.3	52.42464
-6.74	52.9897
-6.23	53.61753
-5.67	54.37094
-5.15	54.99878
-4.61	55.75219
-4.06	56.19168
-3.52	57.00787
-3	57.63571
-2.43	58.51469
-1.9	59.14253
-1.38	59.95872
-0.84	60.58656
-0.31	61.33997
0.25	62.09338
0.75	62.784
1.28	63.53741
1.83	64.16525
2.36	64.85587
2.9	65.54649
3.46	66.42547
3.98	67.1161
4.52	67.80672
5.05	68.49734
5.58	69.0624
6.14	69.62746
6.65	70.25529
7.2	71.00871
7.75	71.38541
8.29	72.01324
8.83	72.5783
9.4	73.08057
9.93	73.64563
10.48	74.1479
11.03	74.65018
11.6	75.02688
12.15	75.3408
12.7	75.84307
13.21	76.34534
13.79	76.59648
14.34	77.16154
14.91	77.34989
15.47	77.72659
16.04	78.29165
16.44	75.02688
16.97	76.15699
17.62	75.3408
18.24	76.5337
18.85	75.84307
19.41	76.59648
19.95	77.34989
20.2	75.84307
20.81	77.16154
21.46	76.15699
22	76.97318
22.54	77.60102
23.16	77.03596
23.7	77.72659
24.31	76.9104
24.86	77.53824
25.47	76.72205
26.11	77.22432
26.65	76.59648
27.22	76.9104
27.82	76.21977
28.46	75.52915
29.01	75.84307
29.53	74.9641
30.07	75.78029
30.75	74.77574
31.26	74.77574
31.91	73.64563
32.47	74.02234
33.12	72.95501
33.71	73.26893
34.36	72.01324
34.91	72.2016
35.56	71.00871
36.16	71.38541
36.81	69.87859
37.38	70.06694
38.04	68.81126
38.63	69.0624
39.27	67.4928
39.87	67.68115
40.51	66.2999
41.09	66.55104
41.63	65.04423
42.21	65.29536
42.88	63.85133
43.44	63.97689
44	63.91411
44.57	62.784
45.21	61.33997
45.8	61.40275
46.33	61.33997
46.93	60.14707
47.58	58.82861
48.16	58.95418
48.71	57.25901
49.27	57.57293
49.47	56.19168
49.5	55.37549
49.32	53.86867
49.05	52.11072
48.82	50.66669
48.57	48.90874
48.3	47.27635
48.07	45.70675
47.86	44.13715
47.5	42.19085
47.27	40.8096
46.99	39.24
46.76	37.85875
46.45	36.16359
46.21	34.59398
45.89	32.71046
45.56	31.07808
45.23	29.06899
44.93	27.37382
44.61	25.36474
44.32	23.98349
44.02	22.22554
43.71	20.65594
43.41	19.14912
43.14	17.6423
42.85	16.0727
42.56	14.5031
42.21	13.05907
41.89	11.48947
41.57	9.543168
41.24	7.910784
40.86	6.215616
40.54	4.520448
40.17	3.013632
39.82	1.444032
39.43	-0.188352
39.08	-1.820736
38.76	-3.201984
38.41	-4.897152
37.98	-6.341184
37.64	-7.848
37.23	-9.292032
36.77	-10.86163
36.2	-12.49402
35.69	-13.62413
35.15	-15.00538
34.63	-16.19827
34.09	-17.57952
33.55	-18.77242
33.01	-20.0281
32.43	-21.15821
31.89	-22.47667
31.34	-23.73235
30.76	-25.1136
30.25	-26.43206
29.69	-27.49939
29.15	-29.00621
28.6	-30.07354
28.13	-31.26643
27.6	-32.5849
27.01	-33.58944
26.45	-34.59398
25.87	-35.72409
25.32	-36.72864
24.72	-37.79597
24.14	-38.73773
23.55	-39.55392
22.96	-40.55846
22.35	-41.31187
21.85	-41.75136
21.23	-42.06528
20.72	-41.87693
20.19	-42.25363
19.67	-42.50477
19.04	-42.75591
18.54	-42.94426
18.01	-43.13261
17.51	-43.25817
16.97	-43.63488
16.47	-43.88602
15.84	-44.07437
15.31	-44.45107
14.81	-44.51385
14.29	-44.63942
13.79	-45.07891
13.28	-45.07891
12.75	-45.33005
12.23	-45.45562
11.72	-46.02067
11.1	-46.20902
10.58	-46.27181
9.95	-46.52295
9.45	-47.088
8.95	-47.088
8.37	-47.4647
7.8	-47.71584
7.18	-48.09254
6.55	-48.40646
6.05	-48.6576
5.54	-48.84595
4.97	-49.22266
4.39	-49.59936
3.75	-50.03885
3.13	-50.41555
2.62	-50.41555
2.12	-51.04339
1.51	-51.4201
1.01	-51.67123
0.39	-52.04794
-0.12	-52.42464
-0.74	-52.73856
-1.35	-53.05248
-1.86	-53.42918
-2.46	-53.99424
-2.97	-53.99424
-3.59	-54.24538
-4.09	-54.74765
-4.71	-55.18714
-5.32	-55.56384
-5.82	-55.81498
-6.44	-56.12889
-7.06	-56.5056
-7.56	-56.88231
-8.18	-57.32179
-8.79	-57.57293
-9.29	-57.76128
-9.81	-57.88685
-10.43	-58.13799
-11.04	-58.38912
-11.55	-58.57747
-12.05	-58.95418
-12.68	-59.14253
-13.18	-59.2681
-13.79	-59.51923
-14.42	-59.77037
-15.03	-59.95872
-15.55	-60.08429
-16.17	-60.14707
-16.69	-60.14707
-17.3	-60.46099
-17.93	-60.64935
-18.43	-60.52378
-18.94	-60.64935
-19.45	-60.46099
-19.96	-60.8377
-20.46	-60.64935
-20.97	-60.8377
-21.49	-60.8377
-22.11	-60.71213
-22.62	-60.90048
-23.14	-60.52378
-23.64	-60.71213
-24.16	-60.71213
-24.68	-60.52378
-25.18	-60.33542
-25.69	-60.27264
-26.21	-60.14707
-26.72	-60.27264
-27.26	-60.08429
-27.78	-59.89594
-28.29	-59.70758
-28.82	-59.45645
-29.36	-59.45645
-29.87	-59.2681
-30.41	-58.89139
-30.96	-58.70304
-31.48	-58.32634
-32.01	-57.76128
-32.51	-58.01242
-33.05	-57.76128
-33.57	-57.38457
-34.1	-56.94509
-34.62	-56.75674
-35.18	-56.31725
-35.72	-56.12889
-36.24	-55.75219
-36.81	-55.3127
-37.32	-54.81043
-37.87	-54.62208
-38.39	-53.99424
-38.92	-53.7431
-39.47	-53.05248
-40.01	-52.61299
-40.56	-52.36185
-41.09	-51.7968
-41.63	-51.48288
-42.18	-50.85504
-42.71	-50.28999
-43.21	-50.03885
-43.77	-49.41101
-44.32	-48.46925
-44.86	-48.09254
-45.43	-47.4647
-46.04	-46.83686
-46.66	-46.08345
-47.19	-45.5184
-47.7	-45.07891
-48.25	-44.3255
-48.86	-43.76045
-49.39	-43.06982
-49.96	-42.50477
-50.56	-41.75136
-51.11	-41.31187
-51.62	-40.68403
-52.18	-39.99341
-52.71	-39.36557
-53.4	-38.61216
-53.95	-38.10989
-54.51	-37.16813
-54.74	-35.97523
-54.86	-35.41018
-54.87	-34.02893
-54.87	-32.83603
-54.86	-31.07808
-54.61	-29.69683
-54.34	-28.31558
-54.04	-27.0599
-53.79	-25.67866
-53.49	-24.36019
-53.19	-22.97894
-52.93	-21.78605
-52.66	-20.53037
-52.34	-19.2119
-52.05	-17.95622
-51.79	-16.63776
-51.49	-15.44486
-51.06	-13.68691
-50.79	-12.49402
-50.34	-10.86163
-49.83	-9.292032
-49.37	-7.722432
-48.88	-6.152832
-48.42	-4.583232
-47.94	-2.950848
-47.44	-1.506816
-47.02	0.062784
-46.55	1.25568
-46.08	2.636928
-45.71	4.39488
-45.28	6.090048
-44.86	7.722432
-44.4	9.354816
-43.97	10.86163
-43.55	12.30566
-43.13	13.62413
-42.68	14.87981
-42.21	16.44941
-41.78	17.95622
-41.31	19.02355
-40.87	20.34202
-40.37	21.53491
-39.9	22.72781
-39.36	23.9207
-38.89	25.30195
-38.39	26.49485
-37.86	27.75053
-37.34	29.06899
-36.8	30.07354
-36.3	31.32922
-35.79	32.39655
-35.27	33.65223
-34.72	35.09626
-34.17	36.16359
-33.6	37.35648
-33.01	38.54938
-32.44	39.80506
-31.85	40.8096
-31.25	42.00249
-30.66	43.13261
-30.09	44.13715
-29.5	45.1417
-28.87	45.95789
-28.26	47.15078
-27.63	47.84141
-27.01	48.46925
-26.42	49.09709
-25.99	46.64851
-25.44	47.65306
-24.76	47.088
-24.03	46.64851
-23.45	47.52749
-22.75	47.33913
-22.14	48.15533
-21.48	47.84141
-20.83	48.6576
-20.18	48.09254
-19.68	47.84141
-19.1	48.53203
-18.41	48.02976
-17.78	49.09709
-17.27	48.34368
-16.71	49.47379
-16.01	48.72038
-15.41	49.91328
-14.72	49.09709
-14.12	50.47834
-13.46	50.2272
-12.81	51.04339
-12.15	50.66669
-11.49	50.47834
-10.86	51.48288
-10.21	51.10617
-9.58	52.23629
-8.91	51.98515
-8.3	52.9897
-7.63	52.48742
-7	53.80589
-6.33	53.49197
-5.64	53.17805
-5.06	54.24538
-4.35	53.99424
-3.75	55.18714
-3.07	54.81043
-2.44	55.94054
-1.77	55.56384
-1.17	56.44282
-0.49	56.00333
0.12	57.38457
0.79	56.63117
1.4	58.20077
1.91	57.19622
2.5	58.57747
3.18	58.01242
3.81	59.20531
4.48	58.76582
5.11	59.95872
5.79	59.39367
6.41	60.71213
7.09	59.89594
7.71	60.96326
8.41	60.52378
9.02	61.5911
9.7	61.52832
10.4	60.71213
11.01	61.90503
11.72	61.2144
12.36	62.15616
13.03	61.90503
13.68	62.47008
14.36	61.96781
15.1	61.52832
15.7	62.28173
16.4	61.71667
17.05	62.34451
17.76	61.90503
18.39	62.53286
18.69	61.2144
19.31	61.96781
20.02	61.08883
20.69	61.77946
21.61	61.2144
22.38	61.71667
22.99	61.08883
23.7	60.14707
24.35	60.77491
24.88	59.51923
25.54	60.20985
26.08	58.76582
26.73	59.20531
27.24	58.20077
27.89	58.64025
28.45	57.44736
29.08	57.76128
29.65	56.75674
30.29	57.00787
30.81	55.81498
31.44	56.38003
31.99	54.99878
32.64	55.37549
33.17	54.18259
33.83	54.62208
34.37	53.24083
35.05	53.68032
35.52	52.42464
36.23	52.86413
36.72	51.48288
37.42	51.85958
37.94	50.66669
38.63	50.91782
38.91	49.53658
39.6	49.91328
40.12	48.84595
40.9	48.02976
41.6	48.02976
42.13	47.15078
42.89	46.08345
43.56	46.33459
44.09	45.33005
44.9	44.19994
45.59	44.19994
46.15	43.13261
46.95	41.93971
47.37	40.62125
47.5	39.55392
47.5	38.17267
47.45	36.66586
47.18	35.47296
46.9	33.65223
46.58	31.64314
46.33	30.13632
46.08	28.75507
45.87	27.12269
45.57	25.36474
45.34	24.10906
45.08	22.72781
44.69	20.65594
44.35	18.77242
44.01	16.70054
43.73	15.25651
43.47	13.68691
43.15	12.05453
42.87	10.29658
42.53	7.973568
42.17	6.152832
41.84	4.332096
41.51	2.82528
41.22	1.25568
40.81	-0.62784
40.48	-2.385792
40.15	-3.892608
39.8	-5.524992
39.46	-7.157376
39.1	-8.538624
38.73	-10.10822
38.34	-11.61504
37.77	-13.62413
37.22	-15.38208
36.83	-16.76333
36.21	-18.52128
35.82	-19.90253
35.2	-21.5977
34.58	-23.29286
33.92	-24.67411
33.23	-26.05536
32.58	-27.24826
31.92	-28.69229
31.25	-30.01075
30.58	-31.392
29.92	-32.9616
29.26	-34.40563
28.59	-35.72409
27.9	-36.97977
27.23	-38.29824
26.55	-39.49113
25.83	-40.49568
25.16	-42.06528
24.51	-43.06982
23.81	-44.13715
23.11	-45.1417
22.4	-45.8951
21.68	-46.83686
20.98	-47.59027
20.26	-48.2809
19.53	-48.90874
19.03	-49.41101
18.28	-49.85049
17.76	-49.85049
17.26	-49.97606
16.74	-49.85049
16.22	-49.78771
15.7	-49.85049
15.2	-49.78771
14.67	-49.85049
14.15	-49.97606
13.64	-49.97606
13.13	-49.78771
12.61	-49.97606
12.06	-49.66214
11.56	-49.97606
11.03	-49.78771
10.52	-49.78771
10.02	-49.66214
9.5	-49.59936
8.99	-49.47379
8.47	-49.59936
7.95	-49.47379
7.43	-49.47379
6.92	-49.41101
6.39	-49.41101
5.87	-49.47379
5.35	-49.28544
4.82	-49.22266
4.29	-49.28544
3.78	-49.09709
3.26	-49.22266
2.75	-49.03431
2.22	-49.03431
1.71	-48.90874
1.21	-48.84595
0.68	-48.78317
0.14	-48.78317
-0.38	-48.59481
-0.9	-48.46925
-1.44	-48.40646
-1.95	-48.21811
-2.45	-48.2809
-2.98	-48.2809
-3.5	-48.02976
-4.01	-48.02976
-4.53	-47.90419
-5.05	-47.84141
-5.57	-47.71584
-6.08	-47.65306
-6.63	-47.65306
-7.39	-47.59027
-7.92	-47.40192
-8.43	-47.4647
-8.93	-47.27635
-9.45	-47.21357
-9.97	-47.088
-10.49	-46.83686
-11.01	-46.89965
-11.52	-46.7113
-12.03	-46.7113
-12.54	-46.64851
-13.07	-46.52295
-13.57	-46.33459
-14.08	-46.20902
-14.61	-46.08345
-15.36	-45.8951
-15.87	-45.83232
-16.38	-45.70675
-16.89	-45.45562
-17.4	-45.45562
-17.92	-45.07891
-18.43	-45.1417
-18.95	-44.82778
-19.45	-44.63942
-20.19	-44.45107
-20.72	-44.3255
-21.22	-44.07437
-21.98	-43.76045
-22.74	-43.50931
-23.25	-43.25817
-24.01	-42.94426
-24.53	-42.56755
-25.03	-42.3792
-25.54	-42.12806
-26.04	-42.06528
-26.77	-39.80506
-27.43	-39.80506
-27.95	-38.98886
-28.75	-38.54938
-29.39	-38.73773
-29.93	-37.79597
-30.77	-36.97977
-31.63	-37.35648
-32.27	-36.54029
-32.88	-35.59853
-33.71	-34.78234
-34.37	-33.14995
-35.03	-33.14995
-35.59	-32.08262
-36.43	-31.07808
-37.09	-31.20365
-37.74	-30.26189
-38.61	-29.32013
-39.15	-29.25734
-39.68	-28.44115
-40.38	-28.31558
-41.09	-27.24826
-41.89	-26.3065
-42.55	-25.86701
-43.11	-24.29741
-43.64	-23.10451
-44.16	-22.09997
-44.75	-22.3511
-45.4	-21.15821
-46.27	-19.96531
-46.89	-19.77696
-47.4	-18.52128
-47.96	-18.33293
-48.66	-16.76333
-49.67	-15.57043
-50.46	-15.06816
-50.99	-13.18464
-52.1	-8.350272
-53.08	-6.090048
-53.72	-6.655104
-54.36	-5.524992
-54.88	-5.273856
-54.79	-3.892608
-54.92	-2.574144
-54.89	-1.318464
