Galeota 1996 SpecimenBA4	
1578	
0.18	3.013632
0.4	6.403968
0.57	8.287488
0.62	9.10368
0.72	12.05453
0.91	14.62867
1.08	15.50765
1.13	17.89344
1.31	20.4048
1.57	23.1673
1.65	24.17184
1.79	25.92979
1.97	28.69229
2.17	31.45478
2.25	32.45933
2.4	34.28006
2.6	37.48205
2.76	39.67949
2.85	40.87238
3.15	44.3255
3.26	45.5184
3.46	47.71584
3.79	51.04339
3.78	52.04794
4.08	54.11981
4.28	56.06611
4.29	57.07066
4.73	59.95872
4.83	60.77491
5.04	62.53286
5.38	65.16979
5.41	65.98598
5.69	67.74393
6.03	70.06694
6.12	70.69479
6.52	74.02234
6.79	74.65018
7.05	76.72205
7.35	78.98227
7.56	79.48454
8	82.18426
8.09	82.8121
8.439999	84.82118
8.600001	85.82573
9.04	87.8976
9.140001	88.39987
9.58	90.91123
9.640001	91.66464
9.99	93.48537
10.15	94.05043
10.65	96.43623
10.87	96.87571
11.36	99.38707
11.48	99.63821
12.02	102.024
12.06	102.5891
12.69	103.468
12.99	104.8493
13.19	106.0422
13.65	107.6118
13.79	107.8001
14.4	109.9348
14.47	110.3115
14.62	106.2305
15.03	106.5444
15.56	108.3024
15.99	108.993
16.14	109.1186
16.66	108.993
17.2	108.3652
18.21	95.30611
18.42	94.74106
18.54	92.54362
18.14	89.59277
17.76	86.95584
17.65	85.76295
17.42	84.44448
17.08	82.05869
16.81	80.86579
16.48	78.79392
16.3	77.22432
15.95	76.40813
15.57	73.95955
15.41	72.70387
15.04	70.31808
14.8	69.31354
14.44	66.99052
14.26	65.9232
14.03	64.41638
13.61	62.21894
13.42	61.2144
13.09	58.64025
12.85	57.63571
12.6	55.43827
12.34	54.30816
12.1	52.92691
11.63	50.35277
11.46	48.97152
11.09	47.21357
10.91	45.95789
10.4	43.5721
10.34	42.12806
9.890001	39.99341
9.7	38.98886
9.359999	36.60307
9.020001	34.40563
8.890001	33.3383
8.32	29.94797
8.020001	28.69229
7.63	27.37382
7.4	26.99712
6.86	24.23462
6.77	22.3511
6.49	21.5977
6.27	19.58861
6.03	18.20736
5.61	15.06816
5.47	14.1264
5.12	12.24288
4.9	10.04544
4.65	9.10368
4.24	6.341184
4.09	5.399424
3.83	3.578688
3.55	1.192896
3.62	0.94176
3	-2.762496
2.92	-3.892608
2.77	-5.96448
2.33	-8.16192
2.22	-9.166464
1.76	-12.61958
1.69	-13.87526
1.46	-16.19827
1.16	-17.2656
0.82	-19.77696
0.51	-22.3511
0.41	-23.73235
0.3	-24.92525
-0.18	-28.94342
-0.22	-30.07354
-0.32	-31.45478
-0.74	-33.71501
-0.76	-34.90791
-1.21	-38.0471
-1.38	-39.55392
-1.52	-41.1863
-1.96	-44.70221
-2.06	-44.82778
-2.43	-48.53203
-2.71	-49.72493
-3.04	-51.73402
-3.25	-53.93146
-3.21	-55.24992
-3.78	-57.19622
-3.79	-58.57747
-4.26	-61.84224
-4.4	-62.84678
-4.76	-65.16979
-4.96	-66.2999
-5.05	-67.68115
-5.47	-69.87859
-5.73	-70.75757
-6.12	-72.64109
-6.08	-73.70842
-6.71	-75.65472
-6.78	-76.65926
-7.4	-76.65926
-8.100001	-79.23341
-8.16	-80.23795
-8.79	-82.56096
-9	-82.93766
-9.43	-85.1351
-9.72	-85.57459
-10.16	-87.77203
-10.41	-88.39987
-10.73	-90.53453
-11.08	-90.91123
-11.56	-93.48537
-12.03	-93.73651
-12.66	-95.24332
-12.93	-96.05952
-13.34	-97.25242
-14.08	-98.44531
-13.92	-98.69645
-14.58	-100.0149
-15.13	-101.3962
-15.26	-101.8356
-16.1	-102.7774
-16.84	-103.782
-17.05	-104.347
-17.34	-104.5354
-18.08	-105.1632
-18.77	-104.9121
-19.8	-99.38707
-20.27	-98.06861
-21.02	-96.43623
-21.09	-95.68282
-20.95	-93.67373
-20.54	-90.91123
-20.37	-89.78112
-19.95	-87.39532
-19.73	-86.7047
-19.36	-84.19334
-19.11	-83.37715
-18.75	-81.43085
-18.41	-80.23795
-18.11	-77.78938
-17.7	-76.21977
-17.38	-74.71296
-16.98	-72.70387
-16.76	-72.13882
-16.29	-70.06694
-16.13	-68.56013
-15.75	-66.99052
-15.65	-65.9232
-15.13	-63.53741
-14.99	-62.65843
-14.63	-60.96326
-14.25	-59.83315
-13.92	-57.88685
-13.82	-57.00787
-13.24	-54.62208
-13.2	-53.68032
-12.48	-51.73402
-12.28	-50.91782
-11.95	-49.09709
-11.71	-47.59027
-11.21	-44.76499
-10.89	-44.19994
-10.29	-41.37466
-10.06	-40.74681
-9.479999	-38.61216
-9.38	-37.79597
-8.859999	-35.91245
-8.649999	-34.90791
-8.26	-33.21273
-8.11	-32.08262
-7.76	-30.63859
-7.38	-29.32013
-6.89	-27.8761
-6.6	-25.36474
-6.3	-24.29741
-5.91	-22.3511
-5.52	-20.0281
-5.4	-18.58406
-4.82	-16.26106
-4.81	-15.25651
-4.35	-12.68237
-4.14	-11.42669
-3.99	-10.04544
-3.42	-6.59232
-3.21	-5.33664
-2.89	-3.955392
-2.66	-1.757952
-2.49	-0.251136
-2.08	3.578688
-1.76	5.02272
-1.57	6.969024
-1.32	9.543168
-1.08	10.54771
-0.87	12.43123
-0.58	13.68691
-0.5	15.63322
-0.12	19.27469
0.03	20.21645
0.25	22.03718
0.46	25.1136
0.66	26.36928
1.05	28.75507
1.21	29.69683
1.48	32.27098
1.84	35.22182
2.09	36.41472
2.3	39.42835
2.82	42.25363
3.02	43.44653
3.2	45.20448
3.61	48.2809
3.77	49.72493
3.93	51.04339
4.4	54.05702
4.58	55.68941
4.74	57.00787
5.1	59.83315
5.4	61.15162
5.74	62.34451
5.95	63.22349
6.4	65.9232
6.67	66.7394
6.94	69.18797
7.29	70.06694
7.84	72.13882
7.89	72.95501
8.5	74.5246
8.7	75.46637
9.17	77.22432
9.43	78.10329
9.67	79.23341
10.3	80.36352
10.54	81.6192
10.84	83.00045
11.37	84.44448
11.6	85.19789
12.19	86.7047
12.46	87.01862
12.73	88.14874
13.26	89.4672
13.39	89.96947
13.86	91.09959
14.49	92.04134
14.85	92.73197
15.15	92.92032
15.68	93.92487
16.26	94.74106
16.62	95.49446
17.05	95.80839
17.84	96.49901
18.52	96.24787
19.15	96.05952
19.62	92.35526
19.86	89.34163
20.19	89.96947
20.77	90.28339
21.51	90.09504
22.09	89.4672
22.79	88.96493
23.49	88.14874
24.24	86.95584
24.39	86.328
24.86	86.20243
25.65	83.94221
25.98	83.56551
26.31	83.43993
26.91	82.74931
27.6	80.80301
27.99	80.86579
28.61	80.67744
29.39	78.8567
30.02	78.98227
30.68	78.66835
30.96	76.9104
31.35	77.03596
32.12	76.9104
32.78	74.83853
33.42	74.46182
33.71	73.83398
34.14	72.45274
34.86	72.07603
35.6	70.38087
35.78	70.25529
36.43	69.94138
37.17	68.56013
37.76	68.56013
38.4	67.1161
38.89	67.1161
39.62	66.99052
40.57	65.54649
40.97	64.54195
40.6	61.40275
40.07	58.57747
39.94	57.44736
39.4	54.81043
39.19	53.24083
38.97	52.11072
38.62	51.16896
38.24	48.72038
38.07	47.40192
37.79	46.20902
37.43	43.76045
37.03	42.63034
36.82	41.62579
36.45	39.42835
36.11	38.23545
35.92	36.79142
35.48	34.46841
35.28	33.65223
34.75	31.14086
34.54	30.13632
34.16	28.12723
33.97	27.49939
33.6	25.4903
33.37	24.23462
32.99	22.72781
32.8	21.5977
32.26	19.83974
32.13	18.8352
31.68	16.82611
31.45	16.00992
30.94	13.49856
30.78	13.12186
30.27	11.23834
30.1	10.48493
29.7	8.978112
29.37	7.53408
29.16	6.59232
28.58	5.02272
28.62	4.771584
28.09	3.1392
28.03	2.323008
27.57	1.25568
27.07	-0.125568
27.14	-0.376704
26.57	-1.757952
26.2	-3.201984
25.95	-3.704256
25.18	-5.713344
24.95	-5.96448
24.17	-7.785216
23.7	-8.47584
23.33	-9.10368
22.67	-10.29658
22.03	-11.61504
21.78	-11.86618
21.19	-11.67782
20.59	-12.68237
20.04	-13.12186
19.55	-14.25197
19.21	-14.5031
18.7	-15.44486
18.08	-15.88435
17.53	-16.8889
17.31	-17.2656
16.71	-17.95622
16.12	-19.14912
15.6	-19.46304
15.39	-19.96531
14.72	-20.84429
14.13	-20.4048
13.58	-21.40934
13	-22.3511
12.64	-21.53491
11.84	-23.544
10.97	-24.92525
10.88	-25.30195
10.23	-25.74144
9.71	-26.99712
9.270001	-27.8761
8.96	-27.68774
8.34	-29.25734
7.6	-30.95251
7.33	-31.51757
6.61	-33.02438
6.28	-33.90336
5.85	-35.41018
5.39	-36.60307
5.07	-36.4775
4.37	-39.17722
4.09	-40.24454
3.37	-42.25363
3.24	-42.19085
2.71	-43.63488
2.39	-45.76954
1.98	-46.58573
1.61	-48.2809
1.27	-48.97152
0.53	-50.35277
0.37	-51.29453
-0.02	-53.30362
-0.29	-54.11981
-0.72	-54.43373
-1.24	-56.25446
-1.52	-57.38457
-1.9	-59.01696
-2.44	-60.46099
-2.54	-61.2144
-3.04	-62.34451
-3.31	-62.97235
-3.7	-64.3536
-4.13	-65.73485
-4.45	-66.7394
-4.93	-68.37177
-5.17	-68.93683
-5.91	-69.87859
-6.37	-71.44819
-6.54	-72.07603
-7.04	-73.14336
-7.52	-74.65018
-7.82	-74.21069
-8.439999	-76.09421
-8.99	-77.2871
-9.29	-77.66381
-10.05	-78.41721
-10.57	-79.35898
-10.76	-80.0496
-11.27	-80.67744
-11.93	-80.55187
-12.43	-80.99136
-13.01	-81.74477
-13.8	-81.43085
-14.45	-82.18426
-14.95	-81.9959
-15.69	-81.17971
-16.28	-80.86579
-16.84	-81.17971
-17.49	-79.48454
-18.24	-79.86124
-18.83	-79.61012
-19.54	-78.04051
-20.13	-78.41721
-20.79	-78.04051
-21.22	-76.59648
-21.58	-76.47091
-22.12	-76.40813
-22.87	-76.59648
-23.51	-74.5246
-24.16	-74.71296
-24.94	-73.08057
-25.26	-72.82944
-25.87	-72.70387
-26.71	-71.32262
-27.58	-70.75757
-28.36	-69.37632
-28.7	-69.37632
-29.25	-68.99962
-30.07	-67.17888
-30.69	-67.55559
-31.31	-67.17888
-31.72	-65.60928
-32.13	-65.54649
-32.81	-65.79763
-33.52	-63.97689
-34.08	-63.72576
-34.81	-63.78854
-35.17	-62.34451
-35.53	-62.34451
-36.2	-61.84224
-36.89	-60.46099
-37.71	-60.27264
-38.67	-58.82861
-39.08	-58.38912
-39.58	-58.57747
-40.15	-57.07066
-40.75	-56.5056
-41.37	-56.81952
-42	-55.12435
-42.26	-54.87321
-42.86	-54.68486
-43.55	-53.05248
-44.31	-53.11526
-44.88	-52.92691
-45.42	-51.35731
-45.67	-51.16896
-45.63	-48.53203
-45.08	-45.95789
-44.83	-45.1417
-44.25	-42.44198
-44.07	-41.81414
-43.52	-39.67949
-43.19	-38.61216
-42.64	-37.04256
-42.34	-36.1008
-41.88	-34.28006
-41.62	-33.27552
-41.11	-31.70592
-40.82	-30.70138
-40.27	-29.25734
-40.08	-28.50394
-39.77	-27.68774
-39.2	-26.18093
-38.92	-25.36474
-38.65	-24.7369
-38.03	-23.23008
-37.73	-22.41389
-37.26	-21.03264
-36.66	-19.58861
-36.42	-18.77242
-35.85	-17.45395
-35.51	-16.70054
-35.25	-16.19827
-34.67	-14.62867
-34.4	-13.87526
-34.14	-13.05907
-33.6	-11.67782
-33.34	-10.73606
-32.99	-10.04544
-32.38	-8.538624
-32.21	-7.785216
-31.84	-7.094592
-31.09	-5.085504
-30.75	-4.39488
-30.2	-2.950848
-29.88	-2.385792
-29.66	-1.632384
-29	-0.376704
-28.46	0.816192
-28.26	1.130112
-27.76	2.323008
-27.25	2.950848
-27.04	3.327552
-26.75	3.829824
-26.25	4.959936
-25.59	5.96448
-25.37	6.529536
-24.74	7.471296
-24.12	8.538624
-23.89	8.978112
-23.29	10.04544
-22.71	10.86163
-22.34	11.55226
-22.09	11.74061
-21.46	12.61958
-20.73	13.49856
-20.28	14.1264
-20.15	14.5031
-19.58	14.87981
-18.93	15.696
-18.35	16.00992
-17.83	16.63776
-17.63	16.51219
-17	17.2656
-16.44	17.89344
-15.81	18.4585
-15.26	18.96077
-14.9	19.40026
-14.6	19.65139
-13.96	20.15366
-13.21	21.15821
-12.52	21.78605
-12.24	22.22554
-11.98	22.53946
-11.37	23.1673
-10.74	24.10906
-10.1	24.61133
-9.8	25.17638
-9.479999	25.55309
-8.8	25.61587
-8.23	26.55763
-7.57	27.56218
-7.19	28.31558
-6.91	28.94342
-6.08	29.88518
-5.32	30.70138
-4.94	31.70592
-4.61	31.95706
-3.84	33.71501
-3.07	35.03347
-2.8	35.91245
-2.12	36.97977
-1.71	37.98432
-1.29	38.29824
-0.6	40.24454
0.25	41.37466
0.4	42.3792
0.94	42.44198
1.68	43.63488
2.16	44.76499
2.47	45.70675
3.31	46.77408
3.54	47.77863
4.12	47.59027
4.85	48.72038
5.69	49.72493
5.96	50.66669
6.33	51.48288
7.14	52.23629
7.71	51.92237
8.59	53.49197
8.8	53.49197
9.71	54.05702
10.44	54.49651
11.01	55.3127
11.4	56.06611
11.7	55.81498
12.68	55.81498
13.49	57.07066
14.35	57.25901
15.2	57.44736
16.02	57.51014
16.88	57.19622
17.63	58.38912
18.5	58.0752
19.04	57.63571
19.45	58.57747
20.08	57.82406
21.04	58.4519
21.83	58.01242
22.38	58.38912
23.19	57.88685
24.08	57.63571
24.97	56.88231
25.76	56.63117
26.66	56.06611
27.19	56.25446
27.91	55.81498
28.86	56.44282
29.4	55.50106
30.29	54.81043
31.14	54.30816
31.95	54.81043
32.46	53.7431
33.39	53.05248
33.81	53.42918
34.64	52.67578
35.51	51.85958
36.33	52.36185
37.35	51.67123
37.73	50.47834
38.28	49.72493
39.04	50.16442
39.98	49.34822
40.86	48.53203
41.76	47.33913
41.8	46.89965
41.34	43.76045
40.99	42.00249
40.66	39.99341
40.17	37.85875
39.73	35.72409
39.27	33.84058
38.91	31.70592
38.51	29.69683
38.17	28.12723
37.73	26.18093
37.4	24.61133
36.91	23.1673
36.56	21.34656
36.15	19.65139
35.78	17.89344
35.41	16.44941
35.07	15.19373
34.74	13.87526
34.18	11.92896
33.88	10.67328
33.56	9.292032
33.13	7.910784
32.71	6.403968
32.41	5.587776
31.99	3.829824
31.89	3.829824
31.3	2.009088
30.89	0.439488
30.77	0.376704
30.27	-1.192896
29.84	-2.385792
29.43	-3.327552
28.9	-4.520448
28.49	-5.587776
27.96	-6.529536
27.46	-7.471296
27	-8.350272
26.48	-9.166464
25.47	-10.35936
24.88	-11.23834
24.32	-11.86618
23.73	-12.30566
22.98	-13.24742
22.46	-14.00083
21.92	-14.5031
21.41	-15.00538
20.81	-15.63322
19.81	-16.63776
19.3	-17.20282
18.71	-17.6423
18.18	-18.27014
17.09	-19.2119
16.51	-19.65139
15.98	-20.0281
15.47	-20.21645
14.92	-20.59315
14.35	-21.03264
13.72	-21.34656
13.24	-21.72326
12.73	-22.22554
12.12	-22.72781
11.59	-23.23008
11.03	-23.60678
9.95	-24.7369
9.439999	-25.30195
8.810001	-25.67866
7.8	-26.87155
7.34	-27.49939
6.72	-27.93888
6.22	-28.50394
5.23	-29.69683
4.72	-30.51302
4.1	-31.14086
3.55	-31.70592
2.58	-32.89882
2.11	-33.71501
1.54	-34.21728
0.49	-35.66131
0.04	-36.28915
-0.45	-36.97977
-1.01	-37.60762
-1.61	-38.17267
-2.01	-38.80051
-2.54	-39.42835
-3.63	-40.74681
-4.2	-41.37466
-4.62	-42.00249
-5.12	-42.56755
-5.75	-43.13261
-6.25	-43.76045
-6.69	-44.13715
-7.28	-44.70221
-7.87	-45.20448
-8.82	-46.08345
-9.359999	-46.58573
-9.97	-46.96243
-10.45	-47.33913
-11.02	-47.90419
-11.54	-48.09254
-12.08	-48.46925
-12.64	-48.72038
-13.77	-49.28544
-14.28	-49.66214
-14.93	-49.72493
-15.96	-50.28999
-16.52	-50.54112
-17.09	-50.72947
-17.63	-50.91782
-18.27	-51.04339
-19.34	-51.35731
-19.87	-51.54567
-20.52	-51.67123
-21.69	-51.92237
-22.21	-51.73402
-22.77	-51.67123
-23.31	-51.85958
-23.89	-51.73402
-24.5	-51.67123
-25.09	-51.67123
-25.63	-51.48288
-26.3	-51.48288
-26.84	-51.48288
-27.55	-51.29453
-28.11	-51.10617
-28.71	-50.85504
-29.31	-50.72947
-29.91	-50.35277
-30.55	-50.28999
-31.07	-50.10163
-31.67	-49.85049
-32.3	-49.47379
-32.92	-49.15987
-33.55	-48.97152
-34.37	-48.34368
-35.19	-47.52749
-35.84	-47.59027
-36.4	-47.27635
-37.1	-46.96243
-37.7	-46.58573
-38.27	-46.14624
-38.98	-45.70675
-39.6	-45.20448
-40.19	-44.70221
-40.78	-44.38829
-41.57	-43.9488
-42.07	-43.50931
-42.73	-43.13261
-43.36	-42.44198
-44.02	-42.12806
-44.72	-41.62579
-45.24	-41.1863
-45.85	-40.8096
-46.46	-40.37011
-46.66	-37.85875
-45.94	-34.71955
-45.46	-33.08717
-44.95	-31.83149
-44.64	-30.32467
-44.18	-28.94342
-43.7	-27.68774
-43.35	-26.3065
-42.91	-25.1136
-42.46	-23.73235
-42	-22.53946
-41.04	-20.34202
-40.61	-19.33747
-39.68	-17.01446
-39.27	-15.88435
-38.77	-14.81702
-38.33	-13.62413
-37.88	-12.61958
-36.98	-10.35936
-36.44	-9.480384
-35.5	-7.094592
-35.07	-5.96448
-34.13	-3.892608
-33.73	-2.699712
-32.75	-0.816192
-32.29	0.188352
-31.67	1.381248
-31.28	2.009088
-31.17	2.19744
-30.28	3.829824
-29.78	4.7088
-29.31	5.524992
-28.33	6.969024
-27.81	7.722432
-27.39	8.350272
-26.86	9.10368
-26.35	9.857088
-25.83	10.54771
-25.32	11.11277
-24.46	12.24288
-23.79	12.74515
-23.6	13.05907
-23.11	13.68691
-22.43	14.62867
-21.67	15.50765
-21.36	15.696
-21.12	16.00992
-20.19	17.2656
-19.63	17.39117
-19.08	17.6423
-18.51	17.83066
-17.55	18.20736
-16.98	18.64685
-16.44	18.77242
-15.86	19.02355
-14.86	19.46304
-14.35	19.65139
-13.83	20.21645
-13.28	20.15366
-12.74	20.46758
-12.01	21.03264
-11.36	21.5977
-10.32	21.84883
-9.810001	22.22554
-9.22	22.41389
-8.689999	22.79059
-7.67	23.60678
-7.08	24.17184
-6.1	24.98803
-5.56	25.4903
-4.49	26.3065
-4.06	26.74598
-3.53	27.31104
-2.58	28.31558
-2.05	28.75507
-1.53	29.32013
-0.97	29.69683
0.02	30.76416
1.05	31.70592
1.52	32.27098
2.06	32.83603
2.6	33.08717
3.56	34.21728
4.08	34.5312
4.62	35.03347
5.09	35.47296
5.63	35.91245
6.16	36.41472
6.73	36.85421
7.7	37.60762
8.26	37.98432
8.770001	38.42381
9.32	38.80051
9.859999	39.17722
10.42	39.42835
10.94	39.80506
11.49	40.18176
12.01	40.4329
12.56	40.8096
13.12	40.99795
13.68	41.1863
14.2	41.56301
14.75	41.75136
15.35	42.00249
15.89	42.25363
16.98	42.56755
17.56	42.75591
18	43.00704
18.62	43.19539
19.16	43.19539
19.74	43.32096
20.29	43.44653
20.89	43.5721
21.43	43.5721
22.01	43.63488
22.58	43.63488
23.12	43.76045
23.63	43.5721
24.17	43.63488
24.79	43.63488
25.35	43.5721
25.94	43.5721
26.53	43.38374
27.69	43.19539
28.22	42.94426
28.84	42.94426
29.34	42.75591
29.93	42.3792
30.49	42.3792
31.12	41.93971
31.66	42.00249
32.28	41.75136
32.79	41.37466
33.41	41.1863
33.96	40.8096
34.57	40.62125
35.24	40.37011
35.67	40.18176
36.33	39.99341
36.93	39.6167
38.08	39.17722
38.63	38.8633
39.24	38.61216
39.86	38.29824
40.4	38.17267
40.97	37.85875
41.65	35.72409
42.22	36.1008
42.12	32.83603
41.63	30.95251
41.22	28.75507
40.91	26.93434
40.47	25.1136
40.03	23.544
39.63	21.9744
39.31	20.34202
38.84	18.8352
38.58	17.39117
38.17	16.0727
37.84	14.81702
37.29	12.74515
37.03	11.92896
36.43	9.668736
36.05	8.287488
35.73	7.094592
35.44	6.152832
34.93	4.583232
34.74	3.829824
34.06	1.820736
33.94	1.5696
33.44	0.251136
32.91	-1.318464
32.46	-2.19744
31.63	-4.143744
31.25	-5.085504
30.73	-6.152832
30.37	-6.90624
29.87	-7.848
28.93	-9.354816
28.49	-10.04544
28.07	-10.67328
27.52	-11.30112
26.56	-12.61958
26.12	-13.05907
25.09	-14.06362
24.11	-15.25651
23.6	-15.696
22.58	-16.63776
21.58	-17.6423
21.07	-18.14458
20.65	-18.4585
20.13	-19.14912
19.07	-20.21645
18.08	-21.03264
17.65	-21.72326
16.69	-22.72781
16.18	-23.1673
15.67	-23.544
15.09	-23.41843
14.53	-23.544
13.99	-23.73235
12.99	-24.29741
11.97	-24.79968
11.47	-24.92525
10.92	-25.30195
10.37	-25.67866
9.41	-26.3065
8.88	-26.49485
8.350001	-26.87155
7.35	-27.31104
6.35	-27.93888
5.75	-28.12723
4.76	-28.56672
4.24	-28.88064
3.72	-29.13178
2.69	-29.75962
2.19	-29.94797
1.65	-30.26189
1.12	-30.51302
0.62	-30.88973
0.09000001	-31.32922
-0.38	-31.51757
-0.91	-31.89427
-1.48	-32.08262
-2.51	-32.83603
-3.15	-32.83603
-3.81	-33.08717
-4.82	-34.02893
-5.33	-34.28006
-5.91	-34.59398
-6.9	-35.09626
-7.53	-35.41018
-8.45	-35.78688
-9.03	-35.97523
-10.09	-36.60307
-10.56	-36.66586
-11.57	-37.04256
-12.1	-37.23091
-12.64	-37.48205
-13.15	-37.6704
-13.65	-37.79597
-14.21	-37.85875
-14.76	-38.17267
-15.27	-38.17267
-16.38	-38.42381
-16.89	-38.61216
-17.86	-38.80051
-18.46	-38.8633
-19.52	-38.8633
-20.05	-39.05165
-20.62	-39.05165
-21.12	-39.05165
-21.67	-39.17722
-22.13	-39.24
-22.78	-39.24
-23.32	-39.24
-23.87	-39.24
-24.94	-39.17722
-25.48	-39.24
-26.01	-39.24
-26.61	-39.17722
-27.11	-38.98886
-27.64	-38.8633
-28.29	-38.8633
-28.82	-38.67495
-29.8	-38.42381
-30.41	-38.23545
-31.02	-38.0471
-31.53	-37.98432
-32.12	-37.79597
-32.69	-37.48205
-33.29	-37.23091
-33.83	-36.97977
-34.41	-36.85421
-34.99	-36.66586
-35.51	-36.41472
-36.21	-34.78234
-36.76	-35.03347
-37.46	-33.90336
-37.97	-34.02893
-38.61	-33.21273
-39.16	-33.27552
-39.67	-33.40109
-40.28	-32.52211
-40.86	-32.52211
-41.41	-31.70592
-41.97	-31.89427
-42.66	-31.14086
-43.2	-31.14086
-43.76	-31.14086
-44.38	-30.32467
-44.88	-30.51302
-45.46	-29.50848
-46.06	-29.63405
-46.72	-28.75507
-46.9	-28.31558
-46.26	-24.92525
-45.97	-23.60678
-45.32	-21.72326
-45.01	-20.84429
-44.4	-19.14912
-44.06	-18.20736
-43.36	-16.57498
-43.02	-15.82157
-42.39	-14.18918
-42.08	-13.68691
-41.68	-12.87072
-41.02	-11.23834
-40.73	-10.54771
-40.31	-9.543168
-39.62	-8.099136
-39.21	-6.717888
-38.83	-5.776128
-38.11	-4.583232
-37.86	-3.704256
-37.45	-3.1392
-36.8	-1.381248
-36.45	-0.62784
-36.16	-0.188352
-35.56	0.94176
-35.03	2.009088
-34.97	1.946304
-34.3	3.578688
-33.62	4.7088
-33.23	5.33664
-32.56	6.341184
-31.84	7.471296
-31.5	8.16192
-30.75	9.292032
-30.1	10.10822
-29.74	10.86163
-29.11	11.55226
-28.55	12.43123
-28.35	12.68237
-28.04	12.9335
-27.3	14.31475
-26.71	15.19373
-26.56	15.19373
-25.97	16.26106
-25.27	17.07725
-24.62	17.89344
-24.31	18.4585
-23.63	19.08634
-22.91	20.21645
-22.67	20.4048
-22.25	20.7815
-21.74	20.21645
-21.06	21.03264
-20.24	20.84429
-19.41	20.84429
-18.64	22.03718
-17.83	21.9744
-17.04	21.9744
-16.18	22.22554
-15.44	23.1673
-15.01	22.79059
-14.26	22.91616
-13.41	23.1673
-12.67	24.17184
-11.82	24.36019
-11.07	24.61133
-10.27	24.61133
-9.439999	24.79968
-8.7	25.61587
-7.9	25.61587
-7.56	26.36928
-7.1	25.80422
-6.18	26.11814
-5.25	26.18093
-4.47	27.49939
-3.72	27.18547
-2.93	27.31104
-2.15	28.50394
-1.36	28.56672
-1.05	28.94342
-0.62	28.50394
0.15	29.50848
0.99	29.69683
1.73	29.57126
2.52	30.32467
3.28	30.76416
4.1	30.63859
4.84	31.51757
5.3	30.88973
6.06	32.08262
6.86	31.89427
7.68	31.89427
8.390001	32.71046
9.28	32.45933
10.04	32.52211
10.91	32.45933
11.61	33.08717
12.45	33.02438
13.29	32.83603
13.99	33.71501
14.84	33.46387
15.64	33.08717
16.42	34.09171
16.89	33.27552
17.72	34.02893
18.47	34.02893
19.29	33.3383
20.12	33.02438
20.9	33.84058
21.76	33.3383
22.56	32.71046
23.4	33.3383
24.25	32.71046
25.06	32.14541
26	31.70592
26.71	32.08262
27.19	31.26643
27.57	31.32922
28.48	30.76416
29.25	31.45478
30.12	30.45024
31.02	29.75962
31.9	30.13632
32.62	29.50848
33.12	28.56672
33.52	28.88064
34.35	28.12723
35.23	28.69229
36.07	27.93888
36.73	27.31104
37.25	27.68774
38.18	26.55763
39.02	26.99712
39.57	25.99258
39.97	26.18093
40.85	25.36474
41.86	24.61133
41.72	22.60224
41.15	19.96531
40.89	18.64685
40.16	16.38662
39.95	15.3193
39.47	13.49856
39.24	12.68237
38.64	10.29658
38.35	9.354816
37.84	7.471296
37.62	6.529536
37.08	4.771584
36.81	4.332096
36.22	2.448576
35.97	2.134656
35.63	0.753408
35.14	-0.565056
34.97	-1.318464
34.24	-2.762496
33.89	-3.704256
33.59	-4.206528
32.84	-5.713344
32.41	-6.529536
32.17	-7.157376
31.39	-8.47584
30.99	-9.354816
30.7	-9.857088
29.94	-11.11277
29.59	-11.86618
29.17	-12.30566
28.42	-13.31021
27.71	-14.25197
27.27	-14.69146
26.91	-15.19373
26.1	-15.63322
25.31	-16.44941
24.49	-17.20282
24.08	-17.6423
23.36	-18.27014
22.44	-19.2119
21.75	-19.77696
21.32	-20.34202
20.46	-21.03264
19.76	-21.72326
18.92	-22.53946
18.56	-22.79059
17.71	-23.60678
16.93	-24.36019
16.2	-25.1136
15.76	-25.17638
14.87	-25.55309
13.86	-25.74144
12.99	-26.18093
12.21	-26.55763
11.38	-26.93434
10.49	-27.24826
9.68	-27.49939
9.229999	-27.75053
8.88	-27.93888
8.38	-28.06445
7.61	-28.31558
7.11	-28.31558
6.3	-28.69229
5.49	-28.75507
4.71	-29.06899
3.86	-29.25734
2.96	-29.50848
2.12	-29.63405
1.31	-29.69683
0.44	-29.88518
-0.37	-30.13632
-0.89	-30.13632
-1.63	-30.26189
-2.15	-30.32467
-3	-30.45024
-3.74	-30.51302
-4.25	-30.51302
-5.06	-30.70138
-5.57	-30.88973
-6.37	-31.07808
-7.27	-31.07808
-8.05	-31.26643
-8.93	-31.32922
-9.67	-31.32922
-10.69	-31.51757
-11.49	-31.70592
-12.36	-31.64314
-13.22	-31.83149
-14.08	-31.89427
-14.83	-31.70592
-15.35	-31.70592
-15.85	-31.70592
-16.57	-31.89427
-17.13	-31.89427
-17.93	-31.89427
-18.79	-31.83149
-19.61	-31.89427
-20.46	-31.64314
-20.99	-31.51757
-21.78	-31.51757
-22.7	-31.64314
-23.25	-31.45478
-24.01	-31.45478
-24.82	-31.32922
-25.35	-31.26643
-26.26	-31.0153
-27.14	-30.82694
-27.95	-30.51302
-28.45	-30.51302
-29.2	-29.8224
-29.83	-29.8224
-30.33	-28.44115
-31.58	-27.31104
-31.99	-27.75053
-32.91	-27.0599
-33.72	-27.24826
-34.33	-26.49485
-35.14	-26.55763
-35.7	-25.67866
-36.51	-25.99258
-37.43	-25.17638
-38.36	-24.48576
-38.84	-24.7369
-39.36	-23.9207
-40.1	-23.41843
-40.63	-23.35565
-41.68	-22.91616
-42.61	-22.09997
-43.08	-21.9744
-43.45	-22.09997
-44.4	-21.34656
-44.94	-21.53491
-45.46	-20.71872
-46.39	-19.96531
-46.9	-19.58861
-46.65	-18.01901
-46.37	-17.01446
-45.68	-15.06816
-45.34	-14.18918
-44.52	-12.30566
-44.15	-11.80339
-43.39	-10.04544
-42.9	-9.292032
-42.62	-8.726976
-41.88	-7.157376
-41.43	-6.529536
-41.08	-5.776128
-40.32	-4.332096
-39.94	-3.578688
-39.56	-2.762496
-38.84	-1.381248
-38.45	-0.565056
-38.03	-0.188352
-37.49	0.753408
-36.84	1.820736
-36.81	1.946304
-36.08	3.201984
-35.32	4.520448
-34.93	5.02272
-34.16	6.403968
-33.32	7.596864
-32.94	8.287488
-32.18	9.354816
-31.34	10.73606
-31.02	11.04998
-30.32	11.74061
-29.65	12.9335
-29.49	13.49856
-28.92	14.1264
-28.36	15.06816
-27.55	16.19827
-27.19	16.70054
-26.4	18.01901
-25.95	18.8352
-25.43	19.2119
-24.72	20.0281
-23.95	21.15821
-23.57	21.5977
-23.25	22.03718
-22.4	23.04173
-21.62	23.98349
-21.2	24.23462
-20.85	24.7369
-20.3	23.60678
-19.29	23.9207
-18.46	24.79968
-17.58	24.79968
-17.03	24.61133
-16.07	24.79968
-15.44	26.11814
-14.94	25.92979
-14	25.92979
-13.6	26.74598
-13.04	26.49485
-12.24	26.49485
-11.39	26.49485
-10.89	27.31104
-10.07	27.18547
-9.57	27.12269
-9	27.49939
-8.3	27.75053
-7.27	27.93888
-6.48	28.19002
-5.49	28.12723
-4.6	28.37837
-3.79	28.37837
-3.21	27.93888
-2.39	28.88064
-1.87	28.37837
-1.07	28.50394
-0.56	28.94342
-0.02	28.56672
0.85	29.32013
1.19	28.75507
1.76	29.32013
2.57	29.50848
3.09	28.69229
4.02	28.56672
4.89	29.57126
5.85	29.38291
6.7	29.13178
7.66	28.75507
8.53	28.37837
9.51	29.38291
10.45	28.94342
11.25	28.94342
11.8	29.25734
12.71	28.94342
13.22	28.06445
14.07	28.88064
14.95	28.69229
15.47	27.8761
16.26	28.56672
16.8	27.49939
17.8	27.37382
18.63	27.8761
19.14	27.18547
20.15	26.93434
20.71	27.37382
21.37	26.18093
21.8	26.49485
22.38	25.55309
23.21	26.11814
24.17	25.55309
24.7	24.54854
25.55	25.1136
26.26	24.17184
27.23	23.544
27.64	24.10906
28.23	22.97894
28.79	23.23008
29.73	22.79059
30.74	21.84883
31.75	21.22099
32.56	21.78605
33.09	20.46758
33.48	20.96986
34.11	19.83974
35.04	20.21645
35.88	19.77696
36.51	18.58406
37.47	18.08179
38.5	17.2656
38.93	17.2656
39.48	16.26106
40	16.70054
40.86	16.0727
41.87	15.3193
43.01	14.62867
43.45	14.25197
44.5	13.05907
45.56	12.30566
46.11	12.24288
46.76	11.48947
47.23	11.67782
47.86	11.04998
48.38	11.11277
48.94	10.04544
49.45	9.73152
50.11	8.978112
50.55	8.78976
52.26	6.215616
53.49	4.897152
54.4	3.76704
60.36	-2.19744
60.82	-2.134656
61.91	-4.08096
62.59	-4.583232
63	-4.959936
