Galeota 1996 Specimen CB2	
2878	
0.05	1.506816
0.09	3.013632
0.16	4.143744
0.22	5.587776
0.31	7.157376
0.38	8.664192
0.46	10.10823
0.53	11.42669
0.6	12.93351
0.68	14.18919
0.76	15.696
0.84	17.70509
0.89	18.77241
0.99	20.27923
1.05	21.66048
1.13	22.72781
1.22	24.04627
1.3	25.42752
1.38	26.49484
1.45	28.00167
1.54	29.44569
1.61	30.95251
1.68	32.01984
1.78	33.58944
1.85	34.84512
1.93	36.28915
2.01	37.41927
2.1	39.36557
2.18	40.8096
2.27	42.12806
2.36	43.88601
2.45	45.33004
2.57	46.83686
2.65	48.15533
2.74	49.4738
2.83	50.91783
2.93	52.29907
3.03	53.55475
3.13	54.99878
3.24	56.5056
3.34	58.20076
3.44	59.51923
3.54	60.90048
3.69	62.53286
3.81	63.85133
3.9	65.10701
4.03	66.67661
4.17	68.18343
4.31	69.94137
4.42	71.13428
4.55	72.70387
4.7	74.21069
4.85	75.84308
4.96	76.9104
5.1	78.22887
5.26	79.73568
5.4	81.2425
5.51	82.49817
5.65	83.69107
5.79	85.19788
5.92	86.39078
6.1	87.96037
6.3	89.40442
6.44	90.78567
6.6	92.16691
6.72	93.48537
6.88	94.9922
7.08	96.37344
7.26	97.88025
7.46	99.26148
7.62	100.8311
7.79	102.0868
7.99	103.5936
8.17	104.9748
8.37	106.1678
8.57	107.3607
8.77	108.9931
8.99	110.2487
9.17	111.4416
9.35	112.8856
9.67	114.1413
9.86	115.8993
10	117.4689
10.23	118.9757
10.41	120.2314
10.61	121.487
10.84	122.9311
10.99	124.2495
11.22	126.0075
11.44	127.2631
11.7	128.77
11.89	130.2767
12.16	131.972
12.41	133.5415
12.6	134.7973
12.89	136.7436
13.12	138.2504
13.31	139.5689
13.53	141.0128
13.77	142.3313
13.98	143.7753
14.18	144.9682
14.45	146.6006
14.71	147.9819
14.93	149.3631
15.18	150.6816
15.5	152.5023
15.74	153.7581
15.95	155.0137
16.24	156.7088
16.48	158.0901
16.75	159.5342
17.04	161.041
17.27	162.1083
17.66	163.5523
17.95	164.7452
18.51	164.9335
19.05	165.3731
19.6	166.1893
20.13	166.8799
20.16	165.3103
20.23	164.2429
20.24	162.485
20.22	160.8527
20.09	159.1574
19.91	157.2112
19.79	155.9555
19.66	154.1975
19.54	152.9419
19.45	151.3722
19.29	150.0537
19.2	148.7353
19.02	147.0401
18.86	145.5333
18.73	144.0265
18.6	142.7081
18.44	141.264
18.3	139.5689
18.15	137.9992
18.04	136.8063
17.87	135.2995
17.72	133.7299
17.6	132.4743
17.45	130.7791
17.32	129.3978
17.18	127.9537
17.02	126.3842
16.85	124.7518
16.7	123.245
16.52	121.487
16.36	119.9802
16.2	118.2223
16.03	116.4643
15.85	114.8319
15.69	113.2624
15.52	111.5671
15.36	110.0603
15.2	108.1769
15	106.6701
14.86	105.1632
14.68	103.468
14.52	101.9612
14.35	100.58
14.19	98.75927
14.02	97.25246
13.86	95.7456
13.68	94.11321
13.53	92.6064
13.34	90.97402
13.19	89.40442
13.01	87.96037
12.86	86.39078
12.7	84.7584
12.53	83.56551
12.36	81.74477
12.2	80.23794
12.02	78.8567
11.86	77.22432
11.7	75.84308
11.55	74.33626
11.37	72.82944
11.19	71.57376
11.03	69.69024
10.89	68.62292
10.7	66.92774
10.58	65.86042
10.37	64.22803
10.2	62.53286
10.02	60.83769
9.89	59.70758
9.68	58.32633
9.49	56.81952
9.38	55.50105
9.18	54.11981
9.06	52.92691
8.88	51.54567
8.68	49.91328
8.49	48.53204
8.33	46.64851
8.14	45.07891
7.95	43.63488
7.77	42.12806
7.57	40.43289
7.42	38.92608
7.24	37.35648
7.07	35.72409
6.94	34.46842
6.77	32.89881
6.56	30.95251
6.31	28.81785
6.11	26.93433
5.93	25.1136
5.77	23.79513
5.61	22.35111
5.47	20.90707
5.29	19.08633
5.15	17.89344
4.98	16.38663
4.86	14.81703
4.74	13.56135
4.59	12.30567
4.43	10.61049
4.32	9.292032
4.11	7.471296
3.92	5.211072
3.76	3.892608
3.66	2.82528
3.54	1.444032
3.4	0
-2.5	-48.48485
-10	-96.9697
-18.51	-148.6097
-19.03	-149.8654
-19.23	-151.1839
-19.49	-152.8163
-19.84	-154.3231
-20.12	-155.5159
-20.43	-157.2112
-20.84	-158.2157
-21.18	-159.7225
-21.56	-161.2293
-21.89	-162.5478
-22.22	-163.6779
-22.58	-165.1219
-23.09	-166.5659
-23.52	-168.1983
-23.98	-169.5796
-24.43	-170.7725
-24.94	-171.2119
-25.49	-169.3912
-26.01	-169.8935
-26.56	-170.6469
-27.11	-171.6515
-27.61	-172.2165
-28.11	-173.0955
-28.66	-172.9072
-29.16	-172.0281
-29.69	-171.5887
-30.24	-171.2119
-30.78	-170.6469
-31.28	-170.1447
-31.79	-169.7051
-32.3	-169.3912
-32.78	-167.6961
-32.87	-166.5659
-32.87	-165.6241
-32.7	-164.2429
-32.54	-162.9245
-32.38	-161.4804
-32.23	-160.162
-31.96	-158.2785
-31.81	-156.8972
-31.64	-155.6415
-31.47	-154.3231
-31.22	-152.4396
-31.06	-150.8699
-30.8	-149.2375
-30.55	-147.2285
-30.39	-145.7844
-30.14	-144.2149
-29.97	-142.7708
-29.8	-141.264
-29.64	-140.1967
-29.39	-138.3131
-29.21	-137.1203
-28.97	-135.2368
-28.8	-133.9182
-28.54	-132.2231
-28.37	-131.093
-28.12	-129.3978
-27.95	-127.891
-27.76	-126.5725
-27.57	-125.1285
-27.37	-123.81
-27.18	-122.4915
-26.98	-120.7964
-26.66	-118.4734
-26.48	-117.4689
-26.29	-116.0877
-26.09	-114.7692
-25.8	-112.8229
-25.61	-111.3788
-25.31	-109.4325
-25.02	-107.2351
-24.82	-105.7283
-24.52	-103.7819
-24.23	-101.7101
-24.04	-100.4544
-23.84	-99.1359
-23.55	-97.25246
-23.25	-95.24332
-23.05	-94.176
-22.86	-92.66917
-22.66	-91.41351
-22.47	-90.09504
-22.17	-88.39987
-21.97	-86.89306
-21.68	-85.19788
-21.38	-83.06323
-21.18	-81.9959
-20.98	-80.61466
-20.68	-78.8567
-20.38	-77.22432
-20.05	-75.40359
-19.71	-73.70841
-19.48	-72.45274
-19.13	-70.88315
-18.78	-69.06239
-18.44	-67.30444
-18.08	-65.98598
-17.86	-64.54195
-17.52	-62.97235
-17.29	-61.65388
-16.96	-59.95872
-16.75	-58.32633
-16.54	-57.13344
-16.32	-55.6894
-16	-53.93145
-15.79	-52.67578
-15.46	-50.79225
-15.25	-49.41101
-14.92	-47.71584
-14.59	-46.02068
-14.38	-44.76499
-14.05	-43.00704
-13.73	-41.12352
-13.41	-39.49113
-13.1	-37.60761
-12.78	-35.97523
-12.46	-34.15449
-12.15	-32.20819
-11.83	-30.38745
-11.52	-28.75507
-11.32	-27.49939
-11.01	-25.80423
-10.8	-24.54855
-10.49	-22.72781
-10.18	-20.90707
-9.98	-19.71417
-9.67	-18.01901
-9.47	-16.70055
-9.16	-14.87981
-8.95	-13.18464
-8.65	-11.61504
-8.44	-9.857086
-8.14	-8.413056
-7.94	-6.90624
-7.64	-5.211072
-7.46	-3.892608
-7.12	-2.385792
-6.91	-1.004544
-6.74	0.439488
-6.54	2.009088
-6.32	3.264768
-6.12	4.583232
-5.93	5.838912
-5.67	7.53408
-5.37	8.978112
-5.16	9.919874
-4.91	11.61504
-4.72	13.31021
-4.46	15.19373
-4.25	16.57497
-4	17.89344
-3.82	18.89799
-3.53	20.59315
-3.35	21.78605
-3.07	23.23008
-2.79	24.79968
-2.52	26.30649
-2.22	28.31559
-2.03	29.44569
-1.73	31.20365
-1.52	32.71047
-1.2	34.46842
-0.96	36.16359
-0.7	37.79596
-0.43	39.49113
-0.16	41.43744
0.11	43.06983
0.38	44.89056
0.64	46.39737
0.93	48.78316
1.19	50.10163
1.46	52.1735
1.76	54.18259
2.04	55.87776
2.33	58.20076
2.62	59.77037
2.91	61.90503
3.21	63.85133
3.5	65.60928
3.79	67.99507
4.08	69.62745
4.37	71.44819
4.63	73.08057
4.93	75.08967
5.22	76.9104
5.37	78.22887
5.68	79.98681
5.98	81.93312
6.28	83.56551
6.58	85.38624
6.88	87.33254
7.19	89.65556
7.49	90.97402
7.79	93.0459
8.11	94.86662
8.42	96.5618
8.72	98.3197
9.03	100.2661
9.34	102.1495
9.65	103.7819
9.97	105.791
10.27	107.3607
10.58	109.2441
10.89	111.0021
11.2	112.6973
11.52	114.4553
11.68	115.4598
11.99	116.9666
12.29	118.8501
12.61	120.6081
12.92	122.3032
13.25	124.0612
13.55	125.7563
13.88	126.8865
14.2	128.6445
14.5	130.3396
14.77	131.5325
15	132.7253
15.37	134.3577
15.73	136.0529
16.09	137.7481
16.47	139.2549
16.7	140.5734
17.07	142.1429
17.44	143.7753
17.82	145.2822
18.18	146.6006
18.54	147.9191
19	149.4259
19.45	150.4933
19.99	152.5023
20.43	153.5696
20.99	155.202
21.55	156.2694
22.13	157.3995
22.71	158.2157
23.31	158.718
23.86	158.718
24.21	157.0227
24.71	157.3367
24.97	155.4532
25.41	156.4577
25.96	156.96
26.49	156.96
27.02	156.8972
27.54	156.7088
28.05	156.4577
28.58	156.2694
29.13	156.2694
29.68	155.8927
30.24	155.8299
30.79	156.0811
31.33	155.5159
31.83	155.8299
32.17	154.637
32.67	154.637
33.17	154.637
33.67	154.4487
34.18	154.1975
34.73	154.3858
35.26	153.8835
35.8	154.0091
36.34	154.4487
36.87	154.8881
37.37	154.5742
37.88	154.1347
38.39	154.1347
38.92	153.8835
39.44	153.5069
39.98	153.3185
40.49	153.1302
41.02	152.879
41.54	152.8163
42.05	152.4396
42.58	152.3767
43.09	151.6234
43.17	150.4933
43.31	151.5605
43.1	149.4259
42.85	146.8518
42.61	144.6544
42.34	142.3941
42.11	140.0083
41.83	137.5598
41.68	135.8646
41.37	133.2905
41.2	131.972
41.06	130.4652
40.9	129.0211
40.59	126.2586
40.28	123.81
40.02	121.4243
39.73	118.9757
39.56	117.8455
39.26	115.397
39.12	114.1413
38.82	111.3788
38.49	108.9931
38.37	107.8001
38.07	105.3516
37.9	103.9075
37.61	101.5217
37.3	99.07316
37.01	96.9385
36.72	94.42713
36.4	92.2297
36.25	91.09959
35.97	88.58823
35.66	86.20244
35.35	83.87943
35.06	81.68198
34.91	80.61466
34.6	78.41721
34.3	76.09421
34.01	73.95956
33.71	71.63654
33.41	69.69024
33.11	67.30444
32.8	65.35815
32.49	62.84679
32.21	60.83769
31.9	58.95417
31.59	57.00787
31.29	55.24992
30.98	53.11527
30.69	51.54567
30.39	49.4738
30.08	47.52748
29.79	45.64397
29.49	43.88601
29.2	42.31642
28.9	40.43289
28.62	38.92608
28.32	37.16813
28.03	35.28461
27.73	33.58944
27.45	31.83149
27.17	30.51303
26.87	28.56672
26.6	27.12269
26.31	25.61588
26.04	24.10905
25.76	22.53945
25.48	20.90707
25.15	19.21191
24.85	17.45395
24.54	15.94713
24.2	14.56589
23.96	13.05907
23.61	11.23833
23.36	9.668736
22.96	7.910784
22.7	6.215616
22.47	4.959936
22.15	3.076416
21.85	1.695168
21.55	0.251136
21.28	-1.444032
20.95	-2.762496
20.69	-4.269312
20.39	-6.215616
20.07	-7.973568
19.74	-9.668736
19.39	-11.36391
19.03	-13.37299
18.66	-15.25651
18.27	-17.14003
17.9	-18.64685
17.51	-20.59315
17.11	-22.28832
16.73	-24.10905
16.35	-25.86701
15.94	-27.37383
15.54	-29.25735
15.12	-30.76416
14.7	-32.27098
14.27	-33.71501
13.83	-35.28461
13.39	-36.79142
12.95	-37.98432
12.51	-39.6167
12.05	-40.87239
11.6	-42.3792
11.15	-43.50932
10.7	-44.70221
10.25	-46.20903
9.8	-47.27635
9.35	-48.78316
8.66	-50.47833
7.97	-52.42464
7.5	-53.68032
6.8	-55.43827
6.33	-56.5056
5.63	-58.26355
5.15	-59.51923
4.44	-61.2144
3.73	-62.97235
3.01	-64.3536
2.3	-65.86042
1.84	-67.30444
1.13	-69.18797
0.66	-70.50642
-0.04	-72.2016
-0.72	-74.1479
-1.18	-75.40359
-1.63	-76.78483
-2.3	-78.8567
-2.74	-80.36352
-3.18	-81.68198
-3.62	-83.1888
-4.06	-84.57005
-4.49	-86.20244
-4.92	-87.8976
-5.34	-89.27885
-5.77	-90.91122
-6.19	-92.29248
-6.62	-94.176
-7.04	-95.62002
-7.46	-97.18962
-7.88	-98.94759
-8.3	-100.58
-8.72	-102.3379
-9.12	-103.6563
-9.53	-105.1632
-10.13	-107.549
-10.53	-109.2441
-10.93	-110.5626
-11.34	-112.2577
-11.74	-114.0157
-12.35	-116.1504
-12.75	-117.7828
-13.16	-118.9757
-13.57	-120.6708
-13.98	-122.1149
-14.39	-123.81
-14.81	-125.1285
-15.22	-126.6981
-15.64	-128.2049
-16.06	-129.3978
-16.48	-130.9046
-16.9	-132.2859
-17.32	-133.5415
-17.97	-135.6762
-18.61	-137.6853
-19.27	-139.3805
-19.92	-141.0757
-20.36	-142.7081
-21.03	-144.0265
-21.47	-145.7844
-22.15	-147.3541
-22.83	-148.8609
-23.51	-150.3677
-24.21	-151.8745
-24.9	-153.5069
-25.6	-154.5742
-26.3	-155.7043
-27.02	-157.2112
-27.74	-157.9645
-28.48	-159.1574
-29.2	-160.162
-29.71	-160.6642
-30.22	-161.2293
-30.97	-161.9199
-31.5	-162.1711
-32.02	-162.485
-32.57	-162.2966
-33.14	-162.1711
-33.73	-161.9199
-34.29	-161.8572
-34.85	-161.5433
-35.42	-161.5433
-36.01	-161.1037
-36.59	-160.9781
-37.18	-160.6015
-37.78	-160.0365
-38.34	-159.7225
-39.18	-159.283
-39.74	-158.718
-40.25	-158.4668
-40.95	-157.4623
-41.45	-157.3367
-42.14	-156.96
-42.84	-156.0811
-43.52	-155.4532
-44.16	-155.0765
-44.81	-154.4487
-45.46	-154.1347
-46.1	-153.5696
-46.75	-152.879
-47.39	-152.4396
-48.04	-152.0001
-48.69	-151.1839
-49.34	-150.8699
-49.99	-150.2421
-50.64	-149.4259
-51.28	-149.0492
-51.88	-148.1703
-52.44	-147.5424
-52.99	-147.3541
-53.57	-146.6635
-54.1	-146.1612
-54.63	-145.5961
-55.27	-144.7799
-55.92	-144.2149
-56.54	-143.4614
-57.19	-142.8336
-57.8	-142.3313
-58.32	-141.7663
-58.96	-141.3267
-59.61	-140.385
-60.25	-139.7572
-60.89	-138.941
-61.51	-138.5015
-62.15	-137.9992
-62.71	-136.9947
-63.23	-136.5553
-63.78	-136.0529
-64.28	-135.4879
-64.84	-135.1739
-65.44	-134.4206
-65.99	-133.9182
-66.53	-133.3532
-67.04	-132.6626
-67.55	-131.972
-68.05	-131.4069
-68.67	-130.9046
-69.18	-129.9001
-69.47	-129.0211
-69.65	-127.7027
-70.03	-128.77
-70.56	-128.6445
-70.93	-127.4515
-71.05	-127.2631
-71.03	-125.8192
-70.86	-124.4379
-70.64	-122.7427
-70.35	-121.0476
-70.08	-119.164
-69.79	-116.9666
-69.54	-115.7109
-69.36	-114.3297
-69.12	-112.8229
-68.88	-111.1905
-68.64	-109.8093
-68.4	-108.3024
-68.22	-107.2978
-67.92	-105.3516
-67.67	-103.6563
-67.37	-101.9612
-67.14	-100.2661
-66.86	-98.3197
-66.55	-96.9385
-66.27	-95.18054
-66.02	-93.73651
-65.77	-91.97856
-65.51	-90.5973
-65.28	-89.21606
-65.03	-87.58368
-64.79	-86.45357
-64.54	-84.88396
-64.29	-83.37715
-64.05	-81.87034
-63.78	-80.42631
-63.54	-79.35898
-63.3	-77.66382
-62.96	-75.90587
-62.63	-73.7712
-62.23	-71.8249
-62.03	-70.75757
-61.63	-68.56013
-61.24	-66.61382
-60.8	-64.54195
-60.37	-62.84679
-59.95	-61.08883
-59.52	-59.14252
-59.09	-57.57293
-58.87	-56.56839
-58.44	-54.55929
-58.02	-52.92691
-57.6	-51.10617
-57.22	-49.22265
-56.82	-46.83686
-56.4	-45.07891
-55.99	-43.00704
-55.57	-40.8096
-55.16	-38.98887
-54.75	-36.79142
-54.36	-34.97068
-53.93	-32.9616
-53.53	-31.14087
-53.34	-30.07353
-52.91	-28.19001
-52.48	-26.62041
-52.06	-24.79968
-51.65	-23.04173
-51.23	-21.72327
-50.81	-19.96531
-50.39	-18.45849
-49.94	-16.57497
-49.53	-14.87981
-49.11	-13.37299
-48.69	-11.61504
-48.27	-10.29657
-47.84	-8.413056
-47.45	-7.031808
-47.05	-5.587776
-46.65	-4.08096
-46.18	-2.762496
-45.78	-1.067328
-45.42	0.690624
-45.05	2.134656
-44.64	3.829824
-44.26	5.211072
-43.76	6.717888
-43.36	7.785216
-43	9.4176
-42.68	10.79885
-42.38	12.11731
-41.89	14.18919
-41.47	15.31929
-41.01	16.57497
-40.55	18.08179
-39.85	20.15367
-39.38	21.47213
-38.89	22.53945
-38.44	24.04627
-37.95	25.30195
-37.46	26.49484
-36.96	28.12723
-36.45	29.06899
-35.88	30.70137
-35.28	31.89427
-34.59	33.77779
-33.93	34.90791
-33.24	36.54029
-32.53	37.85875
-31.81	39.17721
-31.06	40.62125
-30.31	41.68857
-29.55	43.06983
-28.79	44.13715
-28.02	45.58119
-27.25	46.64851
-26.5	47.90419
-25.72	49.03431
-24.94	50.03885
-24.15	50.91783
-23.36	52.23629
-22.56	53.17804
-21.77	54.11981
-20.98	55.24992
-20.17	56.31725
-19.36	57.19622
-18.55	58.32633
-17.76	59.39367
-16.97	60.20986
-16.17	61.27719
-15.38	62.28172
-14.58	63.41184
-13.78	64.29081
-12.99	65.60928
-12.2	66.42547
-11.42	67.68115
-10.64	68.74848
-9.85	69.62745
-9.08	71.13428
-8.31	72.2016
-7.54	73.26892
-6.77	74.77575
-6.02	76.09421
-5.26	77.16153
-4.51	78.48
-3.76	80.23794
-3.01	81.43085
-2.26	83.00046
-1.53	84.7584
-0.8	86.26523
0.29	88.52544
1.03	90.34617
1.76	92.04134
2.49	93.79929
3.2	95.68281
3.92	97.25246
4.64	99.38705
5.36	101.0823
6.06	102.8401
6.78	104.7237
7.49	106.4816
8.21	108.5535
8.92	110.2487
9.63	112.3833
10.34	113.7647
11.07	115.6481
11.78	117.3433
12.5	118.9129
13.23	120.6708
13.96	122.3661
14.68	123.81
15.42	125.1285
16.17	126.6981
16.92	128.2049
17.66	129.649
18.43	131.2185
19.22	132.9138
19.92	134.1694
20.66	135.2368
21.41	136.1785
22.18	137.4342
22.94	138.062
23.68	139.1921
24.44	139.7572
25.18	140.4478
25.94	141.3267
26.71	141.9546
27.47	142.8336
28.25	143.2103
29.04	143.8382
29.81	144.0893
30.58	144.7171
31.35	145.1566
32.16	145.345
32.96	145.8473
33.75	145.8473
34.57	146.4751
35.38	146.7889
36.19	146.4123
37.01	146.4751
37.79	146.2867
38.49	146.2239
39.15	146.2239
39.73	146.2239
40.26	145.5961
40.86	146.2239
41.6	145.9729
42.13	146.0356
42.65	146.2239
43.06	144.7171
43.62	144.5288
43.72	144.7799
43.49	143.4614
43.27	141.4523
42.74	136.9319
42.41	134.2321
42.07	131.4069
41.75	128.3933
41.44	125.568
41.13	123.0567
40.79	120.4825
40.46	117.6572
40.15	115.0203
39.82	112.195
39.49	109.4953
39.15	107.0467
38.83	104.5354
38.5	101.7729
38.17	99.32432
37.87	96.9385
37.52	94.23878
37.2	91.41351
36.88	89.09049
36.53	86.57914
36.22	84.25613
35.89	81.43085
35.56	79.10784
35.23	76.5337
34.9	74.21069
34.52	71.57376
34.16	68.99962
33.78	66.23712
33.37	63.47463
32.97	61.2144
32.57	58.64025
32.15	55.94055
31.72	53.30361
31.33	50.98061
30.94	48.78316
30.53	46.2718
30.14	43.82323
29.74	41.50023
29.36	39.36557
28.98	37.35648
28.58	35.22183
28.19	32.9616
27.8	30.95251
27.41	28.75507
27.02	27.05991
26.64	24.73689
26.32	22.97895
26.02	21.66048
25.71	20.21645
25.39	18.45849
25.04	17.14003
24.72	15.50765
24.41	14.00083
24.12	12.68237
23.81	10.92441
23.34	8.601408
23.04	7.282944
22.79	5.96448
22.3	3.390336
21.93	1.946304
21.62	0.690624
21.22	-1.695168
20.84	-3.264768
20.6	-4.771584
20.29	-6.090048
19.97	-7.596864
19.62	-9.292032
19.27	-11.17555
18.92	-12.74515
18.56	-14.00083
18.2	-15.75879
17.83	-17.39117
17.45	-19.14912
17.06	-20.71872
16.67	-22.53945
16.28	-24.04627
15.88	-25.61588
15.48	-27.31104
15.08	-28.88064
14.58	-32.08263
14.16	-33.40108
13.75	-34.90791
12.9	-37.23091
12.48	-38.67495
12.04	-39.9934
11.19	-42.31642
10.34	-44.76499
9.47	-47.15078
8.75	-48.59481
8.19	-49.66214
7.56	-52.11072
6.65	-54.37095
5.73	-56.56839
4.78	-58.51469
3.85	-60.83769
2.9	-62.784
1.95	-64.73031
0.99	-66.92774
0.05	-68.81126
-0.9	-70.82036
-1.84	-72.95502
-2.77	-75.08967
-3.7	-76.97318
-4.63	-78.98228
-5.55	-81.30528
-6.45	-83.62829
-7.36	-85.9513
-8.27	-88.21152
-9.17	-90.47175
-10.07	-92.73196
-10.97	-95.05497
-11.42	-96.31067
-12.33	-98.6337
-13.22	-100.6427
-13.97	-102.5263
-14.73	-104.2842
-15.5	-106.1678
-16.27	-107.8001
-17.05	-109.6837
-17.83	-111.5671
-18.62	-112.9485
-19.41	-114.6436
-20.21	-116.0877
-21.01	-117.6572
-21.82	-118.9757
-22.64	-120.6081
-23.45	-121.8638
-24.27	-122.8055
-25.1	-124.3123
-25.93	-125.1913
-26.79	-126.4469
-27.63	-127.2631
-28.48	-128.2049
-29.34	-129.0839
-30.2	-129.8373
-31.06	-130.7791
-31.92	-131.4069
-32.8	-132.0975
-33.67	-132.7253
-34.55	-133.1649
-35.5	-133.3532
-36.31	-134.3577
-37.24	-134.4206
-38.11	-134.7973
-39.03	-134.9856
-39.92	-135.4251
-40.83	-135.6135
-41.73	-135.8646
-42.67	-135.8646
-43.6	-135.9274
-44.51	-135.9274
-45.44	-135.9274
-46.37	-136.0529
-47.3	-135.6762
-48.22	-135.6762
-49.17	-135.4879
-50.11	-135.4251
-51.04	-135.0483
-51.99	-134.6089
-52.95	-134.4206
-53.91	-133.9182
-54.86	-133.6671
-55.81	-133.1649
-56.75	-132.7253
-57.6	-132.0347
-58.46	-131.7837
-59.29	-131.3441
-60.12	-130.7163
-60.93	-130.2767
-61.63	-129.5861
-62.33	-129.3978
-63	-128.5816
-63.72	-128.1422
-64.35	-127.7027
-64.92	-126.8237
-65.54	-126.3842
-66.08	-125.7563
-66.45	-124.3123
-66.57	-122.9938
-66.66	-121.9265
-66.9	-123.3706
-67.44	-124.6891
-68.02	-124.5006
-68.54	-123.81
-69.06	-123.6217
-69.43	-122.1149
-69.94	-122.8055
-70.49	-122.7427
-71.07	-122.5544
-71.58	-121.8638
-71.7	-121.9265
-71.67	-119.7919
-71.57	-118.2223
-71.24	-116.0877
-70.89	-114.0157
-70.56	-112.0067
-70.29	-110.3115
-70.02	-108.4279
-69.75	-106.6701
-69.48	-104.9748
-69.17	-103.4053
-68.88	-101.4589
-68.53	-99.1359
-68.22	-97.25246
-67.89	-95.30611
-67.54	-93.35982
-67.18	-90.97402
-66.79	-88.83936
-66.41	-86.64192
-66.04	-84.57005
-65.7	-82.56096
-65.38	-80.61466
-65.03	-78.54279
-64.69	-76.9104
-64.39	-75.21522
-64.04	-73.33171
-63.7	-71.32262
-63.39	-69.50188
-63.04	-67.9323
-62.7	-66.04877
-62.32	-64.3536
-61.91	-62.59566
-61.5	-60.90048
-61.09	-59.26809
-60.69	-57.63571
-60.27	-55.75219
-59.87	-54.11981
-59.45	-52.42464
-59.06	-50.66669
-58.7	-48.84595
-58.32	-46.71129
-57.93	-44.76499
-57.54	-42.81868
-57.16	-40.99796
-56.75	-38.98887
-56.37	-37.16813
-56	-35.22183
-55.62	-33.52665
-55.22	-31.64313
-54.83	-30.13632
-54.43	-28.37837
-54.03	-26.80877
-53.6	-25.30195
-53.22	-23.66957
-52.79	-22.28832
-52.4	-20.59315
-51.99	-19.14912
-51.58	-17.57952
-51.17	-15.94713
-50.77	-14.44032
-50.36	-13.05907
-49.95	-11.42669
-49.55	-10.17101
-49.16	-8.413056
-48.77	-6.90624
-48.38	-5.65056
-47.99	-4.332096
-47.42	-2.51136
-46.91	-0.251136
-46.51	1.5696
-45.78	4.08096
-45.4	5.211072
-44.96	6.717888
-44.6	7.785216
-44.29	9.040896
-43.81	11.17555
-43.19	13.49856
-42.79	14.69145
-42.41	15.94713
-41.99	17.2656
-41.57	18.27015
-41.15	19.52583
-40.72	20.90707
-40.33	22.09997
-39.92	23.23008
-39.5	24.29741
-39.05	25.61588
-38.62	26.93433
-38.16	28.31559
-37.24	30.51303
-36.78	31.7687
-35.8	34.21728
-34.82	36.16359
-34.29	37.41927
-33.79	38.4866
-33.27	39.55392
-32.76	40.43289
-32.23	41.43744
-31.72	42.3792
-31.2	43.44653
-30.67	44.3255
-30.13	44.89056
-29.6	45.95789
-29.07	46.83686
-28.54	47.59027
-28	48.53204
-27.46	49.22265
-26.92	49.91328
-26.37	50.91783
-25.84	51.54567
-25.29	52.11072
-24.75	52.86412
-24.21	53.68032
-23.66	54.55929
-23.11	55.18714
-22.56	55.62663
-22.03	56.38004
-21.47	57.00787
-20.94	57.6985
-20.37	58.26355
-19.83	58.76583
-19.29	59.51923
-18.72	60.3982
-18.2	60.83769
-17.62	61.46553
-17.1	62.15616
-16.54	62.84679
-15.99	63.47463
-15.45	64.22803
-14.89	64.66752
-14.36	65.29536
-13.81	66.04877
-13.26	66.86496
-12.73	67.36723
-12.18	67.99507
-11.65	68.62292
-11.1	69.50188
-10.57	70.12973
-10.03	70.75757
-9.49	71.57376
-8.97	72.26437
-8.41	72.95502
-7.9	73.70841
-7.37	74.39904
-6.83	75.21522
-6.31	76.09421
-5.77	76.9104
-5.26	77.60101
-4.73	78.29164
-4.21	79.17062
-3.69	80.23794
-3.17	81.05415
-2.66	81.74477
-2.14	82.56096
-1.62	83.62829
-1.11	84.57005
-0.6	85.51181
-0.1	86.26523
0.42	87.33254
0.92	88.21152
1.44	89.65556
1.94	90.47175
2.44	91.22516
2.95	92.48083
3.45	93.67372
4.44	95.68281
4.94	96.75014
5.44	97.8175
5.94	98.94759
6.44	100.2032
6.95	101.2706
7.94	103.4053
8.94	105.6027
9.93	107.7373
10.43	108.9931
11.43	110.8765
12.43	112.6973
12.94	113.8901
13.95	115.8365
14.46	116.5271
15.48	118.5361
15.98	119.5407
16.49	120.3569
17.01	121.0476
17.52	122.1149
18.03	123.0567
18.55	123.81
19.07	124.4379
19.57	125.1913
20.09	126.2586
20.61	126.8865
21.16	127.5771
21.68	128.2049
22.2	129.0839
22.73	129.7117
23.25	130.4652
23.79	130.9046
24.32	131.5325
24.85	132.2231
25.38	132.6626
25.93	133.0393
26.47	133.3532
27.02	134.1067
27.55	134.6089
28.08	134.9856
28.62	135.2368
29.16	135.739
29.7	135.8646
30.25	136.6807
30.79	136.7436
31.34	137.183
31.89	137.3713
32.43	137.8737
32.98	137.8737
33.53	138.2504
34.07	138.4387
34.62	138.6271
35.19	138.6898
35.75	138.941
36.29	139.2549
36.87	139.2549
37.41	139.3805
37.97	139.5689
38.53	139.7572
39.08	139.5689
39.64	139.5689
40.2	139.7572
40.75	139.9455
41.3	140.0083
41.83	139.8199
42.37	140.0083
43.26	139.8199
43.81	139.3177
43.92	138.5015
43.99	139.5689
43.92	138.6898
43.6	135.8646
43.18	131.972
42.78	128.5816
42.34	125.0657
41.94	121.7382
41.54	118.2223
41.1	114.5808
40.71	111.3788
40.28	107.9885
39.86	104.5354
39.43	101.3333
39.05	97.88025
38.65	94.80383
38.22	91.60186
37.8	88.3371
37.4	85.07232
36.97	81.87034
36.55	78.98228
36.14	75.90587
35.72	72.82944
35.31	69.69024
34.89	66.67661
34.47	63.91412
34.05	61.2144
33.62	58.32633
33.2	55.62663
32.77	53.11527
32.34	50.72947
31.92	47.96697
31.48	45.58119
31.05	43.00704
30.66	40.8096
30.22	38.4866
29.83	36.16359
29.41	33.71501
29	31.45478
28.19	27.12269
27.78	25.17639
27.4	23.23008
27.08	21.34656
26.76	19.96531
26.46	18.64685
26.09	16.95168
25.74	15.19373
25.42	13.74969
25.1	12.30567
24.75	10.61049
24.47	9.103681
23.94	6.717888
23.66	5.211072
23.29	3.641472
22.82	1.5696
22.33	0.251136
22.03	-1.695168
21.77	-3.076416
21.5	-4.018176
21.36	-6.466752
21.35	-9.229248
21.11	-11.42669
20.55	-14.25197
20.22	-16.07271
19.9	-17.83065
19.52	-19.40025
19.15	-21.03264
18.77	-22.53945
18.38	-24.29741
17.98	-26.05536
17.56	-27.81331
17.17	-29.38291
16.77	-30.88973
16.35	-32.39655
15.95	-34.02893
15.53	-35.53575
15.14	-36.91699
14.7	-38.10989
14.27	-39.74227
13.38	-42.19085
12.95	-43.50932
12.05	-46.20903
11.62	-47.46471
10.74	-49.91328
9.85	-52.42464
8.94	-54.81043
8.03	-57.00787
7.12	-59.39367
6.2	-61.46553
5.25	-63.66298
4.3	-65.54651
3.35	-67.55557
2.39	-69.50188
1.43	-71.32262
0.49	-73.52007
-0.48	-75.21522
-1.44	-77.22432
-2.4	-78.91949
-3.35	-80.99136
-4.31	-82.74931
-5.23	-84.7584
-6.17	-86.89306
-7.11	-88.58823
-7.57	-89.8439
-8.5	-91.79021
-9.44	-93.73651
-10.36	-95.93394
-11.29	-97.88025
-12.21	-100.1405
-13.13	-101.9612
-13.6	-103.2169
-14.54	-105.2887
-15.47	-107.1095
-16.4	-108.9931
-17.35	-110.8765
-18.3	-112.3833
-19.25	-114.3924
-20.22	-115.8365
-21.19	-117.4689
-22.15	-119.164
-23.11	-120.4197
-23.61	-120.9847
-24.59	-122.4915
-25.1	-122.8055
-26.09	-124.2495
-26.59	-124.5635
-27.1	-125.3168
-27.6	-125.6307
-28.1	-126.3842
-28.62	-126.8865
-29.12	-127.1376
-29.63	-127.326
-30.14	-127.9537
-30.64	-128.5189
-31.16	-128.9583
-31.67	-129.2095
-32.18	-129.4607
-32.7	-130.0257
-33.21	-130.3396
-33.74	-130.5907
-34.24	-130.7791
-34.77	-130.9675
-35.29	-131.4069
-35.79	-131.7837
-36.31	-131.5952
-36.84	-131.7837
-37.37	-132.0975
-37.88	-132.6626
-38.41	-132.4743
-39.03	-132.4743
-40.04	-133.1021
-40.59	-132.9138
-41.1	-133.1649
-41.61	-133.1021
-42.14	-133.2905
-42.67	-133.5415
-43.23	-133.5415
-43.77	-133.4788
-44.3	-133.3532
-44.83	-133.3532
-45.36	-133.4788
-45.9	-133.6671
-46.43	-133.4788
-46.97	-133.2905
-47.51	-133.1649
-48.07	-133.3532
-48.61	-133.1649
-49.15	-133.1021
-49.69	-133.1021
-50.24	-133.0393
-50.79	-132.8509
-51.34	-132.7253
-51.9	-132.2231
-52.43	-132.4114
-52.99	-132.2859
-53.5	-131.8464
-54.05	-131.8464
-54.59	-131.3441
-55.14	-131.4069
-55.66	-131.5325
-56.22	-131.3441
-56.78	-130.5907
-57.33	-130.4652
-57.9	-130.4652
-58.48	-130.2767
-59.01	-129.8373
-59.58	-129.4607
-60.14	-129.2095
-60.71	-128.9583
-61.27	-128.77
-61.85	-128.3933
-62.41	-127.891
-62.98	-127.5143
-63.54	-127.4515
-64.14	-126.6981
-64.69	-126.8865
-65.26	-126.1959
-65.77	-125.8192
-66.64	-125.003
-67.55	-124.5006
-68.52	-123.9984
-69.47	-123.245
-70.01	-121.2987
-70.65	-121.487
-71.18	-121.4243
-71.4	-120.043
-71.71	-120.1685
-71.68	-118.4734
-71.66	-116.276
-71.31	-113.7018
-70.91	-111.3788
-70.5	-109.1814
-70.18	-106.7955
-69.78	-104.4725
-69.39	-102.0868
-69.01	-99.9521
-68.64	-97.69193
-68.26	-95.49447
-67.89	-93.29701
-67.51	-91.09959
-67.13	-88.96493
-66.76	-86.89306
-66.39	-84.7584
-66.01	-82.62373
-65.62	-80.61466
-65.24	-78.54279
-64.86	-76.40813
-64.5	-74.33626
-64.11	-72.38995
-63.73	-70.31808
-63.35	-68.43456
-62.94	-66.67661
-62.52	-64.79309
-62.11	-63.03513
-61.71	-61.52832
-61.34	-59.77037
-60.91	-58.0752
-60.51	-56.38004
-60.11	-54.55929
-59.72	-52.92691
-59.34	-51.10617
-58.96	-49.28544
-58.57	-47.27635
-58.18	-45.5184
-57.81	-43.88601
-57.43	-41.93972
-57.07	-40.18176
-56.68	-38.42381
-56.31	-36.60308
-55.92	-35.03347
-55.54	-33.40108
-55.16	-31.58035
-54.73	-29.69683
-54.33	-28.19001
-53.92	-26.62041
-53.5	-25.1136
-53.12	-23.48121
-52.7	-22.09997
-52.3	-20.65593
-51.88	-19.08633
-51.48	-17.57952
-51.07	-15.75879
-50.68	-14.37753
-50.3	-13.18464
-49.89	-11.67783
-49.53	-10.17101
-49.16	-8.978112
-48.62	-7.094592
-48.07	-4.897152
-47.7	-3.45312
-47.33	-1.88352
-46.95	-0.502272
-46.31	1.506816
-45.79	2.950848
-45.22	5.33664
-44.67	7.596864
-44.29	8.664192
-43.91	10.10823
-43.48	11.11277
-43.07	12.49401
-42.66	14.00083
-42.22	15.25651
-41.83	16.19827
-41.46	17.39117
-41.05	18.52128
-40.62	20.15367
-40.18	21.34656
-39.74	22.41389
-39.29	23.66957
-38.84	24.98803
-38.37	26.24371
-37.88	27.49939
-37.4	28.62951
-36.91	29.88519
-36.4	31.32921
-35.42	33.40108
-34.92	34.40563
-34.4	35.47296
-33.89	36.72864
-33.37	37.79596
-32.85	38.4866
-32.35	39.49113
-31.81	40.43289
-31.29	41.43744
-30.77	42.19085
-30.24	42.81868
-29.72	43.82323
-29.18	44.57664
-28.64	45.5184
-28.11	46.39737
-27.57	46.89965
-27.04	47.71584
-26.49	48.59481
-25.96	49.28544
-25.41	49.91328
-24.87	50.60391
-24.34	51.54567
-23.79	52.04793
-23.24	52.67578
-22.71	53.17804
-22.16	53.93145
-21.63	54.87322
-21.06	55.50105
-20.54	55.87776
-19.98	56.56839
-19.45	57.19622
-18.89	58.01241
-18.35	58.64025
-17.79	59.33088
-17.24	59.70758
-16.72	60.46099
-16.15	61.27719
-15.63	61.71667
-15.06	62.34451
-14.54	63.16071
-13.97	63.66298
-13.45	64.47916
-12.89	64.98144
-12.37	65.54651
-11.82	66.42547
-11.28	66.92774
-10.76	67.68115
-10.19	68.30899
-9.68	68.87405
-9.13	69.8158
-8.6	70.50642
-8.07	71.13428
-7.53	71.76211
-7.01	72.45274
-6.47	73.14336
-5.95	74.1479
-5.43	74.65017
-4.89	75.46637
-4.37	76.28256
-3.84	77.16153
-3.33	77.97774
-2.81	78.66835
-2.29	79.54733
-1.78	80.36352
-1.25	81.2425
-0.74	82.3726
-0.22	82.8121
0.29	83.87943
0.8	84.7584
1.31	85.76295
1.83	86.57914
2.34	87.33254
2.85	88.52544
3.37	89.27885
3.87	90.28339
4.39	91.35072
4.89	92.10413
5.39	93.17146
5.91	93.98765
6.41	95.05497
6.91	95.93394
7.43	96.81293
7.94	97.88025
8.96	99.9521
9.47	100.7056
9.98	101.7729
10.49	102.7147
11	103.6563
11.51	104.5354
12.02	105.3516
12.53	106.2305
13.05	107.2978
13.57	108.3024
14.08	108.8675
14.6	109.8093
15.12	110.6882
15.63	111.5671
16.16	112.2577
16.67	113.0739
17.2	113.7018
17.73	114.4553
18.25	115.397
18.78	115.8993
19.31	116.7783
19.83	117.3433
20.36	118.2223
20.99	118.9129
21.95	119.9802
22.53	120.6081
23.05	120.9847
23.56	121.7382
24.11	122.1776
24.65	122.8055
25.18	123.3706
25.72	123.8729
26.3	124.4379
26.84	124.5635
27.38	124.9401
27.94	125.3797
28.5	126.0703
29.03	126.0703
29.6	126.5098
30.14	127.0121
30.7	127.4515
31.25	127.7027
31.81	127.891
32.36	128.1422
32.93	128.3933
33.47	128.8328
34.02	128.6445
34.57	129.2095
35.11	129.0211
35.66	129.4607
36.21	129.649
36.76	129.8373
37.31	129.7117
37.85	130.0257
38.45	130.0257
39.01	130.0884
39.59	130.1513
40.44	129.9001
41.18	129.8373
41.98	130.0257
42.83	130.2767
43.67	130.0257
44.23	129.649
44.32	128.5189
44.36	127.5143
44.27	127.0748
43.9	123.9984
43.47	120.2314
43.06	116.9039
42.62	113.3251
42.2	109.872
41.79	106.6701
41.37	103.468
40.94	99.9521
40.52	96.37344
40.11	93.29701
39.7	89.90668
39.27	86.64192
38.87	83.1888
38.44	79.98681
38.01	76.9104
37.6	73.7712
37.18	70.56922
36.76	67.36723
36.34	64.47916
35.94	61.33997
35.51	58.51469
35.1	55.43827
34.66	52.48743
34.24	49.66214
33.83	47.088
33.4	44.51385
32.98	41.68857
32.56	39.11444
31.72	34.65677
31.29	32.08263
30.88	29.69683
30.46	27.37383
30.05	25.30195
29.64	23.04173
29.22	20.84429
28.83	18.70963
28.5	16.82611
28.18	15.06816
27.86	13.74969
27.49	12.18009
27.12	10.35936
26.76	8.852544
26.42	7.157376
26.11	5.587776
25.81	4.018176
25.36	1.946304
24.84	-0.376704
24.5	-1.946304
24.08	-3.892608
23.71	-5.02272
23.31	-7.345728
22.92	-8.978112
22.46	-10.61049
22.18	-12.24288
21.59	-14.81703
21.3	-16.19827
20.99	-17.64231
20.67	-19.08633
20.02	-21.66048
19.7	-23.16729
19.38	-24.67411
19.04	-26.05536
18.36	-28.44115
17.98	-31.01529
17.64	-32.27098
16.95	-34.84512
16.24	-37.16813
15.52	-39.36557
15.17	-40.62125
14.43	-43.00704
13.69	-44.89056
12.95	-47.27635
12.22	-49.09709
11.47	-51.54567
10.72	-53.61753
9.98	-55.62663
9.22	-57.57293
8.45	-59.20531
7.67	-61.33997
6.9	-63.16071
6.11	-64.91865
5.32	-66.42547
4.51	-68.12064
3.7	-69.8158
2.9	-71.19706
2.09	-72.95502
1.27	-74.1479
0.47	-75.84308
-0.36	-77.41267
-1.16	-78.73113
-1.98	-80.23794
-2.8	-81.55642
-3.61	-83.1888
-4.43	-84.50726
-5.23	-85.9513
-6.03	-87.52089
-6.84	-88.96493
-7.64	-90.72288
-8.44	-92.04134
-9.24	-93.54816
-10.04	-95.05497
-10.84	-96.9385
-11.63	-98.19414
-12.44	-99.57547
-13.24	-101.2706
-14.04	-102.7774
-14.84	-104.347
-15.65	-105.6027
-16.46	-106.8584
-17.27	-108.3024
-18.09	-109.6208
-18.91	-110.8138
-19.73	-112.0067
-20.56	-113.5135
-21.39	-114.3924
-22.23	-115.6481
-23.06	-116.5899
-23.91	-117.5945
-24.76	-118.7246
-25.61	-119.4152
-26.47	-120.2314
-27.33	-121.0476
-28.2	-121.8638
-29.07	-122.6171
-29.94	-123.1823
-30.8	-123.6845
-31.68	-124.2495
-32.56	-124.9401
-33.45	-125.5053
-34.33	-125.7563
-35.21	-126.0703
-36.07	-126.4469
-36.95	-126.8865
-37.83	-127.1376
-38.71	-127.2631
-39.58	-127.4515
-40.4	-127.4515
-41.22	-127.5771
-42.04	-127.5771
-42.84	-127.7654
-43.63	-127.5771
-44.39	-127.891
-45.19	-127.7027
-45.97	-127.5143
-46.81	-127.0748
-47.53	-127.4515
-48.27	-127.326
-49.02	-127.2631
-49.82	-127.0121
-50.57	-127.0121
-51.28	-126.6353
-51.96	-126.4469
-52.64	-126.0703
-53.29	-126.0075
-53.96	-126.1959
-54.61	-125.6307
-55.27	-125.5053
-55.92	-125.0657
-56.52	-125.1285
-57.16	-124.6891
-57.78	-124.5635
-58.41	-124.1239
-59	-123.8729
-59.59	-123.81
-60.2	-123.4333
-60.8	-123.0567
-61.42	-122.9311
-62	-122.7427
-62.58	-122.3032
-63.19	-121.7382
-63.8	-121.7382
-64.37	-121.2987
-64.98	-121.0476
-65.53	-120.6081
-66.18	-120.4197
-66.75	-119.9802
-67.38	-119.5407
-67.94	-119.164
-68.51	-118.8501
-69.03	-118.4107
-69.55	-117.4689
-70.11	-117.4061
-70.58	-115.9621
-71.12	-115.2715
-71.62	-115.2715
-71.95	-114.7692
-71.92	-112.3833
-71.54	-110.1232
-71.19	-107.549
-70.8	-105.1632
-70.44	-103.0286
-70.08	-100.8939
-69.69	-98.50813
-69.32	-96.31067
-68.96	-94.176
-68.54	-91.85299
-68.21	-90.03225
-67.78	-87.58368
-67.42	-85.57458
-67.06	-83.25159
-66.69	-81.49364
-66.29	-79.35898
-65.93	-77.16153
-65.54	-75.21522
-65.17	-73.14336
-64.82	-71.44819
-64.41	-69.25076
-64.03	-67.11609
-63.62	-65.54651
-63.23	-63.78854
-62.82	-62.15616
-62.41	-60.58656
-62	-58.70304
-61.61	-57.13344
-61.18	-55.43827
-60.78	-53.80589
-60.4	-51.98516
-60.01	-50.10163
-59.63	-48.40647
-59.26	-46.58573
-58.86	-44.95335
-58.48	-42.94425
-58.13	-41.12352
-57.75	-39.49113
-57.34	-37.79596
-56.97	-35.97523
-56.6	-34.15449
-56.19	-32.39655
-55.8	-30.70137
-55.42	-29.19456
-55.04	-27.31104
-54.63	-25.61588
-54.2	-24.10905
-53.82	-22.60224
-53.41	-21.22099
-53.01	-19.40025
-52.6	-17.89344
-52.17	-16.70055
-51.78	-15.19373
-51.38	-13.68691
-50.98	-12.18009
-50.58	-10.73607
-50.2	-9.480384
-49.82	-8.224704
-49.49	-7.157376
-49.15	-5.65056
-48.78	-4.269312
-48.38	-2.82528
-48.02	-1.5696
-47.65	-0.251136
-47.32	1.130112
-46.78	2.51136
-46.23	4.520448
-45.69	6.717888
-45.39	7.910784
-45.01	9.229248
-44.6	10.48493
-44.21	11.80339
-43.77	13.12185
-43.37	14.18919
-42.96	15.50765
-42.57	16.70055
-41.78	18.96077
-41.34	20.27923
-40.92	21.66048
-40.47	23.04173
-39.58	25.55309
-39.13	26.80877
-38.64	28.19001
-38.15	29.50848
-37.65	30.57581
-37.16	31.7687
-36.66	32.9616
-36.16	34.21728
-35.65	35.41017
-34.65	37.16813
-34.13	38.29824
-33.62	39.36557
-33.1	40.37011
-32.59	41.06073
-32.07	42.12806
-31.54	43.06983
-31.02	44.26272
-30.49	45.07891
-29.97	45.76953
-29.44	46.64851
-28.9	47.46471
-28.38	48.40647
-27.83	49.09709
-27.31	49.66214
-26.78	50.60391
-26.23	51.35732
-25.69	52.11072
-25.16	52.48743
-24.62	53.3664
-24.09	54.24537
-23.54	54.87322
-23	55.62663
-22.46	56.12889
-21.91	56.75673
-21.38	57.6985
-20.82	58.32633
-20.3	58.76583
-19.74	59.39367
-19.21	60.0215
-18.65	60.90048
-18.11	61.46553
-17.57	61.96781
-17.03	62.59566
-16.48	63.41184
-15.95	64.03967
-15.39	64.66752
-14.85	65.29536
-14.31	65.73485
-13.77	66.42547
-13.22	67.24165
-12.69	67.68115
-12.14	68.30899
-11.6	68.99962
-11.08	69.62745
-10.52	70.38087
-10	70.88315
-9.46	71.57376
-8.92	72.2016
-8.39	72.95502
-7.85	73.58285
-7.33	74.21069
-6.79	74.90131
-6.25	75.71751
-5.73	76.5337
-5.2	77.03596
-4.66	77.78938
-4.15	78.48
-3.61	79.35898
-3.09	80.0496
-2.57	80.61466
-2.05	81.30528
-1.52	82.30982
-1	83.06323
-0.47	84.005
0.05	84.57005
0.58	85.32345
1.18	86.39078
2.17	87.8976
2.7	88.77657
3.68	90.03225
4.2	90.91122
4.73	91.79021
5.23	92.48083
5.75	93.54816
6.26	94.36436
6.78	95.11776
7.3	96.05952
7.81	96.75014
8.33	97.69193
8.85	98.50813
9.38	99.32432
9.89	99.9521
10.42	100.7056
10.94	101.7729
11.46	102.5891
11.99	103.2797
12.49	104.0959
13.02	104.7865
13.56	105.7283
14.08	106.4816
14.6	107.1095
15.12	107.7373
15.65	108.5535
16.18	109.307
16.71	110.2487
17.24	110.6882
17.76	111.3161
18.3	112.0067
18.84	112.6973
19.37	113.1368
19.92	113.8274
20.44	114.4553
20.98	115.2086
21.52	115.8365
22.05	116.1504
22.59	116.5899
23.15	117.1549
23.67	117.9084
24.21	118.4734
24.76	118.9129
25.3	119.3523
25.86	119.9175
26.42	120.3569
26.98	120.7964
27.52	120.922
28.09	121.4243
28.64	121.9893
29.19	122.3032
29.75	122.5544
30.31	122.8055
30.87	123.1823
31.42	123.4961
31.98	123.81
32.53	123.9984
33.1	124.1239
33.68	124.2495
34.24	124.6891
34.81	124.8774
35.37	124.8774
35.93	125.1913
36.5	125.5053
37.07	125.6307
37.63	125.7563
38.2	125.5053
38.78	125.8192
39.37	125.9447
39.93	126.0075
40.51	125.8192
41.09	125.7563
41.66	125.9447
42.23	126.0703
42.79	125.9447
43.37	126.0075
43.95	125.9447
44.52	125.9447
45.1	126.0075
45.69	125.8192
46.26	125.7563
46.82	125.7563
47.4	125.6307
47.97	125.568
48.53	125.3168
49.06	125.1913
49.61	125.003
50.15	125.1913
50.7	124.8774
51.23	124.8774
51.77	124.6891
52.31	124.5635
52.85	124.5006
53.43	124.3123
53.99	124.2495
54.55	124.0612
55.12	123.8729
55.71	123.8729
56.28	123.4961
56.83	123.3706
57.44	123.1823
58	122.9938
59.04	122.5544
59.55	122.3032
60.1	122.1776
60.67	122.1149
61.25	121.9893
61.83	121.7382
62.42	121.487
63	121.4243
63.53	121.2987
64.12	121.0476
64.69	120.7964
65.26	120.6081
66.18	120.3569
66.68	120.043
67.59	119.7919
68.27	119.4152
68.73	117.9084
68.81	116.9039
68.73	117.5945
68.6	115.7109
68.3	112.6973
67.96	110.1232
67.54	106.7955
67.1	103.4053
66.73	100.1405
66.3	96.9385
65.86	93.29701
65.43	89.90668
65.03	86.45357
64.6	83.25159
64.2	79.92403
63.77	76.59648
63.36	73.26892
62.93	69.87859
62.51	66.86496
62.1	63.78854
61.68	60.64935
61.25	57.38458
60.82	54.37095
60.4	51.35732
60.02	48.53204
59.63	45.5184
59.2	42.56755
58.79	39.80506
58.36	37.16813
57.96	34.15449
57.56	31.64313
57.18	29.06899
56.78	26.80877
56.4	24.3602
55.98	21.78605
55.64	19.58861
55.3	17.45395
55.01	15.88435
54.67	14.00083
54.27	12.18009
53.91	10.35936
53.55	8.78976
53.2	7.094592
52.92	5.33664
52.62	4.018176
52.16	1.757952
51.88	0.251136
51.42	-1.946304
51.13	-3.390336
50.83	-4.7088
50.36	-6.717888
49.95	-8.852544
49.52	-10.9872
49.18	-12.68237
48.82	-14.25197
48.45	-15.94713
48.07	-17.83065
47.69	-19.58861
47.3	-21.28377
46.94	-22.79059
46.53	-24.54855
46.13	-26.43207
45.74	-28.00167
45.87	-26.18093
45.56	-29.19456
45.19	-31.45478
44.8	-33.27552
44.37	-34.84512
43.96	-36.41472
43.56	-37.92153
43.15	-39.55392
42.73	-41.12352
42.3	-42.56755
41.88	-44.07437
41.43	-45.39283
41	-47.02521
40.56	-48.53204
39.69	-51.10617
39.24	-52.42464
38.82	-53.99424
38.36	-55.50105
37.49	-57.88684
36.58	-60.64935
35.68	-63.03513
34.73	-65.60928
33.79	-67.74393
32.82	-69.8158
31.86	-71.76211
30.86	-73.52007
29.88	-75.52914
29.37	-76.157
28.87	-76.78483
28.37	-77.66382
27.84	-78.48
27.33	-79.17062
26.83	-79.73568
26.3	-80.61466
25.79	-81.05415
25.27	-81.93312
24.74	-82.56096
24.21	-83.1888
23.69	-83.50272
23.15	-84.13056
22.63	-84.7584
22.11	-85.32345
21.57	-85.9513
21.04	-86.39078
20.51	-86.89306
19.97	-87.45811
19.44	-87.77203
18.9	-88.14874
18.37	-88.651
17.85	-89.27885
17.31	-89.46719
16.77	-90.09504
16.23	-90.53453
15.71	-90.78567
15.17	-91.22516
14.63	-91.85299
14.1	-91.97856
13.57	-92.29248
13.03	-92.85754
12.51	-93.29701
11.95	-93.79929
11.41	-93.92487
10.89	-94.23878
10.35	-94.86662
9.82	-95.05497
9.29	-95.62002
8.73	-95.87117
8.21	-96.18509
7.68	-96.75014
7.14	-97.12688
6.61	-97.56635
6.08	-97.8175
5.01	-98.69643
4.42	-99.1359
3.92	-99.57547
3.41	-99.82652
2.88	-100.2661
2.36	-100.8311
1.83	-101.2706
1.29	-101.5217
0.78	-102.0868
0.24	-102.5263
-0.27	-102.9657
-0.79	-103.468
-1.33	-103.7192
-1.83	-104.347
-2.36	-104.7865
-2.87	-105.226
-3.38	-105.6027
-3.9	-106.1678
-4.41	-106.7955
-4.92	-107.2351
-5.43	-107.8001
-5.94	-108.1769
-6.44	-108.7419
-6.97	-109.1814
-7.98	-110.3115
-8.99	-111.5671
-9.51	-112.195
-10.51	-113.0739
-11.02	-113.5762
-11.52	-114.3297
-12.03	-114.8319
-12.53	-115.2715
-13.03	-115.7109
-13.54	-116.276
-14.05	-116.9666
-14.56	-117.3433
-15.06	-117.9084
-15.57	-118.2223
-16.08	-118.6617
-16.58	-119.2896
-17.09	-119.7919
-17.61	-120.1685
-18.61	-120.922
-19.12	-121.487
-19.63	-121.8638
-20.14	-122.1776
-20.64	-122.5544
-21.15	-122.8055
-21.66	-123.3706
-22.17	-123.4333
-22.68	-123.6845
-23.2	-124.1239
-23.72	-124.5006
-24.23	-124.8774
-24.75	-125.1285
-25.25	-125.3168
-25.77	-125.8192
-26.29	-126.0075
-26.79	-126.1959
-27.31	-126.3842
-27.83	-126.4469
-28.36	-127.0121
-28.87	-127.326
-29.39	-127.326
-29.92	-127.326
-30.45	-127.5143
-30.99	-127.7654
-31.5	-127.891
-32.04	-128.0166
-32.56	-127.9537
-33.08	-127.9537
-33.6	-128.1422
-34.11	-128.2049
-34.64	-128.0166
-35.16	-128.3305
-35.68	-128.3305
-36.18	-128.5189
-36.71	-128.5189
-37.23	-128.3305
-37.74	-128.2049
-38.27	-128.0166
-38.77	-128.2049
-39.3	-128.0166
-39.8	-128.1422
-40.8	-128.1422
-41.35	-128.0166
-41.87	-127.7654
-42.38	-127.7654
-42.91	-127.7654
-43.42	-127.7027
-43.93	-127.5771
-44.47	-127.4515
-45.01	-127.0748
-45.52	-127.1376
-46.06	-127.0748
-46.59	-126.6981
-47.09	-126.4469
-47.64	-126.3842
-48.17	-126.1959
-48.7	-126.0075
-49.23	-125.6307
-49.77	-125.3168
-50.31	-125.1913
-50.84	-125.003
-51.37	-124.8774
-51.89	-124.5635
-52.41	-124.1239
-52.93	-123.9984
-53.5	-123.8729
-54.04	-123.6217
-54.55	-123.245
-55.05	-122.9938
-55.6	-122.8055
-56.11	-122.4915
-56.66	-121.9265
-57.18	-121.487
-57.71	-121.2987
-58.24	-121.2987
-58.74	-120.6708
-59.29	-120.4197
-59.81	-119.9175
-60.85	-119.6035
-61.36	-119.2896
-61.88	-118.8501
-62.79	-118.2851
-63.65	-117.4689
-64.49	-116.9039
-65.3	-116.4016
-66.11	-115.8365
-66.99	-115.6481
-67.91	-114.7692
-68.85	-114.3297
-69.78	-113.5135
-70.69	-112.8229
-71.52	-112.2577
-72.24	-111.3788
-72.89	-110.7509
-73.56	-109.9347
-74.29	-109.4953
-74.95	-108.8675
-75.57	-108.1769
-76.23	-107.6746
-76.76	-106.7955
-77.36	-106.4189
-78.05	-105.5399
-78.71	-104.9748
-79.35	-104.2842
-79.87	-103.5936
-80.48	-102.9657
-81.24	-102.2124
-81.82	-101.7729
-84.61	-101.2079
-85.45	-100.6427
-86.31	-99.9521
-86.81	-99.19874
-87.4	-98.6337
-87.91	-98.50813
-88.09	-97.37794
-88.9	-96.5618
-88.83	-94.80383
-90.55	-94.61549
-89.78	-94.67828
-89.57	-95.18054
-89.32	-93.54816
-89.15	-92.29248
-89.14	-92.48083
-88.74	-89.59277
-88.4	-87.52089
-88.02	-85.32345
-87.62	-83.25159
-87.23	-81.2425
-86.86	-79.2962
-86.49	-77.34988
-86.14	-75.27802
-85.76	-73.26892
-85.4	-71.38541
-84.98	-69.50188
-84.63	-67.55557
-84.25	-65.60928
-83.88	-63.72577
-83.49	-62.15616
-83.11	-60.20986
-82.75	-58.51469
-82.34	-56.81952
-81.93	-55.43827
-81.52	-53.93145
-81.1	-52.48743
-80.69	-50.98061
-80.29	-49.22265
-79.9	-47.71584
-79.53	-45.83232
-79.14	-44.13715
-78.74	-42.12806
-78.35	-40.24455
-77.95	-38.54937
-77.56	-36.79142
-77.19	-35.03347
-76.82	-32.9616
-76.4	-31.45478
-76	-29.94797
-75.64	-28.12723
-75.26	-26.43207
-74.85	-24.67411
-74.48	-22.85337
-74.08	-21.53491
-73.65	-19.96531
-73.27	-18.27015
-72.9	-16.57497
-72.5	-15.19373
-72.12	-13.74969
-71.73	-12.24288
-71.34	-10.79885
-70.95	-9.480384
-70.56	-8.224704
-70.07	-6.215616
-69.56	-4.457664
-69.21	-2.636928
-68.86	-1.130112
-68.17	1.506816
-67.85	2.82528
-67.41	4.018176
-66.92	6.403968
-66.52	7.910784
-66.2	9.4176
-65.56	12.43123
-65.27	13.81248
-64.87	15.31929
-64.49	16.70055
-64.1	17.64231
-63.71	18.77241
-63.33	20.02809
-62.91	21.28377
-62.49	22.53945
-62.09	23.60679
-61.66	24.54855
-61.2	25.74144
-60.77	27.12269
-60.32	28.19001
-59.83	29.63405
-59.34	30.76416
-58.88	32.27098
-58.4	33.58944
-57.92	34.84512
-57.42	36.28915
-56.94	37.48204
-56.44	38.86329
-55.93	40.18176
-54.94	42.3792
-54.43	43.44653
-53.91	44.70221
-53.38	45.95789
-52.88	46.89965
-52.36	47.96697
-51.83	49.03431
-51.31	50.10163
-50.78	50.91783
-50.23	51.85959
-49.69	52.73856
-49.16	53.74311
-48.6	54.68486
-48.08	55.50105
-47.54	56.19168
-46.99	57.00787
-46.45	58.01241
-45.89	58.95417
-45.35	59.39367
-44.79	60.20986
-44.23	61.02605
-43.67	61.77945
-43.13	62.40729
-42.58	63.16071
-42.01	63.78854
-41.43	64.47916
-40.89	65.29536
-40.32	65.79764
-39.75	66.2999
-39.18	66.92774
-38.63	67.68115
-38.05	68.37177
-37.51	68.62292
-36.95	69.18797
-36.35	69.8158
-35.79	70.50642
-35.24	70.88315
-34.66	71.44819
-34.1	71.88768
-33.52	72.51552
-32.95	72.89221
-32.38	73.26892
-31.81	73.7712
-31.25	74.33626
-30.68	75.02688
-30.1	75.46637
-29.53	75.65472
-28.95	76.157
-28.39	76.40813
-27.81	77.16153
-27.23	77.60101
-26.65	77.78938
-26.09	78.22887
-25.51	78.54279
-24.93	79.2962
-24.37	79.54733
-23.78	79.73568
-23.21	80.0496
-22.63	80.48909
-22.04	80.8658
-21.48	81.11693
-20.89	81.55642
-20.33	82.12147
-19.74	82.49817
-19.17	82.8121
-18.59	83.06323
-18.01	83.43993
-17.43	83.69107
-16.85	84.25613
-16.28	84.44447
-15.69	84.69561
-15.13	85.00953
-14.55	85.57458
-13.97	85.9513
-13.4	86.01408
-12.83	86.45357
-12.24	86.83027
-11.68	87.26976
-11.1	87.58368
-10.51	87.77203
-9.96	87.77203
-9.37	88.39987
-8.81	88.77657
-8.24	89.02771
-7.66	89.27885
-7.09	89.46719
-6.52	89.8439
-5.94	90.34617
-5.38	90.47175
-4.8	90.72288
-4.25	91.16237
-3.68	91.53908
-3.11	91.66464
-2.55	91.85299
-1.97	92.29248
-1.43	92.48083
-0.85	93.0459
-0.28	93.29701
0.27	93.35982
0.85	93.73651
1.41	94.176
1.97	94.61549
2.54	94.80383
3.1	94.86662
3.66	95.24332
4.21	95.7456
4.8	96.05952
5.34	96.49901
5.91	96.49901
6.45	96.81293
7.04	97.37794
7.6	97.62909
8.14	97.8175
8.71	98.19414
9.27	98.50813
9.98	95.93394
10.56	96.37344
11.11	96.81293
11.66	97.25246
12.21	97.62909
12.79	98.06866
13.91	98.69643
14.45	99.07316
15.01	99.38705
15.59	99.76379
16.11	99.82652
16.69	100.1405
17.25	100.58
17.82	100.8311
18.38	101.0823
18.95	101.0194
19.54	101.3333
20.11	101.7101
20.67	101.8985
21.28	101.8985
21.88	100.8939
22.47	101.0823
23.03	101.0823
23.57	101.5217
24.13	101.4589
24.72	101.6473
25.29	101.6473
25.86	101.9612
26.47	102.0868
27.06	102.2124
27.66	102.1495
28.23	102.2124
28.81	102.4007
29.4	102.5263
29.99	102.4007
30.58	102.3379
31.18	102.4007
31.75	102.4007
32.35	102.5891
32.93	102.3379
33.51	102.4007
34.11	102.2124
34.7	102.3379
35.29	102.0868
35.88	102.1495
36.47	102.2124
37.06	102.0868
37.66	101.7729
38.26	101.8985
38.87	101.6473
39.44	101.7729
40.05	101.6473
40.64	101.4589
41.22	100.8939
41.83	100.6427
42.44	101.0194
43	100.6427
43.59	100.2661
44.18	100.3917
44.75	100.1405
45.32	99.82652
45.89	99.82652
46.49	99.32432
47.07	98.88485
47.68	98.88485
48.26	98.44528
48.85	98.19414
49.42	97.62909
50.01	97.12688
50.62	96.68736
51.21	96.68736
51.87	96.5618
52.79	95.43168
53.31	93.73651
53.37	92.48083
53.43	91.97856
53.08	89.27885
52.87	87.52089
52.74	-0.753408
