Galeota 1996 Specimen AA1	
441	
0.11	1.25568
0.22	2.51136
0.33	3.829824
0.39	5.085504
0.47	6.59232
0.54	7.910784
0.62	9.4176
0.7	10.9872
0.77	12.24288
0.8500001	13.43577
0.9200001	15.00537
0.9900001	16.57497
1.07	18.01901
1.15	19.33747
1.22	20.59315
1.32	22.22553
1.4	23.544
1.5	24.86247
1.61	26.62041
1.7	28.06445
1.79	29.19456
1.89	30.63859
1.99	32.08263
2.08	33.65223
2.18	35.34739
2.28	36.85421
2.36	38.17267
2.44	39.42835
2.55	41.12352
2.64	42.50476
2.74	44.19993
2.83	45.58119
2.92	47.088
3.03	48.46925
3.12	49.97607
3.22	51.60845
3.33	53.17804
3.43	54.81043
3.54	56.38004
3.64	57.82407
3.75	59.58201
3.85	61.27719
3.96	62.72121
4.06	64.29081
4.17	66.04877
4.28	67.74393
4.39	69.25076
4.5	70.88315
4.61	72.6411
4.72	74.21069
4.84	75.71751
4.96	77.16153
5.07	78.66835
5.19	80.11239
5.31	81.49364
5.43	82.74931
5.55	84.06777
5.72	85.76295
5.88	87.45811
6.05	88.96493
6.21	90.5973
6.38	92.16691
6.539999	93.79929
6.71	95.36889
6.87	96.87572
7.11	98.19414
7.28	99.82652
7.69	101.3333
7.87	102.7147
8.03	104.0959
8.210001	105.6027
8.380001	106.7328
8.600001	108.2396
8.830001	109.7464
9.040001	111.0649
9.270001	112.5089
9.490001	113.953
9.760001	115.4598
10.02	116.841
10.3	118.2851
10.57	119.6035
10.8	120.8592
11.06	122.3032
11.39	123.6217
11.7	125.1285
12.01	126.6353
12.34	128.1422
12.71	129.3978
13.21	129.8373
13.75	130.1513
13.97	127.7654
15.36	105.6655
15.61	101.6473
15.72	100.0777
15.84	98.38255
15.93	97.25246
16.02	96.05952
16.1	94.86662
16.66	94.48992
17.17	94.23878
17.28	93.0459
17.37	91.72742
17.46	90.47175
17.53	89.15328
17.61	85.57458
17.48	86.51636
17.32	84.69561
17.18	83.31436
16.85	80.8658
16.69	79.67289
16.52	78.41721
16.2	75.71751
16.04	74.58739
15.71	72.01324
15.55	70.69479
15.23	68.30899
15.01	66.67661
14.77	64.79309
14.53	63.03513
14.31	61.33997
14.07	59.6448
13.84	58.01241
13.51	56.63116
13.27	55.24992
13.04	53.55475
12.9	52.29907
12.67	50.35276
12.45	48.6576
12.24	46.89965
12.02	45.20448
11.88	43.9488
11.66	42.25363
11.45	40.49568
11.23	38.73773
11.02	37.04256
10.81	35.22183
10.6	33.58944
10.39	31.89427
10.18	30.19911
9.980001	28.50393
9.780001	26.80877
9.590001	25.49031
9.390001	23.85792
9.200001	22.35111
9.010001	20.84429
8.800001	19.14912
8.570002	17.51673
8.400002	16.26105
8.190001	14.81703
7.99	13.43577
7.81	11.92896
7.539999	10.35936
7.34	8.852544
7.14	7.53408
6.9	5.838912
6.65	4.269312
6.47	3.013632
6.21	1.444032
6.039999	0
5.83	-1.506816
5.63	-2.950848
5.46	-4.143744
5.289999	-5.399424
5.06	-6.90624
4.89	-8.16192
4.7	-9.480384
4.53	-10.73607
4.28	-12.43123
4.06	-13.87527
3.83	-15.38208
3.61	-16.95168
3.44	-18.27015
3.28	-19.65139
3.05	-21.22099
2.89	-22.53945
2.72	-23.98349
2.55	-25.23917
2.37	-26.55763
2.2	-28.2528
1.99	-30.19911
1.82	-31.64313
1.65	-32.9616
1.48	-34.21728
1.32	-35.72409
1.15	-37.23091
0.9900001	-38.54937
0.8200001	-40.11897
0.57	-41.31187
0.41	-43.00704
0.25	-44.38829
0.1	-45.89511
-0.07000002	-47.40192
-0.23	-48.84595
-0.39	-50.35276
-0.55	-51.92237
-0.7199999	-53.11527
-0.8299999	-54.37095
-1.05	-56.00333
-1.21	-57.6985
-1.37	-59.20531
-1.53	-60.64935
-1.65	-61.71667
-1.81	-63.16071
-1.98	-64.79309
-2.14	-66.36269
-2.3	-67.74393
-2.47	-69.18797
-2.64	-70.56922
-2.81	-72.01324
-3	-73.45728
-3.16	-74.83852
-3.33	-76.28256
-3.44	-77.41267
-3.67	-79.10784
-3.83	-80.61466
-4.01	-82.05869
-4.18	-83.43993
-4.36	-84.88396
-4.59	-86.57914
-5.09	-87.64645
-5.27	-89.21606
-5.52	-90.84845
-5.76	-92.54361
-6.01	-94.23878
-6.26	-95.93394
-6.51	-97.50352
-6.76	-99.07316
-7.02	-100.7056
-7.27	-102.1495
-7.54	-103.5309
-7.87	-105.226
-8.129999	-106.5445
-8.389998	-107.8629
-8.669999	-109.307
-8.999999	-110.7509
-9.339999	-112.4462
-9.679998	-113.7647
-9.959999	-115.0203
-10.31	-116.4016
-10.66	-117.7201
-11.09	-119.4152
-11.44	-120.6081
-11.95	-122.1776
-12.46	-123.4333
-12.9	-124.7518
-13.44	-126.1959
-13.98	-127.2631
-14.5	-127.0748
-14.96	-123.0567
-15.23	-120.922
-15.49	-118.9757
-15.85	-115.9621
-16.26	-113.6391
-16.57	-112.0067
-16.71	-110.5626
-16.79	-109.9347
-16.63	-108.1769
-16.47	-106.9211
-16.26	-105.2887
-16.04	-103.6563
-15.81	-102.0239
-15.59	-100.58
-15.35	-99.07316
-15.12	-97.56635
-14.89	-96.18509
-14.65	-94.74106
-14.42	-93.29701
-14.17	-91.79021
-13.95	-90.40896
-13.71	-88.96493
-13.48	-87.58368
-13.25	-86.07687
-13.02	-84.69561
-12.77	-83.1888
-12.54	-81.68198
-12.32	-80.30073
-12.08	-78.79392
-11.85	-77.34988
-11.63	-75.90587
-11.39	-74.33626
-11.17	-73.01779
-10.93	-71.51098
-10.71	-70.00416
-10.49	-68.43456
-10.26	-66.92774
-10.05	-65.42093
-9.819999	-63.85133
-9.589999	-62.34451
-9.379999	-60.71212
-9.139998	-59.20531
-8.909999	-57.82407
-8.689999	-56.12889
-8.479999	-54.49652
-8.249999	-52.98969
-8.039999	-51.23175
-7.82	-49.78771
-7.66	-48.46925
-7.49	-47.088
-7.32	-45.83232
-7.15	-44.38829
-6.92	-42.81868
-6.74	-41.50023
-6.57	-40.24455
-6.33	-38.73773
-6.15	-37.35648
-5.91	-35.84967
-5.66	-34.28006
-5.42	-32.77325
-5.18	-31.26644
-4.94	-29.57127
-4.7	-28.06445
-4.460001	-26.36928
-4.22	-24.86247
-3.98	-23.29287
-3.75	-21.78605
-3.51	-20.34201
-3.34	-19.08633
-3.17	-17.83065
-3.01	-16.57497
-2.85	-15.38208
-2.7	-14.00083
-2.49	-12.36845
-2.33	-10.9872
-2.17	-9.857086
-1.97	-8.16192
-1.82	-6.90624
-1.67	-5.399424
-1.52	-4.018176
-1.37	-2.762496
-1.22	-1.25568
-1.05	0
-0.9	1.444032
-0.7499999	2.82528
-0.5699999	4.959936
-0.38	6.717888
-0.21	8.413056
-0.05	9.857086
0.09000001	11.30112
0.26	12.61959
0.44	13.87527
0.57	15.19373
0.7400001	17.07725
0.8800001	18.64685
1.03	20.21645
1.19	21.78605
1.33	22.91616
1.47	24.17184
1.61	25.49031
1.76	26.62041
1.92	27.87609
2.07	29.13177
2.22	30.38745
2.44	32.33376
2.6	33.65223
2.77	35.09625
2.93	36.47751
3.11	38.10989
3.39	40.43289
3.59	42.00249
3.79	43.57209
3.99	45.20448
4.2	46.77408
4.41	48.28089
4.62	49.78771
4.84	51.29453
5.06	52.86412
5.28	54.37095
5.5	55.75219
5.73	57.19622
5.95	58.51469
6.18	59.95872
6.52	62.09337
6.76	63.47463
7	64.73031
7.24	66.17434
7.6	67.86951
7.84	69.18797
8.210001	70.94592
8.580001	72.70387
8.960001	74.21069
9.340001	75.90587
9.730001	77.34988
10.12	78.79392
10.51	80.11239
11.03	81.80755
11.58	83.1888
12.14	84.19334
12.73	84.69561
13.32	85.32345
13.92	85.76295
14.52	85.9513
15.16	85.76295
15.8	85.32345
16.31	84.69561
16.84	83.62829
17.38	82.30982
17.94	80.8658
18.48	79.54733
18.86	78.29164
19.42	76.65926
19.99	74.83852
20.38	73.45728
20.95	71.57376
21.33	70.31808
21.9	68.62292
22.46	66.92774
23.02	65.16978
23.61	63.41184
24.17	61.77945
24.75	60.14707
25.31	58.51469
25.89	56.75673
26.49	54.81043
27.1	53.17804
27.52	51.29453
27.98	49.34822
28.45	46.96244
28.99	43.44653
29.26	42.00249
29.52	40.68403
30.02	37.85875
30.53	35.34739
30.96	33.90336
31.57	32.52211
32	31.07808
32.46999	29.50848
32.98	27.49939
33.55	24.92525
33.87	23.35565
34.30999	21.91161
34.82	20.4048
35.29	18.70963
35.63	17.20281
36.14999	15.82157
36.66999	14.62867
37.30999	13.56135
37.89	12.80793
38.43999	11.30112
38.64	9.857086
38.84	8.413056
38.89999	-0.753408
