Galeota 1996 Specimen AB4	
1075	
0.03	1.191915
0.08	2.38383
0.12	3.641963
0.18	4.94424
0.23	6.158225
0.28	7.372215
0.33	8.696565
0.38	10.02092
0.44	11.12454
0.48	12.25023
0.53	13.37593
0.57	14.50163
0.63	15.6494
0.68	16.75303
0.73	17.96701
0.78	19.13686
0.82	20.26255
0.88	21.47655
0.93	22.86711
0.99	24.08109
1.05	25.27301
1.1	26.59736
1.15	27.7672
1.2	28.93705
1.26	30.21725
1.31	31.56367
1.38	32.84388
1.42	34.01372
1.48	35.18356
1.54	36.50792
1.59	37.78812
1.66	39.02418
1.71	40.19402
1.77	41.29765
1.82	42.46749
1.87	43.6594
1.93	44.98375
2	46.26396
2.06	47.63245
2.12	48.97888
2.18	50.34735
2.25	51.71585
2.32	53.08435
2.38	54.45285
2.45	55.711
2.52	57.0574
2.58	58.3376
2.64	59.6178
2.71	60.8539
2.79	62.1341
2.85	63.30395
2.92	64.5179
2.98	65.6657
3.05	66.7914
3.11	67.9171
3.19	69.2635
3.26	70.5658
3.33	71.77975
3.4	72.99375
3.53	74.42845
3.59	75.6866
3.65	76.9006
3.75	78.31325
3.83	79.74795
3.92	81.11645
4.01	82.46285
4.1	83.8093
4.19	84.97915
4.25	86.08275
4.34	87.27465
4.43	88.5328
4.52	89.70265
4.6	90.91665
4.69	92.0644
4.78	93.1901
4.89	94.5365
5	95.79465
5.11	97.119
5.22	98.3992
5.33	99.5911
5.44	100.8493
5.55	102.0191
5.64	103.1448
5.74	104.3147
5.87	105.5286
5.98	106.8309
6.19	108.3539
6.27	109.4796
6.38	110.826
6.49	111.9738
6.63	113.3865
6.76	114.6666
6.9	115.991
7.03	117.2049
7.17	118.4631
7.3	119.5888
7.44	120.8028
7.58	121.9947
7.74	123.2749
7.89	124.5551
8.02	125.6808
8.23	126.9831
8.33	128.1971
8.47	129.5214
8.61	130.6692
8.78	131.9052
8.93	133.0751
9.1	134.4215
9.27	135.7459
9.45	137.004
9.63	138.1959
9.84	139.4099
10.05	140.6901
10.23	141.8379
10.4	143.0298
10.57	144.31
10.74	145.4798
10.91	146.6718
11.08	147.8416
11.25	148.9453
11.42	150.0709
11.58	151.2408
11.78	152.521
12.02	153.735
12.22	154.8607
12.42	156.0305
12.62	157.3107
12.8	158.5909
12.96	159.7166
13.05	157.6859
13.08	160.5112
13.25	161.6149
13.46	162.7847
13.63	163.9987
13.85	165.4113
14	166.5591
14.19	167.7952
14.37	169.0753
14.57	170.3776
14.72	171.4812
14.91	172.7835
15.1	173.9975
15.28	175.1453
15.52	176.4697
15.65	177.6174
15.81	178.8314
15.98	179.935
16.19	181.2594
16.36	182.363
16.58	183.7315
16.8	185.2103
17.03	186.5126
17.25	187.7708
17.43	188.9848
17.65	190.287
17.87	191.5672
18.08	192.7812
18.26	193.9952
18.49	195.1651
18.72	196.3349
18.9	197.593
19.22	198.8732
19.74	199.8002
20.07	200.9922
20.37	202.1841
20.93	203.5305
21.33	204.7666
21.73	199.7782
21.86	196.4453
21.91	195.2092
21.95	194.0394
21.99	192.9357
21.95	191.6555
21.83	190.1104
21.71	188.5654
21.59	187.0423
21.46	185.5856
21.34	184.1508
21.21	182.6058
21.09	181.1711
20.97	179.7805
20.84	178.2354
20.72	176.8007
20.59	175.366
20.47	173.8651
20.34	172.4303
20.22	170.9957
20.09	169.6051
19.96	168.1263
19.83	166.6915
19.71	165.2568
19.58	163.8663
19.45	162.3873
19.32	161.041
19.2	159.54
19.07	158.1494
18.94	156.7368
18.81	155.28
18.68	153.9336
18.56	152.521
18.43	151.0862
18.3	149.7399
18.17	148.3492
18.05	146.9146
17.92	145.5681
17.79	144.1334
17.65	142.6546
17.49	140.8887
17.36	139.4761
17.23	138.1077
17.1	136.7612
16.97	135.3707
16.84	134.0242
16.71	132.6557
16.58	131.2652
16.45	129.9408
16.32	128.5502
16.2	127.1597
16.06	125.8132
15.93	124.5331
15.81	123.0542
15.67	121.7519
15.55	120.4055
15.42	119.1032
15.28	117.7568
15.16	116.4103
15.03	115.1081
14.9	113.7396
14.76	112.4594
14.64	111.0468
14.51	109.8107
14.38	108.4864
14.25	107.1399
14.12	105.8376
13.99	104.4691
13.86	103.211
13.73	101.9308
13.6	100.6285
13.47	99.3483
13.33	98.0019
13.21	96.6555
13.07	95.33115
12.92	93.9185
12.78	92.55
12.64	91.20355
12.51	89.68055
12.37	88.4666
12.23	86.96565
12.09	85.5751
11.95	84.2728
11.81	82.86015
11.67	81.49165
11.53	80.21145
11.38	78.77675
11.25	77.3862
11.11	76.106
10.97	74.69335
10.84	73.3469
10.7	72.0005
10.55	70.5658
10.42	69.2635
10.28	67.895
10.14	66.5486
10	65.3346
9.87	63.92195
9.73	62.57555
9.6	61.27325
9.45	60.05925
9.32	58.71285
9.18	57.4768
9.05	56.24075
8.87	54.69565
8.73	53.50375
8.6	52.20145
8.47	51.00955
8.34	49.86178
8.2	48.47121
8.08	47.32344
7.95	46.13152
7.82	44.85132
7.69	43.54904
7.51	42.1364
7.27	40.96656
7.14	39.53185
7.01	38.25164
6.9	36.92729
6.78	35.5588
6.65	34.27859
6.54	33.08668
6.41	31.85062
6.29	30.57041
6.18	29.44472
6.05	28.0983
5.93	26.75187
5.8	25.58203
5.71	24.45633
5.59	23.04369
5.45	21.65312
5.34	20.41706
5.25	19.31344
5.14	17.96701
5.04	16.7751
4.92	15.45075
4.82	14.17054
4.73	13.06692
4.63	11.875
4.51	10.50651
4.44	7.747445
4.43	9.68983
4.34	8.49791
4.23	7.305995
4.14	6.158225
4.06	5.01046
3.97	3.730253
3.74	2.317612
3.66	1.191915
3.55	-0.2427975
3.44	-1.832018
3.36	-2.957715
3.28	-4.083413
3.15	-5.82714
3	-7.35014
2.86	-9.027655
2.76	-10.352
2.67	-11.52184
2.58	-12.80205
2.49	-13.97189
2.36	-15.58319
2.24	-17.01789
2.13	-18.36432
2.03	-19.73281
1.92	-20.99095
1.82	-22.33737
1.72	-23.70587
1.62	-24.98607
1.51	-26.33249
1.41	-27.65685
1.31	-29.04741
1.21	-30.34969
1.1	-31.62989
1	-32.9101
0.9	-34.14616
0.8	-35.47051
0.7	-36.70657
0.6	-37.98677
0.5	-39.26698
0.4	-40.52511
0.31	-41.76117
0.21	-43.04137
0.12	-44.2995
0.01	-45.55764
-0.08	-46.81578
-0.18	-48.05183
-0.28	-49.33204
-0.38	-50.5019
-0.47	-51.6938
-0.56	-52.95195
-0.66	-54.12175
-0.75	-55.3799
-0.85	-56.5718
-0.94	-57.7858
-1.03	-58.9998
-1.13	-60.23585
-1.25	-61.6264
-1.35	-62.8404
-1.44	-64.0544
-1.53	-65.20215
-1.63	-66.41615
-1.73	-67.586
-1.82	-68.75585
-1.92	-69.94775
-2.01	-71.16175
-2.08	-72.35365
-2.2	-73.54555
-2.31	-74.67125
-2.39	-75.79695
-2.52	-77.09925
-2.65	-78.44565
-2.78	-79.72585
-2.88	-80.87365
-3	-82.22005
-3.12	-83.52235
-3.25	-84.78045
-3.38	-86.08275
-3.49	-87.42915
-3.61	-88.66525
-3.74	-89.9013
-3.86	-91.1594
-3.98	-92.41755
-4.11	-93.63155
-4.24	-94.84555
-4.35	-96.01535
-4.5	-97.2956
-4.63	-98.4654
-4.75	-99.5911
-4.87	-100.7831
-5.02	-102.0632
-5.16	-103.4097
-5.31	-104.6898
-5.45	-105.9259
-5.59	-107.1399
-5.72	-108.3539
-5.86	-109.6121
-6	-110.826
-6.14	-112.018
-6.3	-113.254
-6.43	-114.3576
-6.57	-115.5054
-6.71	-116.7194
-7.03	-117.9555
-7.14	-119.2798
-7.24	-120.4717
-7.54	-121.5974
-7.68	-122.9438
-7.82	-124.2241
-7.97	-125.3497
-8.11	-126.5637
-8.25	-127.7115
-8.39	-128.8593
-8.56	-130.1174
-8.72	-131.4196
-8.88	-132.6337
-9.06	-133.8697
-9.21	-135.0175
-9.39	-136.2977
-9.56	-137.5338
-9.75	-138.7478
-9.93	-139.8734
-10.11	-141.0432
-10.3	-142.169
-10.5	-143.3388
-10.72	-144.597
-10.94	-145.8772
-11.15	-147.1794
-11.34	-148.3714
-11.53	-149.6074
-11.71	-150.7331
-11.89	-151.8588
-12.08	-152.9624
-12.33	-154.1322
-12.71	-155.4125
-12.88	-156.7368
-13.05	-157.9288
-13.22	-159.0765
-13.44	-160.2684
-13.6	-161.3721
-13.83	-162.6081
-14.05	-163.9104
-14.3	-165.1906
-14.5	-166.3383
-14.72	-167.6627
-14.91	-168.8326
-15.12	-170.0024
-15.33	-171.2384
-15.53	-172.4303
-15.74	-173.6223
-15.94	-174.7701
-16.18	-176.0724
-16.39	-177.2643
-16.59	-178.412
-16.83	-179.7363
-17.04	-180.8842
-17.26	-182.1422
-17.51	-183.4445
-17.74	-184.7247
-17.98	-185.9167
-18.18	-187.0423
-18.4	-188.2563
-18.63	-189.4262
-18.84	-190.5519
-19.06	-191.7438
-19.29	-192.8695
-19.69	-194.238
-19.97	-195.5182
-20.49	-196.4673
-20.73	-197.6813
-21.06	-198.9173
-21.39	-200.1093
-21.89	-197.7917
-22.62	-196.9308
-22.69	-195.761
-22.62	-194.1718
-22.5	-192.8033
-22.38	-191.4127
-22.25	-190.1546
-22.15	-188.8082
-22.03	-187.4617
-21.92	-186.2257
-21.8	-184.9675
-21.68	-183.6211
-21.56	-182.4733
-21.43	-181.1711
-21.31	-179.9571
-21.2	-178.6989
-21.07	-177.3526
-20.94	-175.9841
-20.8	-174.5714
-20.67	-173.2029
-20.54	-171.8123
-20.38	-170.4218
-20.27	-169.0533
-20.12	-167.7068
-19.99	-166.3383
-19.86	-164.9919
-19.72	-163.6676
-19.58	-162.3432
-19.44	-160.9747
-19.31	-159.6284
-19.14	-157.9729
-18.97	-156.3174
-18.8	-154.7061
-18.69	-153.5804
-18.51	-151.9471
-18.4	-150.8434
-18.29	-149.7177
-18.17	-148.6142
-18	-146.9587
-17.83	-145.3695
-17.72	-144.2438
-17.54	-142.5883
-17.43	-141.4626
-17.26	-139.8293
-17.07	-138.2842
-16.9	-136.5847
-16.74	-134.9733
-16.62	-133.8697
-16.45	-132.2584
-16.28	-130.7133
-16.17	-129.5876
-15.99	-128.0205
-15.81	-126.4092
-15.64	-124.8642
-15.47	-123.2529
-15.35	-122.1492
-15.22	-121.0014
-15.1	-119.7875
-14.97	-118.6397
-14.84	-117.4698
-14.72	-116.3221
-14.6	-115.1743
-14.46	-113.9603
-14.28	-112.1724
-14.16	-110.9806
-13.97	-109.2589
-13.77	-107.5593
-13.64	-106.4336
-13.52	-105.2417
-13.33	-103.5863
-13.2	-102.3502
-13.07	-101.2245
-12.95	-100.0988
-12.76	-98.44335
-12.63	-97.2956
-12.49	-96.03745
-12.34	-94.691
-12.2	-93.45495
-12.05	-92.1306
-11.9	-90.80625
-11.74	-89.37155
-11.58	-88.02515
-11.42	-86.6787
-11.26	-85.26605
-11.11	-83.8976
-10.94	-82.46285
-10.79	-81.2268
-10.64	-79.83625
-10.48	-78.60015
-10.32	-77.31995
-10.16	-76.12805
-9.99	-74.93615
-9.83	-73.63385
-9.68	-72.26535
-9.52	-70.8527
-9.37	-69.418
-9.2	-67.895
-9.04	-66.26165
-8.85	-64.56205
-8.67	-62.8404
-8.48	-60.9863
-8.28	-59.2426
-8.09	-57.43265
-7.9	-55.5565
-7.71	-53.81275
-7.51	-52.0028
-7.33	-50.1708
-7.14	-48.36084
-6.95	-46.61712
-6.75	-44.82925
-6.56	-43.06345
-6.37	-41.27557
-6.17	-39.39941
-5.98	-37.65569
-5.79	-35.82367
-5.61	-34.05787
-5.42	-32.20377
-5.23	-30.4159
-5.05	-28.53975
-4.86	-26.66358
-4.67	-24.83156
-4.48	-22.86711
-4.3	-20.99095
-4.11	-19.04856
-3.93	-17.15034
-3.74	-15.2521
-3.56	-13.35386
-3.37	-11.4777
-3.19	-9.53532
-2.99	-7.482575
-2.89	-6.378955
-2.69	-4.32621
-2.54	-2.82528
-2.34	-1.103625
-2.16	1.103625
-2.07	2.38383
-1.97	3.575745
-1.87	4.701443
-1.78	5.849215
-1.6	7.87988
-1.43	9.844335
-1.29	11.14661
-1.15	12.29438
-1.05	13.398
-0.92	14.8548
-0.84	16.02464
-0.68	17.92287
-0.53	19.86525
-0.37	21.71934
-0.2	23.63965
0	25.8469
0.11	27.10503
0.22	28.34109
0.32	29.55507
0.52	31.58574
0.71	33.59435
0.81	34.72004
1.02	37.01559
1.13	38.29579
1.25	39.42149
1.37	40.78998
1.49	42.15847
1.62	43.48283
1.75	44.87339
1.89	46.21981
2.02	47.69867
2.16	49.00095
2.3	50.43565
2.44	51.7821
2.58	53.17265
2.73	54.7398
2.87	56.1083
3.04	57.43265
3.19	59.02185
3.33	60.4566
3.49	61.803
3.64	63.1715
3.78	64.6062
3.91	65.79815
4.06	66.9459
4.21	68.2923
4.36	69.6608
4.51	70.9631
4.66	72.28745
4.82	73.5235
4.97	74.75955
5.12	76.0177
5.28	77.34205
5.44	78.6443
5.6	79.83625
5.75	81.09435
5.91	82.30835
6.07	83.4782
6.23	84.8246
6.39	86.08275
6.54	87.2526
6.7	88.48865
6.87	89.70265
7.02	90.8504
7.19	92.10855
7.35	93.2563
7.51	94.4703
7.67	95.6622
7.83	96.7879
7.99	98.02395
8.16	99.2821
8.32	100.4078
8.48	101.6218
8.64	102.8358
8.96	105.2417
9.12	106.3674
9.29	107.5152
9.45	108.7733
9.78	110.9806
9.94	112.1945
10.1	113.2981
10.26	114.468
10.44	115.682
10.6	116.8076
10.76	117.9996
10.93	119.2577
11.09	120.3614
11.26	121.5974
11.42	122.701
11.59	123.893
11.75	125.0628
11.91	126.2105
12.08	127.3363
12.25	128.484
12.41	129.5876
12.58	130.8017
12.74	132.0157
12.91	133.1414
13.07	134.3112
13.24	135.4148
13.57	137.6882
13.9	140.0058
14.07	141.1537
14.23	142.2793
14.4	143.4713
14.57	144.597
14.9	146.8262
15.23	148.9453
15.4	150.1813
15.73	152.4769
16.07	154.662
16.23	155.8098
16.56	157.8846
16.73	159.0323
17.07	161.1954
17.23	162.3212
17.57	164.5063
17.91	166.5811
18.08	167.7068
18.41	169.7155
18.58	170.8412
18.92	172.8056
19.26	174.7921
19.43	175.9178
19.78	177.8161
20.12	179.7805
20.47	181.4801
20.81	183.2238
21.17	184.9896
21.52	186.6892
21.85	188.0577
22.17	189.2496
22.75	189.8235
23.14	188.1902
23.66	189.1172
24.1	190.2428
24.67	191.5231
25.27	192.715
25.9	193.5538
26.57	193.4434
27.18	192.119
27.79	190.7285
28.42	189.4041
29.06	187.8591
29.55	186.623
30.03	185.2986
30.53	184.0405
31.16	182.5616
31.65	181.3256
32.15	179.9129
32.5	178.5665
32.85	177.0435
33.2	175.6088
33.69	174.2624
34.18	173.0704
34.81	171.8565
35.59	170.5101
36.37	169.1857
37.01	167.9938
37.81	166.7136
38.44	165.4996
39.08	164.2856
39.7	163.0937
40.5	161.8356
41.28	160.5333
42.05	159.4076
42.85	158.1936
43.62	157.1562
44.39	155.9863
45.17	154.662
45.38	153.5363
45.66	152.3885
46.17	151.2849
46.21	150.1371
46.26	148.9453
46.3	147.7754
46.29	146.2744
46.21	144.8398
46.07	143.5154
45.95	142.1248
45.83	140.8667
45.69	139.5644
45.56	138.3504
45.43	137.0923
45.28	135.6797
45.12	134.0463
44.96	132.5895
44.81	131.0665
44.65	129.6318
44.5	128.1088
44.34	126.6962
44.18	125.1069
44.03	123.7163
43.87	122.2154
43.73	120.869
43.57	119.3018
43.42	117.8451
43.26	116.4103
43.11	114.8212
42.95	113.563
42.8	112.0621
42.64	110.6053
42.49	109.1926
42.32	107.7579
42.17	106.3232
42.03	104.8885
41.86	103.5201
41.71	101.997
41.55	100.7389
41.4	99.2821
41.25	97.89155
41.1	96.50095
40.94	95.1325
40.78	93.7419
40.62	92.24095
40.47	90.9387
40.32	89.54815
40.16	88.26795
40.01	86.78905
39.85	85.4206
39.68	84.07415
39.53	82.5732
39.37	81.2268
39.21	79.7921
39.05	78.46775
38.87	77.03305
38.71	75.6866
38.56	74.18565
38.39	72.77305
38.22	71.38245
38.08	70.10225
37.91	68.6896
37.76	67.3432
37.59	66.0409
37.43	64.73865
37.27	63.3481
37.1	62.0237
36.95	60.63315
36.79	59.3971
36.63	58.13895
36.48	56.85875
36.31	55.57855
36.16	54.3425
36	53.01815
35.84	51.8483
35.69	50.5019
35.53	49.30996
35.37	48.11805
35.22	46.83784
35.05	45.57971
34.9	44.3878
34.74	43.2621
34.59	42.11433
34.43	40.92242
34.14	38.75931
33.84	36.77279
33.55	34.74212
33.26	32.9101
32.98	31.27674
32.69	29.3785
32.42	27.67892
32.15	26.06763
31.93	24.7212
31.75	23.5955
31.54	22.38152
31.29	20.72608
31.04	19.07064
30.79	17.52556
30.58	16.135
30.42	15.0093
30.03	13.26558
29.84	11.89708
29.67	10.5948
29.49	9.380815
29.26	7.659155
29.08	6.29066
28.86	5.12082
28.71	3.818542
28.43	2.516265
28.25	1.390568
28.08	0.26487
27.85	-1.434713
27.66	-2.91357
27.45	-4.4145
27.23	-5.91543
27	-7.50465
26.76	-9.09387
26.51	-10.74931
26.27	-12.33853
26.01	-13.97189
25.75	-15.6494
25.49	-17.37106
25.21	-19.04856
24.93	-20.74815
24.66	-22.49187
24.39	-24.14731
24.11	-25.86897
23.84	-27.56855
23.55	-29.06948
23.27	-30.6587
22.99	-32.22585
22.7	-33.74885
22.42	-35.316
22.14	-36.92729
21.65	-38.78138
21.37	-40.34853
21.09	-41.95982
20.81	-43.70355
20.53	-45.5135
20.25	-47.10271
19.97	-48.66986
19.68	-50.3253
19.38	-51.9145
19.08	-53.34925
18.79	-54.9164
18.49	-56.46145
18.18	-57.852
17.88	-59.3971
17.57	-60.87595
17.25	-62.2224
16.94	-63.6571
16.62	-65.0256
16.3	-66.3058
15.98	-67.54185
15.66	-68.9545
15.34	-70.25675
15	-71.5811
14.67	-72.8834
14.33	-74.0091
14	-75.24515
13.66	-76.4812
13.32	-77.6952
12.98	-78.93125
12.63	-80.1011
12.29	-81.2268
11.77	-82.86015
11.24	-84.49355
10.89	-85.6413
10.37	-87.1864
9.85	-88.73145
9.49	-89.92335
8.95	-91.336
8.41	-92.859
8.02	-94.2937
7.47	-95.5739
6.98	-97.0969
6.46	-98.50955
5.94	-100.0546
5.6	-101.1804
5.08	-102.6813
4.57	-104.1822
4.22	-105.2859
3.88	-106.3895
3.52	-107.5814
3.18	-108.685
2.67	-110.3625
2.33	-111.5102
1.98	-112.6801
1.65	-113.8279
1.31	-115.0198
0.99	-116.2559
0.64	-117.514
0.31	-118.6618
-0.02	-119.9641
-0.35	-121.156
-0.68	-122.4583
-1.01	-123.8488
-1.34	-125.129
-1.67	-126.343
-1.99	-127.6452
-2.32	-129.08
-2.65	-130.3602
-2.96	-131.6846
-3.29	-132.9868
-3.61	-134.2891
-3.93	-135.6355
-4.24	-136.8936
-4.55	-138.218
-4.86	-139.4982
-5.18	-140.9108
-5.49	-142.1028
-5.81	-143.4933
-6.12	-144.8398
-6.43	-146.1641
-6.75	-147.4664
-7.06	-148.6803
-7.38	-150.1371
-7.69	-151.3953
-8.01	-152.543
-8.32	-153.9557
-8.63	-155.1035
-8.94	-156.4498
-9.28	-157.6638
-9.6	-158.9441
-9.91	-160.136
-10.24	-161.2838
-10.56	-162.4536
-10.88	-163.6013
-11.37	-165.323
-11.86	-166.9343
-12.2	-168.0821
-12.71	-169.6272
-13.05	-170.7529
-13.58	-172.2097
-14.12	-173.4899
-14.47	-174.6156
-14.99	-175.9841
-15.53	-177.2643
-16.05	-178.5224
-16.77	-180.0013
-17.49	-181.4359
-18.24	-182.6279
-19	-183.7536
-19.78	-184.4819
-20.61	-184.5923
-21.46	-184.813
-22.31	-184.5261
-23.21	-183.7977
-23.87	-183.2238
-24.77	-182.4733
-25.67	-181.4139
-26.4	-180.1999
-27.11	-178.7872
-27.59	-177.6174
-28.08	-176.4917
-28.82	-174.9908
-29.52	-173.5782
-30.24	-172.2097
-30.72	-171.0618
-31.47	-169.3623
-31.97	-168.0379
-32.47	-166.7578
-32.99	-165.2126
-33.66	-161.8135
-34.21	-156.9576
-34.67	-153.1169
-35.04	-150.8876
-35.34	-149.1439
-35.63	-147.6871
-36.1	-145.9875
-36.49	-144.7514
-36.86	-143.5374
-37.5	-142.2793
-38.08	-141.0654
-39.09	-136.695
-39.67	-131.1548
-40.25	-125.5263
-40.74	-120.6483
-40.98	-119.1694
-41.42	-115.9248
-41.95	-110.7377
-42.21	-108.994
-42.53	-107.8242
-42.93	-106.5219
-43.04	-105.3079
-43.35	-103.9614
-43.8	-98.9731
-44.06	-95.37525
-44.16	-93.78605
-44.28	-92.50585
-44.38	-91.3581
-44.47	-0.1986525
