Galeota 1996 Specimen CA1	
2392	
0.24	3.390336
0.42	6.341184
0.57	8.978112
0.65	10.10822
0.75	11.55226
0.93	14.1264
1.13	17.20282
1.21	18.08179
1.31	19.96531
1.55	23.41843
1.73	25.42752
1.78	26.49485
2.02	29.38291
2.28	32.89882
2.37	34.34285
2.47	36.60307
2.8	40.37011
2.89	42.00249
2.99	43.5721
3.26	46.58573
3.5	49.28544
3.62	50.54112
3.76	51.85958
4.04	54.43373
4.19	55.87776
4.34	57.00787
4.77	60.27264
4.89	61.5911
5.18	63.60019
5.5	65.54649
5.65	66.55104
6.11	69.37632
6.23	70.38087
6.54	72.26438
6.87	73.95955
7.15	75.52915
7.5	77.09875
7.83	78.60557
8.15	79.86124
8.5	81.30528
8.8	82.49818
9.140001	83.87943
9.3	84.44448
9.810001	86.26521
9.979999	87.01862
10.36	86.76749
10.89	88.58823
11.19	89.78112
11.4	90.40896
12.06	92.6064
12.23	92.9831
12.73	94.5527
13.05	95.87117
13.23	96.12231
13.88	97.75468
14.03	98.44531
14.41	99.07315
14.96	100.2033
15.49	100.5172
15.91	101.0195
17.27	84.57005
17.57	83.75385
17.82	82.05869
17.48	78.66835
17.02	75.90585
16.83	74.90131
16.41	72.32717
16.19	71.13427
15.81	68.74848
15.61	67.55559
15.17	65.23257
14.97	64.03968
14.54	62.21894
14.37	61.08883
13.95	59.01696
13.72	58.01242
13.26	55.87776
13.05	55.12435
12.6	53.3664
12.43	52.29907
11.98	50.54112
11.81	49.59936
11.37	47.77863
11.12	46.77408
10.75	44.95334
10.51	43.9488
10.11	42.25363
9.850001	41.24909
9.47	39.24
9.32	38.23545
8.87	36.22637
8.71	35.09626
8.310001	33.02438
8.060001	32.27098
7.73	30.07354
7.52	29.06899
7.14	26.93434
7.02	25.92979
6.72	24.17184
6.47	22.72781
6.15	20.96986
5.97	19.96531
5.64	17.83066
5.32	16.00992
5.22	14.87981
4.7	12.11731
4.7	11.48947
4.31	9.292032
4.17	8.538624
3.98	6.529536
3.63	3.955392
3.54	3.390336
3.23	1.318464
2.98	-0.62784
2.95	-1.192896
2.63	-3.955392
2.38	-6.2784
2.22	-7.282944
1.85	-10.92442
1.71	-12.11731
1.52	-13.43578
1.09	-17.01446
0.91	-18.01901
0.59	-20.34202
0.28	-22.72781
0.12	-23.9207
-0.35	-27.68774
-0.5	-29.13178
-0.63	-30.26189
-0.93	-33.02438
-1.13	-34.21728
-1.24	-35.66131
-1.67	-39.24
-1.84	-40.4329
-1.94	-41.81414
-2.3	-44.3255
-2.47	-45.58118
-2.56	-46.89965
-2.86	-49.47379
-3.02	-50.72947
-3.3	-53.05248
-3.63	-55.50106
-3.76	-56.69395
-4.28	-59.83315
-4.43	-60.96326
-4.75	-62.97235
-5.01	-62.84678
-5.51	-66.17434
-5.68	-67.17888
-6.01	-68.93683
-6.21	-69.69024
-6.55	-71.51098
-6.74	-72.13882
-7.28	-74.27348
-7.47	-75.15245
-8.020001	-77.60102
-8.21	-78.29165
-8.83	-79.42176
-9.25	-80.80301
-9.46	-81.49363
-10.06	-83.43993
-10.22	-83.81664
-10.8	-85.63737
-11.08	-85.95129
-11.43	-87.33254
-11.81	-88.52544
-12.02	-88.96493
-12.59	-90.59731
-12.82	-91.09959
-13.25	-92.16691
-13.85	-93.35981
-14.05	-93.86208
-14.51	-94.74106
-15.19	-96.05952
-15.68	-96.9385
-15.87	-97.3152
-16.54	-98.44531
-17.18	-99.07315
-17.41	-99.44986
-17.96	-99.01037
-18.75	-98.8848
-19.43	-97.12685
-19.7	-96.49901
-19.69	-93.10867
-19.23	-89.90668
-18.89	-87.83482
-18.75	-86.95584
-18.28	-84.06778
-18.11	-83.1888
-17.8	-81.36806
-17.6	-80.48909
-17.25	-78.60557
-17.08	-77.91495
-16.56	-75.3408
-16.37	-74.65018
-15.88	-72.32717
-15.68	-71.57376
-15.14	-69.37632
-14.98	-68.56013
-14.45	-66.61382
-14.23	-65.98598
-13.73	-63.97689
-13.53	-63.22349
-12.96	-61.40275
-12.76	-60.58656
-12.22	-58.64025
-12.03	-57.88685
-11.47	-55.87776
-11.28	-55.06157
-10.72	-52.92691
-10.55	-52.29907
-10.02	-50.10163
-9.850001	-49.28544
-9.32	-47.02522
-9.08	-46.33459
-8.560001	-44.19994
-8.41	-43.38374
-7.85	-41.06074
-7.64	-40.4329
-7.1	-38.0471
-6.91	-37.41927
-6.37	-34.84512
-6.2	-34.09171
-5.66	-31.70592
-5.44	-30.26189
-5.05	-28.75507
-4.86	-27.75053
-4.5	-25.74144
-4.21	-23.73235
-4.05	-22.72781
-3.56	-19.58861
-3.39	-18.4585
-3.12	-16.38662
-2.8	-14.06362
-2.64	-13.05907
-2.19	-9.73152
-2.04	-8.664192
-1.76	-6.59232
-1.54	-4.39488
-1.37	-3.515904
-1.02	-1.192896
-0.94	-0.94176
-0.69	1.5696
-0.45	3.704256
-0.3	4.771584
0.1	8.099136
0.25	8.915328
0.55	10.92442
0.77	13.05907
0.82	13.49856
1.13	16.00992
1.32	17.57952
1.51	19.27469
1.87	22.22554
1.96	23.04173
2.25	24.79968
2.49	26.55763
2.66	27.37382
3.03	29.88518
3.2	30.76416
3.49	32.52211
3.79	34.34285
3.97	35.47296
4.47	38.61216
4.65	39.6167
5	41.56301
5.17	42.44198
5.52	44.38829
5.76	45.33005
5.96	46.89965
6.41	48.40646
6.81	50.10163
6.96	50.98061
7.56	53.24083
7.78	54.11981
8.37	56.31725
8.5	57.19622
9.100001	59.39367
9.359999	60.0215
9.939999	62.21894
10.07	62.784
10.75	64.79309
10.94	65.42093
11.52	67.36723
11.78	67.99507
12.37	69.87859
12.56	70.38087
13.18	72.13882
13.37	72.5783
13.77	73.83398
14.46	75.46637
14.63	75.71751
15.32	77.47546
15.52	78.04051
15.93	78.79392
16.58	80.0496
17.04	80.86579
17.28	81.17971
17.96	81.87034
18.7	82.3726
19.23	82.24704
19.99	82.18426
20.52	81.9959
21.07	81.68198
21.85	81.43085
22.4	81.05415
22.96	80.67744
23.72	80.0496
24.3	79.6729
24.83	79.42176
25.18	75.90585
25.47	75.52915
26.01	75.90585
26.71	75.65472
27.26	75.52915
27.86	75.15245
28.38	74.90131
28.91	74.71296
29.47	74.33626
30.05	74.08512
30.66	73.7712
30.93	73.26893
31.29	73.14336
32.04	72.5783
32.6	72.07603
33.18	71.38541
33.72	70.94592
34.01	70.69479
34.27	70.50643
34.78	70.00416
35.38	69.50188
35.89	69.12518
36.52	68.56013
37.06	67.80672
37.31	67.61837
37.86	67.17888
38.4	66.7394
38.49	63.41184
37.95	60.20985
37.69	58.64025
37.39	57.25901
37.15	55.68941
36.86	54.11981
36.59	52.73856
36.29	51.35731
36	49.97606
35.75	48.72038
35.45	47.33913
35.16	46.20902
34.88	45.01613
34.29	43.00704
34.02	41.75136
33.4	39.99341
33.13	39.17722
32.53	37.10534
32.25	36.1008
31.66	34.34285
31.38	33.3383
30.82	31.45478
30.5	30.70138
29.98	28.88064
29.69	28.00166
29.2	26.3065
28.96	25.36474
28.49	23.79514
28.25	23.04173
27.75	21.53491
27.43	20.65594
27.15	19.96531
26.58	18.27014
26.27	17.57952
26.02	16.63776
25.41	14.87981
25.16	14.25197
24.61	12.68237
24.32	12.05453
24.08	11.48947
23.46	9.919872
23.3	9.543168
22.92	8.726976
22.38	7.53408
22.11	6.90624
21.82	6.341184
21.25	5.148288
20.67	4.018176
20.36	3.515904
19.77	2.636928
19.25	1.632384
19.01	0.816192
18.56	0.753408
18.05	0.062784
17.47	-0.565056
16.95	-1.632384
16.77	-1.946304
16.41	-2.19744
15.73	-3.578688
15.1	-4.332096
14.78	-4.897152
14.48	-5.33664
13.83	-6.090048
13.19	-6.90624
12.54	-7.722432
12.21	-8.16192
11.63	-9.10368
10.95	-10.04544
10.65	-10.54771
10.31	-10.92442
9.649999	-11.92896
9.04	-12.87072
8.74	-13.43578
8.43	-14.00083
7.77	-15.19373
7.18	-16.26106
6.88	-16.8889
6.29	-18.08179
5.95	-18.77242
5.69	-19.40026
5.06	-20.7815
4.75	-21.5977
4.46	-22.3511
3.87	-23.79514
3.6	-24.61133
3.31	-25.36474
2.73	-26.99712
2.43	-27.8761
2.16	-28.75507
1.52	-29.88518
1.26	-30.76416
0.96	-31.70592
0.47	-33.90336
0.17	-35.22182
-0.3	-37.41927
-0.62	-38.48659
-1.13	-40.55846
-1.34	-41.62579
-1.87	-43.9488
-2.09	-45.1417
-2.64	-47.52749
-2.85	-48.53203
-3.36	-50.85504
-3.6	-51.85958
-4.11	-53.86867
-4.4	-55.06157
-4.83	-57.00787
-5.1	-58.20077
-5.58	-60.20985
-5.85	-61.2144
-6.35	-63.16071
-6.57	-63.78854
-7.1	-65.79763
-7.42	-66.61382
-8.07	-68.93683
-8.3	-70.06694
-8.84	-71.32262
-9.13	-72.26438
-9.34	-72.95501
-9.899999	-74.83853
-10.18	-75.46637
-10.72	-77.03596
-11.02	-77.66381
-11.25	-78.41721
-11.78	-79.79846
-12.05	-80.48909
-12.36	-81.24249
-12.96	-82.43539
-13.52	-83.56551
-13.79	-84.3817
-14.4	-85.38624
-14.96	-86.328
-15.28	-87.1442
-15.84	-87.96038
-16.47	-88.90215
-16.76	-89.52998
-17.36	-90.28339
-17.98	-91.09959
-18.62	-91.72742
-18.96	-91.79021
-19.58	-92.73197
-20.24	-93.10867
-20.88	-93.48537
-21.58	-93.54816
-22.27	-93.67373
-22.87	-90.34618
-23.59	-90.40896
-24.3	-90.53453
-25.01	-90.34618
-25.8	-89.90668
-26.52	-89.52998
-27.35	-88.96493
-27.71	-88.90215
-28.46	-88.39987
-29.27	-87.8976
-30	-87.33254
-30.73	-86.64192
-31.58	-86.13965
-31.92	-86.01408
-32.68	-85.38624
-33.44	-84.63284
-34.27	-83.81664
-34.66	-83.37715
-35.1	-83.1888
-35.84	-82.3726
-36.66	-81.43085
-37.45	-80.61465
-37.83	-80.23795
-38.63	-79.48454
-39.43	-78.60557
-39.83	-78.04051
-40.2	-77.66381
-41.07	-76.72205
-41.87	-75.84307
-42.26	-75.27802
-42.69	-74.5246
-43.27	-73.45728
-43.45	-71.95046
-42.75	-68.56013
-42.52	-67.30445
-42.25	-64.3536
-41.86	-63.16071
-41.66	-61.77946
-41.23	-59.83315
-40.96	-58.70304
-40.45	-56.5056
-40.23	-55.68941
-39.92	-54.74765
-39.44	-52.86413
-39.16	-52.04794
-38.66	-50.54112
-38.37	-49.72493
-37.98	-49.09709
-37.2	-47.15078
-36.95	-46.33459
-36.4	-44.76499
-36.1	-44.3255
-35.76	-43.63488
-35.23	-42.3792
-34.97	-41.62579
-34.64	-40.99795
-34.03	-39.86784
-33.41	-38.61216
-33.19	-37.98432
-32.65	-36.4775
-32.33	-35.91245
-32.01	-35.22182
-31.41	-33.90336
-31.08	-33.27552
-30.81	-32.52211
-30.28	-31.32922
-29.96	-30.70138
-29.67	-30.26189
-28.99	-28.88064
-28.77	-28.19002
-28.4	-27.49939
-27.85	-26.36928
-27.22	-24.98803
-26.98	-24.42298
-26.22	-23.1673
-25.67	-21.9744
-25.36	-21.5977
-24.76	-20.34202
-24.03	-19.40026
-23.78	-18.96077
-23.11	-18.01901
-22.44	-17.07725
-22.2	-16.44941
-21.85	-16.19827
-21.18	-15.3193
-20.52	-14.44032
-19.92	-13.49856
-19.52	-13.31021
-18.76	-13.24742
-18.04	-12.68237
-17.43	-11.92896
-16.73	-11.11277
-16.43	-10.67328
-15.97	-10.48493
-15.38	-9.543168
-14.73	-8.664192
-13.98	-7.973568
-13.7	-7.094592
-12.97	-6.90624
-12.07	-5.901696
-11.75	-5.399424
-11.37	-4.959936
-10.64	-5.273856
-9.91	-4.771584
-9.2	-3.578688
-8.609999	-2.51136
-8.350001	-1.820736
-7.84	-1.318464
-7.34	-0.251136
-7.13	0.062784
-6.81	0.816192
-6.2	2.134656
-5.99	2.950848
-5.7	3.327552
-5.15	4.959936
-4.79	5.713344
-4.47	6.152832
-3.7	8.664192
-3.37	9.166464
-2.84	10.67328
-2.53	11.30112
-2.26	11.92896
-1.85	13.81248
-1.67	14.31475
-1.01	16.51219
-0.93	17.39117
-0.43	18.8352
-0.28	19.65139
0.11	21.03264
0.37	22.41389
0.69	23.41843
1.21	24.98803
1.42	25.74144
1.92	27.12269
2.07	28.12723
2.72	29.69683
3.17	31.32922
3.4	32.14541
3.89	34.02893
4.24	35.03347
4.77	36.66586
5.18	37.79597
5.69	39.42835
6.09	40.24454
6.64	41.62579
6.9	42.63034
7.21	43.44653
7.8	44.63942
8.12	45.58118
8.42	46.33459
9.109999	47.59027
9.41	48.34368
9.689999	48.59481
10.48	49.97606
11.02	50.98061
11.38	51.85958
11.94	52.86413
12.49	53.7431
12.76	54.05702
13.52	54.936
14.29	55.87776
14.65	56.25446
14.91	56.69395
15.64	57.51014
16.29	58.26355
16.92	59.07974
17.26	59.39367
17.93	60.0215
18.58	60.46099
19.34	61.08883
20.1	61.65389
20.36	61.84224
21.08	62.4073
21.82	62.84678
22.58	63.22349
23.18	63.66298
23.84	64.03968
24.59	64.22803
24.94	64.22803
25.67	64.54195
26.4	64.7303
27.08	64.85587
27.89	64.98144
28.57	65.04423
29.33	65.04423
30.02	64.98144
30.77	64.85587
31.61	64.79309
32.3	62.65843
33.13	62.65843
33.83	62.65843
34.54	62.65843
35.26	62.59565
36.11	62.21894
36.85	61.96781
37.15	61.65389
37.56	61.5911
38.29	61.2144
39.14	60.8377
39.21	57.44736
38.67	54.43373
38.37	52.73856
38.02	51.16896
37.75	49.59936
37.48	48.09254
37.16	46.58573
36.91	45.1417
36.61	43.82323
36.28	42.3792
36.02	41.24909
35.72	39.86784
35.46	38.8633
34.87	36.4775
34.58	35.59853
34.01	33.71501
33.71	32.71046
33.16	30.76416
32.82	29.94797
32.31	27.93888
32.02	26.74598
31.49	24.98803
31.12	24.17184
30.61	22.41389
30.32	21.53491
29.62	19.65139
29.35	18.77242
28.75	17.01446
28.46	16.0727
27.85	14.62867
27.62	13.81248
27.34	13.05907
26.83	11.48947
26.63	10.92442
26.32	10.10822
25.69	8.47584
25.46	7.722432
25.12	7.094592
24.59	5.713344
24.26	5.148288
24.03	4.39488
23.44	3.390336
22.96	2.385792
22.75	1.946304
22.25	1.25568
21.74	0.251136
21.52	-0.188352
21.17	-0.62784
20.61	-1.318464
20.09	-2.323008
19.79	-2.950848
19.46	-3.578688
18.71	-4.39488
17.98	-5.587776
17.61	-5.901696
16.87	-6.780672
16.12	-7.53408
15.35	-8.538624
15	-9.040896
14.28	-9.857088
13.51	-10.48493
13.14	-11.04998
12.76	-11.48947
12	-12.30566
11.24	-13.12186
10.86	-13.62413
10.49	-14.00083
9.729999	-15.19373
9.01	-16.19827
8.63	-16.57498
7.88	-17.45395
7.14	-18.58406
6.78	-19.02355
6.41	-19.83974
5.7	-20.84429
5.35	-21.5977
4.99	-22.3511
4.27	-23.35565
3.55	-24.92525
3.23	-25.36474
2.48	-26.87155
2.02	-27.56218
1.68	-28.88064
0.89	-30.63859
0.53	-31.32922
-0.13	-33.21273
-0.48	-33.90336
-1.1	-35.66131
-1.37	-36.85421
-1.7	-38.17267
-1.99	-39.42835
-2.28	-40.24454
-2.93	-42.25363
-3.27	-43.19539
-3.89	-45.20448
-4.18	-46.39738
-4.87	-47.96698
-5.24	-48.97152
-5.84	-50.85504
-6.19	-51.67123
-6.81	-53.24083
-7.14	-54.11981
-7.49	-54.87321
-8.17	-56.25446
-8.45	-57.07066
-8.78	-57.88685
-9.5	-59.20531
-9.83	-59.77037
-10.17	-60.39821
-10.87	-61.77946
-11.57	-62.784
-11.88	-63.53741
-12.6	-64.54195
-13.3	-65.54649
-13.7	-65.73485
-14.43	-66.80218
-15.15	-67.55559
-15.86	-68.49734
-16.25	-68.6857
-17	-69.56467
-17.73	-70.31808
-18.47	-70.94592
-18.83	-71.13427
-19.21	-71.57376
-19.97	-72.26438
-20.74	-72.64109
-21.46	-73.08057
-22.24	-73.70842
-22.61	-73.89677
-23.39	-74.08512
-24.19	-74.65018
-24.96	-75.02688
-25.73	-75.21523
-26.51	-75.3408
-27.32	-75.90585
-28.1	-75.84307
-28.92	-75.90585
-29.77	-76.03143
-30.12	-76.21977
-30.51	-76.03143
-31.37	-76.03143
-32.12	-72.07603
-32.47	-71.95046
-33.29	-72.26438
-34.13	-72.26438
-34.94	-71.95046
-35.81	-72.07603
-36.34	-71.69933
-37.32	-71.51098
-38.14	-71.07149
-39.01	-70.75757
-39.87	-70.50643
-40.74	-69.69024
-41.63	-69.31354
-42.04	-68.87405
-42.91	-68.30899
-43.51	-67.30445
-43.45	-65.35815
-42.87	-62.21894
-42.59	-60.8377
-42.28	-59.45645
-42.01	-58.26355
-41.72	-56.88231
-41.4	-55.68941
-40.81	-53.11526
-40.49	-52.04794
-39.89	-49.91328
-39.59	-49.09709
-38.97	-47.15078
-38.59	-46.14624
-37.9	-44.57664
-37.6	-43.9488
-36.92	-42.25363
-36.53	-41.43744
-36.21	-40.93517
-35.55	-39.36557
-35.19	-38.48659
-34.81	-37.79597
-34.11	-36.1008
-33.77	-35.41018
-33.45	-34.65677
-32.71	-33.08717
-32.36	-32.33376
-32.01	-31.64314
-31.33	-30.07354
-30.97	-29.4457
-30.61	-28.69229
-29.89	-26.99712
-29.51	-26.49485
-29.17	-25.61587
-28.45	-24.10906
-28.09	-23.41843
-27.72	-22.72781
-27	-21.40934
-26.64	-20.59315
-26.26	-19.96531
-25.5	-18.96077
-25.1	-18.08179
-24.76	-17.45395
-23.97	-16.38662
-23.21	-15.44486
-22.83	-14.69146
-22.07	-13.81248
-21.26	-12.87072
-20.88	-12.30566
-20.08	-11.61504
-19.31	-10.67328
-18.94	-10.29658
-18.51	-9.857088
-17.72	-9.040896
-16.88	-8.099136
-16.51	-7.785216
-16.14	-7.345728
-15.3	-6.59232
-14.5	-5.776128
-14.13	-5.211072
-13.74	-4.897152
-12.9	-4.143744
-12.39	-3.1392
-11.48	-2.51136
-11.07	-2.323008
-10.14	-2.19744
-9.47	-1.5696
-8.83	-0.816192
-8.23	0.062784
-8.12	0.188352
-7.51	1.5696
-6.77	2.762496
-6.43	3.327552
-5.69	4.771584
-5.32	5.524992
-4.97	5.96448
-4.26	7.722432
-3.94	8.350272
-3.59	9.292032
-3.02	10.35936
-2.68	10.92442
-2.51	11.48947
-1.8	13.62413
-1.68	13.81248
-1.05	16.00992
-0.82	16.51219
-0.33	18.39571
-0.03	19.27469
0.23	20.15366
0.92	22.53946
1.14	23.1673
1.74	24.7369
2	25.74144
2.37	26.49485
2.98	28.12723
3.3	28.69229
3.59	29.75962
4.26	31.51757
4.63	32.52211
5.26	34.09171
5.59	34.90791
6.33	36.85421
6.74	37.79597
7.43	39.36557
7.78	39.86784
8.600001	41.37466
8.979999	42.25363
9.3	42.94426
10.13	44.13715
10.47	44.95334
10.88	45.20448
11.63	46.33459
12.5	47.52749
12.84	47.96698
13.68	49.09709
14.4	49.78771
14.89	50.28999
15.27	50.72947
16.08	51.48288
16.86	52.36185
17.69	52.92691
18.11	53.30362
18.94	54.05702
19.79	54.74765
20.35	55.3127
20.86	55.43827
21.24	55.62663
22.05	56.25446
22.88	56.69395
23.38	56.81952
24.24	57.25901
25.05	57.51014
25.94	58.01242
26.36	58.0752
27.2	58.20077
28.02	58.64025
28.87	58.70304
29.78	58.82861
30.66	59.01696
31.51	58.89139
32.37	58.89139
32.88	58.82861
33.72	58.70304
34.56	58.4519
35.5	58.57747
36.32	57.88685
36.84	57.6985
37.71	57.44736
38.66	57.07066
39.57	56.69395
39.5	55.24992
39.03	52.48742
38.61	49.91328
38.1	47.52749
37.65	44.95334
37.16	42.3792
36.73	40.18176
36.24	38.0471
35.78	35.91245
35.3	34.02893
34.84	32.27098
34.41	30.51302
33.97	28.75507
33.51	27.49939
33.15	26.18093
32.76	24.79968
32.32	23.41843
31.79	21.84883
31.28	20.4048
30.85	18.8352
30.38	17.2656
29.85	16.00992
29.38	14.5031
28.97	13.31021
28.57	12.11731
27.94	10.54771
27.67	9.668736
26.86	7.282944
26.41	6.090048
25.51	4.143744
25.35	3.641472
24.61	2.009088
24.26	1.192896
24.1	0.94176
23.53	0
23	-1.381248
22.83	-1.381248
22.07	-3.013632
21.6	-3.892608
21.09	-4.959936
20.58	-5.524992
20	-6.341184
19.52	-6.969024
18.92	-7.722432
18.4	-8.47584
17.88	-9.10368
17.28	-9.857088
16.7	-10.48493
15.93	-11.11277
15.37	-12.05453
14.85	-12.61958
14.26	-13.12186
13.68	-13.87526
13.15	-14.44032
12.6	-14.87981
11.99	-15.63322
11.41	-16.0727
10.89	-16.8889
10.28	-17.57952
9.770001	-18.20736
9.21	-18.77242
8.609999	-19.46304
8.07	-20.15366
7.53	-20.84429
6.94	-21.78605
6.39	-22.53946
5.89	-23.41843
5.28	-24.10906
4.74	-24.98803
4.25	-25.92979
3.69	-26.87155
3.15	-27.8761
2.62	-28.88064
2.11	-29.88518
1.55	-30.88973
1.08	-32.08262
0.52	-33.08717
-0.42	-35.47296
-0.91	-36.85421
-1.47	-37.98432
-1.9	-39.42835
-2.45	-40.74681
-2.91	-41.93971
-3.47	-43.13261
-3.96	-44.3255
-4.47	-45.58118
-5.48	-47.90419
-5.94	-48.90874
-6.95	-51.23174
-7.51	-52.11072
-8.01	-53.05248
-8.51	-54.24538
-9.060001	-54.99878
-9.560001	-56.19168
-10.1	-56.81952
-10.62	-57.76128
-11.15	-58.57747
-11.67	-59.45645
-12.27	-60.0215
-12.78	-60.58656
-13.35	-61.40275
-13.91	-61.84224
-14.43	-62.59565
-14.96	-63.16071
-15.56	-63.53741
-16.09	-64.16525
-16.71	-64.7303
-17.22	-65.29536
-17.8	-65.73485
-18.33	-66.11155
-18.92	-66.55104
-19.52	-66.92774
-20.54	-67.68115
-21.07	-68.30899
-21.71	-68.49734
-22.25	-68.74848
-22.87	-68.93683
-23.4	-69.37632
-24	-69.37632
-24.61	-69.75302
-25.13	-69.94138
-25.76	-69.94138
-26.38	-70.44365
-26.97	-70.69479
-27.62	-70.75757
-28.16	-70.94592
-28.78	-71.07149
-29.35	-70.94592
-29.97	-71.07149
-30.53	-71.07149
-31.19	-71.13427
-31.78	-71.07149
-32.47	-71.32262
-32.98	-70.94592
-33.66	-70.88313
-34.21	-70.94592
-34.85	-70.75757
-35.53	-70.56921
-36.13	-70.50643
-36.75	-70.12973
-37.39	-69.94138
-38.01	-69.69024
-38.68	-69.31354
-39.25	-69.0624
-39.92	-68.74848
-40.62	-68.49734
-41.25	-67.93229
-41.84	-67.36723
-42.51	-67.1161
-43.25	-66.55104
-44.03	-65.60928
-44.33	-64.91866
-44	-61.2144
-43.2	-57.38457
-42.86	-55.68941
-42.47	-53.86867
-42.14	-51.73402
-41.68	-50.10163
-41.32	-48.53203
-40.91	-46.89965
-40.48	-45.58118
-40.01	-44.19994
-39.62	-43.13261
-38.67	-40.99795
-38.25	-39.80506
-37.36	-37.6704
-36.9	-36.85421
-35.93	-34.65677
-35.48	-33.71501
-34.96	-32.64768
-34.49	-31.70592
-34.08	-30.51302
-33.14	-28.56672
-32.67	-27.75053
-31.67	-25.55309
-31.23	-24.54854
-30.32	-22.22554
-29.85	-21.53491
-29.3	-20.34202
-28.81	-19.40026
-28.35	-18.4585
-27.39	-16.76333
-26.87	-15.82157
-25.84	-14.18918
-25.31	-13.49856
-24.3	-12.05453
-23.79	-11.42669
-23.25	-10.67328
-22.72	-10.42214
-22.19	-9.480384
-21.73	-8.915328
-21.19	-8.47584
-20.66	-7.848
-20.16	-7.157376
-19.61	-6.90624
-19.07	-6.341184
-18.55	-5.713344
-17.98	-5.273856
-17.46	-4.771584
-16.88	-4.332096
-15.81	-3.390336
-15.3	-3.013632
-14.31	-1.946304
-13.79	-1.5696
-13.02	-1.130112
-12.7	-0.753408
-12.33	-0.251136
-11.81	0
-10.79	1.25568
-10.33	1.820736
-9.68	2.385792
-8.71	3.578688
-8.140001	3.955392
-7.59	4.143744
-7.08	4.959936
-6.58	5.713344
-5.57	7.345728
-5.03	8.287488
-4.65	9.166464
-3.87	10.29658
-3.35	11.11277
-3.24	11.55226
-2.71	13.05907
-2.44	13.81248
-1.98	14.62867
-1.42	16.19827
-1.14	17.01446
-0.76	17.89344
0.13	20.15366
0.46	21.22099
1.11	22.85338
1.56	23.79514
2.41	25.74144
2.82	26.55763
3.73	28.37837
4.2	29.38291
5.06	31.51757
5.53	32.45933
6.51	34.46841
7.02	35.47296
8	37.10534
8.51	37.98432
9.03	38.80051
10.07	40.18176
10.62	41.06074
11.66	42.44198
12.18	42.81869
12.77	43.44653
13.81	44.76499
14.33	45.20448
14.89	45.83232
15.4	46.20902
15.96	46.89965
16.53	47.33913
17.06	47.90419
17.56	48.09254
18.19	48.59481
18.77	48.90874
19.31	49.47379
19.83	49.53658
20.36	50.16442
20.95	50.47834
21.47	50.85504
22.06	50.98061
22.66	51.16896
23.2	51.48288
23.78	51.92237
24.36	52.1735
24.91	52.36185
25.43	52.67578
26	52.67578
26.64	52.92691
27.16	53.11526
27.75	53.30362
28.35	53.49197
28.88	53.68032
29.47	53.7431
30.06	53.86867
30.65	53.93146
31.17	54.05702
31.78	53.86867
32.33	53.86867
32.94	54.05702
33.51	54.11981
34.16	53.86867
34.76	53.7431
35.34	53.68032
35.85	53.55475
36.46	53.42918
37.13	53.42918
37.71	53.11526
38.32	53.05248
38.86	52.67578
39.5	52.48742
40.09	52.1735
40.15	50.72947
39.43	46.58573
38.99	44.3255
38.52	42.00249
38.11	39.67949
37.71	37.60762
37.23	35.47296
36.87	33.52666
36.46	31.70592
36.1	29.94797
35.72	28.50394
35.36	26.99712
35.02	25.61587
34.57	24.36019
34.15	23.04173
33.72	21.5977
33.21	20.15366
32.8	18.58406
32.36	17.2656
31.91	15.82157
31.52	14.62867
30.72	12.30566
30.36	11.23834
29.53	8.78976
29.05	7.722432
28.62	6.215616
28.21	5.02272
27.64	3.390336
27.35	2.762496
26.75	1.444032
26.36	0.565056
26.2	0.062784
25.66	-1.192896
25.03	-2.699712
24.63	-3.515904
23.68	-5.148288
23.19	-6.2784
22.7	-6.90624
21.74	-8.47584
21.22	-9.040896
20.75	-9.73152
20.2	-10.48493
19.22	-11.67782
18.64	-12.11731
17.58	-13.43578
16.53	-14.44032
16	-15.00538
14.91	-15.82157
13.85	-17.01446
13.4	-17.45395
12.82	-17.95622
12.3	-18.4585
11.77	-18.96077
11.24	-19.33747
10.71	-19.77696
10.13	-20.53037
9.609999	-21.03264
9.109999	-21.53491
8.55	-21.9744
8.05	-22.72781
7.54	-23.29286
6.99	-23.98349
6.47	-24.48576
6	-25.30195
5.5	-25.92979
4.92	-26.55763
3.93	-28.12723
3.41	-28.88064
2.39	-30.63859
1.93	-31.45478
1.42	-32.33376
0.48	-34.21728
-0.02	-35.22182
-0.93	-37.23091
-1.43	-38.36102
-2.39	-40.37011
-2.87	-41.56301
-3.81	-43.32096
-4.34	-44.38829
-5.28	-46.14624
-5.78	-47.15078
-6.75	-48.72038
-7.24	-49.72493
-8.19	-51.48288
-8.7	-52.23629
-9.26	-53.05248
-10.21	-54.30816
-10.71	-54.99878
-11.28	-55.62663
-12.3	-56.81952
-12.75	-57.57293
-13.26	-57.88685
-13.81	-58.26355
-14.31	-58.95418
-14.82	-59.6448
-15.38	-59.83315
-15.92	-60.39821
-16.44	-60.64935
-17	-61.2144
-18.02	-62.03059
-18.72	-62.4073
-19.26	-62.90957
-19.8	-63.22349
-20.35	-63.34906
-21.35	-63.97689
-21.93	-64.29082
-22.47	-64.7303
-23.03	-64.7303
-23.55	-65.10701
-24.07	-65.35815
-24.64	-65.54649
-25.25	-65.60928
-25.79	-65.60928
-26.32	-65.9232
-26.83	-66.11155
-27.36	-66.17434
-27.95	-66.2999
-28.56	-66.2999
-29.13	-66.48826
-29.65	-66.55104
-30.18	-66.48826
-30.77	-66.55104
-31.3	-66.55104
-31.9	-66.7394
-32.43	-66.67661
-33.07	-66.36269
-33.75	-65.35815
-34.28	-64.3536
-34.89	-64.3536
-35.47	-64.3536
-36.06	-64.29082
-36.57	-64.3536
-37.19	-64.29082
-37.77	-64.10246
-38.32	-63.78854
-38.96	-63.53741
-39.49	-63.41184
-40.09	-63.22349
-40.67	-63.03514
-41.3	-62.72121
-41.88	-62.53286
-42.47	-62.15616
-43.05	-61.77946
-43.6	-61.5911
-44.19	-61.2144
-44.54	-59.2681
-44	-56.56838
-43.5	-53.80589
-43.22	-52.48742
-42.92	-51.04339
-42.62	-49.91328
-42.05	-47.71584
-41.76	-46.52295
-41.18	-44.3255
-40.85	-43.32096
-40.2	-41.56301
-39.9	-40.8096
-39.29	-39.17722
-38.92	-38.61216
-38.6	-37.6704
-37.94	-36.28915
-37.6	-35.47296
-37.26	-34.65677
-36.59	-33.27552
-36.25	-32.45933
-35.94	-31.70592
-35.2	-30.26189
-34.91	-29.50848
-34.49	-28.69229
-33.85	-27.37382
-33.49	-26.6832
-33.19	-25.86701
-32.48	-24.36019
-32.15	-23.41843
-31.85	-22.60224
-31.13	-21.34656
-30.78	-20.59315
-30.45	-19.77696
-29.71	-18.20736
-29.4	-17.57952
-29.02	-17.01446
-28.25	-15.63322
-27.87	-15.06816
-27.52	-14.25197
-26.81	-12.99629
-26.4	-12.43123
-25.97	-11.74061
-25.08	-10.67328
-24.3	-9.543168
-24.02	-9.166464
-23.23	-8.287488
-22.4	-7.471296
-22.01	-6.969024
-21.66	-6.780672
-20.82	-5.776128
-20.08	-5.085504
-19.22	-4.206528
-18.88	-3.955392
-18.04	-3.201984
-17.29	-2.574144
-16.47	-1.820736
-16.06	-1.5696
-15.79	-1.381248
-15.15	-1.506816
-14.53	-0.94176
-14	-0.376704
-13.4	0.062784
-12.85	0.439488
-12.4	1.067328
-12.01	1.444032
-11.19	2.323008
-10.4	2.950848
-9.68	3.641472
-9.24	4.206528
-8.49	5.148288
-7.76	5.96448
-7.29	6.215616
-6.89	6.780672
-6.18	7.785216
-5.47	8.978112
-5.12	9.543168
-4.59	10.35936
-4.07	10.73606
-3.73	11.67782
-3.57	12.05453
-2.82	13.68691
-2.22	14.81702
-2.06	15.13094
-1.48	16.44941
-1.18	17.39117
-0.83	17.89344
-0.18	19.27469
0.37	20.65594
0.65	21.34656
1.19	22.53946
1.82	23.73235
2.1	24.23462
2.78	25.36474
3.45	26.55763
3.82	27.31104
4.54	28.56672
4.83	29.13178
5.21	29.75962
5.89	31.07808
6.23	31.70592
6.58	32.14541
7.36	33.46387
7.79	34.5312
8.23	34.71955
9.020001	36.03802
9.729999	36.91699
10.09	37.2937
10.59	37.98432
11.29	38.8633
12.16	39.67949
12.53	39.99341
12.91	40.24454
13.81	41.24909
14.61	42.00249
15.33	42.44198
15.76	43.00704
16.25	43.19539
17	43.82323
17.88	44.57664
18.62	45.1417
19.51	45.39283
19.9	45.58118
20.35	45.95789
21.17	46.52295
21.92	46.89965
22.44	47.088
23.25	47.40192
24.08	47.77863
24.87	48.09254
25.31	48.34368
26.19	48.59481
26.98	48.90874
27.87	48.97152
28.66	49.28544
29.53	49.47379
30.39	49.47379
31.27	49.53658
32.16	49.72493
33	49.78771
33.84	49.66214
34.35	49.72493
35.21	49.66214
36.05	49.34822
36.92	49.28544
37.85	48.97152
38.79	48.78317
39.64	48.40646
40.55	48.09254
41.4	47.71584
42.22	47.52749
42.76	47.15078
43.68	46.58573
44.54	46.20902
45.45	45.70675
45.92	45.58118
46.36	45.20448
47.31	44.57664
48.13	44.13715
49.08	43.5721
50.05	43.19539
50.4	42.94426
50.91	42.56755
51.83	42.00249
52.84	41.62579
53.81	40.8096
54.69	40.05619
55.17	39.67949
56.13	39.36557
57.04	38.29824
57.92	37.79597
58.45	37.2937
58.86	36.91699
59.84	36.41472
60.4	35.03347
60.42	34.5312
59.87	31.32922
59.54	29.57126
59.3	27.93888
59	26.11814
58.7	24.61133
58.4	23.23008
58.06	21.78605
57.79	20.46758
57.4	18.96077
57.11	17.70509
56.76	16.26106
56.44	15.00538
55.81	12.68237
55.6	11.55226
55.01	9.919872
54.74	8.726976
54.08	6.529536
53.71	5.524992
53.24	3.829824
53.14	3.515904
52.56	1.632384
52.46	1.067328
51.96	-0.251136
51.38	-1.5696
51.35	-1.5696
50.53	-4.332096
50.1	-5.33664
49.39	-7.157376
49.03	-8.287488
48.26	-10.23379
47.86	-11.04998
47.1	-12.80794
46.65	-13.49856
45.82	-15.00538
45.44	-15.82157
45.01	-16.57498
44.18	-17.95622
43.75	-18.58406
43.29	-19.2119
42.49	-20.59315
41.53	-21.40934
41.09	-21.78605
40.2	-22.91616
39.3	-23.60678
38.86	-23.9207
38.37	-24.29741
37.51	-24.92525
36.58	-25.4903
35.61	-26.18093
34.67	-26.6832
34.16	-26.74598
33.24	-27.12269
32.3	-27.56218
31.64	-27.56218
31.03	-27.93888
30.09	-28.06445
29.12	-28.50394
28.13	-28.50394
27.19	-28.75507
26.65	-28.88064
25.73	-28.88064
25.26	-29.32013
24.82	-29.13178
24.29	-29.25734
23.34	-29.32013
22.41	-29.69683
21.41	-30.07354
20.49	-30.26189
19.97	-30.07354
19.02	-30.45024
18.06	-30.63859
17.15	-31.0153
16.15	-31.26643
15.23	-31.51757
14.3	-31.64314
13.84	-32.01984
13.38	-32.27098
12.48	-33.08717
11.56	-33.58944
10.67	-34.09171
10.23	-34.65677
9.78	-34.90791
8.850001	-35.78688
7.98	-36.4775
7.05	-37.23091
6.57	-37.79597
5.74	-38.73773
4.87	-39.6167
4.42	-40.24454
4	-40.4329
3.1	-41.75136
2.21	-42.56755
1.77	-43.32096
1.35	-43.88602
0.42	-44.89056
-0.42	-46.27181
-0.8	-46.58573
-1.7	-47.65306
-2.61	-48.6576
-3	-49.34822
-3.43	-50.03885
-4.29	-50.85504
-5.18	-52.23629
-5.65	-52.61299
-6.45	-53.61753
-6.95	-54.05702
-7.77	-54.99878
-8.22	-55.43827
-9.12	-56.19168
-9.979999	-57.25901
-10.41	-57.63571
-10.83	-57.94963
-11.77	-58.4519
-12.64	-59.2681
-13.52	-59.95872
-13.99	-60.33542
-14.43	-60.39821
-15.31	-61.02605
-15.97	-61.33997
-16.82	-61.71667
-17.73	-62.21894
-18.65	-62.72121
-19.52	-63.09792
-19.98	-63.16071
-20.97	-63.41184
-21.87	-63.78854
-22.79	-63.97689
-23.75	-64.10246
-24.68	-64.16525
-25.65	-63.91411
-26.25	-62.34451
-27.17	-62.53286
-28.19	-62.53286
-29.08	-62.72121
-29.58	-62.59565
-30.54	-62.53286
-31.54	-62.34451
-32.05	-61.96781
-32.94	-61.77946
-33.46	-61.77946
-33.97	-61.52832
-34.94	-61.33997
-35.93	-60.96326
-36.46	-60.77491
-36.88	-60.52378
-37.43	-60.20985
-37.95	-59.83315
-38.9	-59.45645
-39.45	-59.39367
-40.44	-58.76582
-41.43	-58.0752
-41.91	-57.76128
-42.44	-57.38457
-42.95	-57.07066
-43.94	-56.56838
-44.49	-56.06611
-45.12	-54.68486
-45.57	-54.30816
-46.11	-54.05702
-47.1	-53.42918
-47.61	-53.05248
-48.11	-52.80135
-48.67	-52.29907
-49.16	-51.85958
-49.65	-51.48288
-50.18	-51.23174
-50.73	-50.72947
-51.23	-50.28999
-51.73	-49.85049
-52.29	-49.47379
-52.82	-49.09709
-53.38	-48.6576
-53.9	-48.09254
-54.9	-47.33913
-55.48	-46.77408
-55.97	-46.52295
-56.49	-46.27181
-57.04	-45.5184
-57.58	-45.1417
-58.09	-44.76499
-58.62	-44.19994
-59.18	-44.01159
-59.66	-43.50931
-60.22	-43.00704
-60.79	-42.50477
-61.31	-42.19085
-61.8	-41.43744
-62.35	-41.31187
-62.86	-40.99795
-63.42	-40.4329
-63.93	-39.99341
-64.46	-39.6167
-64.98001	-39.36557
-65.53	-38.61216
-66.04	-38.42381
-66.65	-37.41927
-67.02	-36.03802
-66.67	-33.46387
-65.9	-30.70138
-65.55	-29.69683
-64.81	-27.37382
-64.37	-26.36928
-63.52	-24.48576
-63.11	-23.60678
-62.28	-21.72326
-61.84	-20.84429
-60.93	-18.96077
-60.49	-17.95622
-59.63	-15.57043
-59.19	-14.25197
-58.33	-11.86618
-57.94	-10.86163
-57.02	-8.852544
-56.59	-7.973568
-55.63	-5.96448
-55.23	-5.273856
-54.32	-3.390336
-53.88	-2.699712
-53.01	-1.192896
-52.83	-0.816192
-52.33	0.062784
-51.77	0.565056
-50.87	2.260224
-50.3	2.950848
-49.75	3.641472
-49.16	4.206528
-48.57	4.834368
-48	5.211072
-47.37	5.96448
-46.77	6.403968
-46.2	6.780672
-45.53	7.094592
-44.91	7.596864
-44.29	7.722432
-43.65	8.099136
-43.04	8.538624
-42.37	8.664192
-41.79	8.726976
-41.15	9.10368
-40.44	9.354816
-39.87	9.480384
-39.27	9.668736
-38.72	9.668736
-38.22	9.668736
-37.64	9.73152
-37.09	9.857088
-36.48	9.857088
-35.91	9.919872
-35.37	9.982656
-34.68	10.29658
-34.14	10.17101
-33.53	10.10822
-32.95	10.17101
-32.27	10.35936
-31.6	10.17101
-30.97	10.35936
-30.31	10.29658
-29.66	10.35936
-29.01	10.48493
-28.34	10.48493
-27.65	10.48493
-26.98	10.48493
-26.3	10.73606
-25.6	10.54771
-25.01	10.73606
-24.34	10.86163
-23.72	10.67328
-23.05	10.54771
-22.36	10.73606
-21.71	10.73606
-21.01	10.86163
-20.45	10.86163
-19.93	10.92442
-19.35	11.11277
-18.72	11.30112
-18.2	11.55226
-17.23	11.86618
-16.63	12.05453
-16.05	12.30566
-15.14	12.9335
-14.5	12.68237
-13.91	12.9335
-13.34	13.43578
-12.81	13.43578
-12.06	13.87526
-11.17	14.25197
-10.65	14.69146
-10.1	15.13094
-9.57	15.25651
-8.99	15.88435
-8.38	16.19827
-7.81	16.82611
-7.16	17.07725
-6.58	17.57952
-6.06	18.08179
-5.47	18.58406
-4.92	19.08634
-4.31	19.58861
-3.76	19.96531
-3.22	20.65594
-2.68	21.15821
-2.14	21.5977
-1.62	21.9744
-1.04	22.53946
-0.4	23.35565
0.16	23.73235
0.69	24.42298
1.28	24.92525
1.9	25.74144
2.45	26.18093
3.07	26.62042
3.67	27.18547
4.24	27.75053
4.84	28.37837
5.41	28.94342
6.04	29.32013
6.65	30.07354
7.22	30.32467
7.84	30.88973
8.479999	31.26643
9.08	31.64314
9.67	31.89427
10.28	32.52211
10.94	32.64768
11.56	33.08717
12.19	33.27552
12.84	33.84058
13.49	33.71501
14.13	34.21728
14.77	34.28006
15.41	34.65677
16.03	34.65677
16.69	35.28461
17.35	35.22182
18	35.59853
18.59	35.41018
19.32	35.72409
19.98	35.66131
20.61	36.22637
21.26	36.03802
21.94	36.28915
22.64	36.03802
23.23	36.60307
23.9	36.41472
24.56	36.41472
25.2	36.4775
25.91	36.79142
26.6	36.60307
27.24	36.4775
27.9	36.60307
28.6	36.4775
29.23	36.4775
29.94	36.4775
30.59	36.4775
31.25	36.28915
31.97	36.41472
32.6	36.28915
33.28	36.28915
33.95	36.03802
34.63	36.1008
35.32	35.72409
36	35.66131
36.66	35.59853
37.4	35.41018
38.04	35.22182
38.77	34.90791
39.43	34.84512
40.07	34.5312
40.81	34.28006
41.49	34.09171
42.16	34.21728
42.8	33.65223
43.57	33.52666
44.24	33.14995
44.93	33.08717
45.61	32.89882
46.32	32.14541
47.04	31.7687
47.68	31.64314
48.42	31.45478
49.16	30.95251
49.79	30.76416
50.74	30.51302
51.51	29.94797
52.18	29.75962
52.87	29.57126
53.59	29.06899
54.29	28.56672
55.03	28.12723
55.74	27.68774
56.46	27.49939
57.23	26.55763
58.04	25.55309
58.79	24.42298
59.56	23.79514
60.27	23.41843
60.98	22.85338
61.2	20.59315
60.43	16.51219
60.05	14.69146
59.64	12.9335
59.34	11.67782
58.9	9.919872
58.54	8.664192
58.21	6.969024
57.86	5.211072
57.62	4.143744
57.36	2.950848
57.04	1.632384
56.72	0.62784
56.18	-1.506816
56.14	-1.5696
55.41	-4.332096
54.96	-5.776128
54.47	-7.282944
54.02	-8.726976
53.46	-10.10822
53.01	-11.48947
52.43	-12.80794
51.95	-14.06362
51.44	-15.25651
50.9	-16.38662
50.31	-17.45395
49.78	-18.77242
49.27	-19.83974
48.63	-20.7815
47.54	-22.91616
46.96	-23.9207
46.37	-24.79968
45.9	-25.74144
45.28	-26.55763
44.68	-27.31104
44.08	-27.8761
43.51	-28.44115
42.87	-29.13178
42.31	-29.63405
41.7	-30.07354
41.13	-30.45024
40.48	-30.82694
39.94	-31.14086
39.39	-31.70592
38.8	-32.08262
38.2	-32.27098
37.49	-32.27098
36.87	-32.71046
36.3	-32.83603
35.59	-33.02438
34.92	-33.21273
34.33	-33.40109
33.69	-33.21273
33.06	-33.46387
32.36	-33.40109
31.67	-33.65223
31.04	-33.46387
30.34	-33.46387
29.77	-33.52666
29.06	-33.65223
28.37	-33.52666
27.74	-33.40109
27.07	-33.40109
26.39	-33.40109
25.73	-33.52666
25.13	-33.46387
24.48	-33.40109
23.75	-33.46387
23.1	-33.46387
22.49	-33.46387
21.85	-33.40109
21.12	-33.46387
20.46	-33.52666
19.83	-33.40109
19.24	-33.46387
18.52	-33.65223
17.89	-33.90336
17.22	-34.09171
16.57	-34.02893
15.77	-34.02893
15.12	-34.46841
14.43	-34.65677
13.84	-34.84512
13.18	-35.09626
12.52	-35.28461
11.89	-35.78688
11.28	-35.84966
10.7	-36.16359
10.05	-36.66586
9.38	-36.97977
8.83	-37.23091
8.11	-37.48205
7.53	-37.79597
6.93	-38.42381
6.29	-38.80051
5.63	-39.17722
5.06	-39.42835
4.38	-39.99341
3.84	-40.37011
3.16	-40.74681
2.51	-41.1863
1.93	-41.43744
1.35	-41.75136
0.68	-41.75136
0.02	-42.31642
-0.62	-42.3792
-1.29	-42.75591
-1.9	-43.13261
-2.52	-43.5721
-3.15	-43.76045
-3.72	-44.13715
-4.34	-44.38829
-4.96	-44.89056
-5.64	-44.95334
-6.24	-45.20448
-6.89	-45.33005
-7.56	-45.58118
-8.12	-45.95789
-8.82	-46.08345
-9.42	-46.27181
-10.06	-46.58573
-10.78	-46.89965
-11.41	-46.96243
-12	-47.15078
-12.63	-47.088
-13.28	-47.4647
-14.01	-47.52749
-14.57	-47.65306
-15.22	-47.52749
-15.85	-47.77863
-16.55	-47.90419
-17.18	-48.09254
-17.84	-47.77863
-18.5	-47.96698
-19.13	-48.09254
-19.8	-47.96698
-20.35	-47.96698
-21.1	-47.4647
-21.85	-46.96243
-22.54	-46.7113
-23.16	-46.77408
-23.75	-46.89965
-24.43	-46.89965
-25.12	-46.7113
-25.79	-46.52295
-26.36	-46.58573
-27.09	-46.46016
-27.74	-46.14624
-28.41	-46.08345
-29.15	-45.95789
-29.75	-45.76954
-30.39	-45.5184
-31.09	-45.20448
-31.8	-44.95334
-32.57	-43.13261
-33.32	-42.50477
-33.92	-42.31642
-34.59	-42.31642
-35.31	-41.93971
-36.03	-41.62579
-36.72	-41.1863
-37.41	-40.8096
-38.04	-40.62125
-38.67	-40.24454
-39.37	-39.99341
-40.15	-39.55392
-40.78	-38.8633
-41.45	-38.80051
-42.2	-38.23545
-42.9	-37.85875
-43.54	-37.41927
-44.25	-36.97977
-44.9	-36.60307
-45.61	-35.97523
-46.37	-35.47296
-46.99	-35.09626
-47.78	-34.59398
-48.43	-34.02893
-49.16	-33.65223
-49.84	-33.21273
-50.55	-32.64768
-51.29	-32.08262
-51.95	-31.70592
-52.94	-30.82694
-53.59	-30.51302
-54.38	-30.07354
-55.02	-29.4457
-55.69	-29.06899
-56.39	-28.44115
-57.14	-27.8761
-57.77	-27.31104
-58.56	-26.6832
-59.26	-25.86701
-59.95	-25.4903
-60.78	-24.61133
-61.49	-23.98349
-62.25	-23.29286
-62.99	-22.03718
-63.83	-20.96986
-64.6	-20.15366
-65.99	-13.87526
-66.84	-12.68237
-67.53	-12.11731
-68.29	-11.61504
-68.98001	-10.92442
-69.67	-10.42214
-69.81	-8.350272
-68.84	-5.399424
-68.3	-4.143744
-67.8	-2.82528
-67.28	-1.632384
-66.53	0
-66.4	0.376704
-65.61	2.009088
-65.06	3.1392
-64.49	3.578688
-63.87	3.955392
-63.31	4.834368
-62.62	5.399424
-62.02	5.96448
-61.34	6.341184
-60.65	6.59232
-60.04	7.282944
-59.45	7.973568
-58.8	7.973568
-58.25	8.350272
-57.84	8.726976
-57.41	8.978112
-56.6	9.480384
-56.03	9.857088
-55.17	10.48493
-54.5	10.54771
-53.9	10.86163
-53.21	11.30112
-52.57	11.23834
-51.9	11.3639
-51.24	11.30112
-50.6	11.55226
-50.05	11.86618
-49.39	11.48947
-48.86	11.48947
-48.14	11.74061
-47.51	11.67782
-46.85	11.55226
-46.22	11.55226
-45.46	11.67782
-44.81	11.48947
-44.1	11.23834
-43.41	11.11277
-42.7	11.30112
-41.95	11.30112
-41.23	11.11277
-40.59	10.86163
-39.86	10.92442
-39.16	11.11277
-38.4	11.11277
-37.72	10.92442
-36.99	10.73606
-36.24	11.04998
-35.6	10.73606
-34.9	10.54771
-34.14	10.35936
-33.42	10.54771
-32.76	10.67328
-32.1	10.67328
-31.37	10.48493
-30.69	10.67328
-29.91	10.73606
-29.23	10.86163
-28.6	10.86163
-27.84	10.92442
-27.21	11.04998
-26.44	11.23834
-25.79	11.30112
-25.1	11.30112
-24.36	11.48947
-23.69	11.86618
-23.02	11.92896
-22.15	12.24288
-21.43	12.05453
-20.84	12.43123
-20.3	12.43123
-19.28	12.74515
-18.67	12.9335
-18.09	13.31021
-17.43	13.49856
-16.79	13.49856
-16.2	13.81248
-15.46	13.93805
-14.77	13.93805
-14.1	14.25197
-13.46	14.44032
-12.76	14.62867
-12.07	15.00538
-11.39	15.25651
-10.7	15.25651
-10.03	15.00538
-9.350001	15.44486
-8.7	15.63322
-7.96	15.50765
-7.32	15.82157
-6.6	16.19827
-5.93	16.26106
-5.27	16.44941
-4.59	16.70054
-3.9	17.01446
-3.24	16.8889
-2.63	17.07725
-1.87	17.45395
-1.22	17.39117
-0.55	17.45395
0.13	17.70509
0.78	18.01901
1.47	17.89344
2.14	18.20736
2.8	18.58406
3.49	18.64685
4.19	18.64685
4.83	18.58406
5.54	18.89798
6.22	18.8352
6.89	18.64685
7.63	18.89798
8.270001	19.08634
8.97	18.89798
9.72	19.02355
10.38	19.2119
11.07	19.40026
11.77	19.08634
12.44	19.08634
13.18	19.2119
13.86	19.02355
14.6	18.77242
15.31	18.89798
16	19.02355
16.7	18.8352
17.41	18.58406
18.14	18.8352
18.97	17.6423
19.71	17.20282
20.41	17.01446
21.08	17.01446
21.78	16.8889
22.55	16.51219
23.22	16.70054
23.88	16.44941
24.58	16.26106
25.36	16.19827
26.03	16.19827
26.74	16.00992
27.47	15.63322
28.21	15.82157
28.86	15.50765
29.61	15.13094
30.28	15.00538
31.07	15.00538
31.76	14.69146
32.43	14.44032
33.16	14.62867
33.86	14.44032
34.61	14.06362
35.26	13.81248
36.03	13.68691
36.73	13.24742
37.46	12.9335
38.18	13.05907
38.94	12.49402
39.66	12.43123
40.34	12.30566
41.08	12.05453
41.77	11.74061
42.49	11.48947
43.24	10.92442
44.52	8.350272
45.31	8.16192
46.05	7.973568
46.81	7.53408
47.62	6.780672
48.39	6.403968
49.16	5.96448
49.99	5.33664
50.68	5.211072
51.72	5.399424
52.42	4.583232
53.19	3.829824
54.01	3.641472
55.19	3.578688
56.41	2.82528
57.29	2.009088
58.14	1.25568
58.98	0.565056
59.82	0.376704
60.63	0.376704
