Galeota 1996 Specimen CA3	
2128	
0.1	1.302277
0.07	2.405902
0.14	4.017195
0.21	5.49605
0.22	7.04113
0.32	8.519985
0.43	9.756045
0.54	10.85967
0.59	11.98537
0.56	13.30972
0.54	14.43542
0.71	15.56111
0.76	16.68681
0.87	18.09945
0.79	19.46795
0.89	20.77022
1.04	21.91799
0.99	23.24234
1.09	24.4784
1.22	25.91311
1.26	27.17125
1.32	28.62803
1.27	29.84202
1.45	31.34295
1.45	32.46864
1.55	33.66056
1.63	34.78626
1.65	36.15475
1.59	37.36874
1.82	38.80346
1.85	40.10573
1.77	41.67288
1.91	43.17381
2.05	44.3878
2.07	45.5135
2.28	46.63919
2.17	47.85318
2.28	49.00095
2.36	50.19285
2.4	51.40685
2.6	52.53255
2.51	53.65825
2.72	54.806
2.74	55.9538
2.84	57.0574
2.97	58.2714
3.03	59.90475
3.01	61.05255
3.09	62.5976
3.13	63.70125
3.22	65.2684
3.44	66.8576
3.44	68.3144
3.47	69.8153
3.78	71.3383
3.88	72.7068
4.08	74.11945
4.12	75.46585
4.16	76.7461
4.28	78.1808
4.4	79.3948
4.49	80.7412
4.88	81.9552
4.9	83.25745
4.89	84.40525
5.02	85.6413
5.34	87.1643
5.32	88.55485
5.66	89.68055
5.58	90.7842
5.8	92.1527
6.27	93.54325
6.23	94.7793
6.51	96.01535
6.59	97.16315
6.78	98.35505
7	99.50285
7.12	100.6285
7.4	102.0191
7.61	103.1227
7.81	104.3809
7.94	105.6832
8.34	106.8751
8.49	108.0891
8.9	109.281
9.03	110.4066
9.17	111.5544
9.48	112.6801
9.79	113.9162
10.01	115.1964
10.25	116.4103
10.72	117.6023
10.94	118.7942
11.15	120.0082
11.52	121.3104
11.73	122.4141
12.2	123.6943
12.36	124.82
12.77	126.1002
13.32	126.9389
13.82	128.175
14.14	129.2787
14.67	130.1395
15.16	131.2431
15.67	131.6183
16.18	130.5147
16.49	127.6894
16.94	118.3528
17.09	116.9622
17.19	115.8586
17.24	114.5783
17.31	113.4306
17.28	111.7531
17.1	110.0976
16.91	108.5305
16.7	107.0075
16.59	105.4845
16.36	103.9836
16.21	102.5047
16.09	101.0038
15.96	99.56905
15.77	98.11225
15.51	96.67755
15.38	95.24285
15.19	93.80815
15.1	92.3955
14.84	90.96075
14.73	89.5923
14.57	88.2017
14.42	86.767
14.25	85.4206
14.07	84.00795
13.78	82.61735
13.68	81.2268
13.56	79.90245
13.32	78.5119
13.1	77.1434
13.07	75.79695
12.86	74.42845
12.72	73.1262
12.46	71.7577
12.34	70.4113
12.18	69.06485
12	67.71845
11.76	66.41615
11.73	65.1139
11.51	63.76745
11.27	62.4652
11.08	61.18495
11.04	59.8606
10.81	58.55835
10.62	57.27815
10.53	55.99795
10.32	54.71775
10.14	53.41545
9.98	52.1573
9.89	50.85505
9.69	49.64105
9.44	48.44914
9.4	47.14686
9.18	45.95494
9.07	44.80717
8.8	43.57111
8.72	42.33506
8.62	41.14314
8.45	40.01744
8.34	38.8476
8.16	37.56739
7.86	36.37548
7.76	35.18356
7.7	33.96958
7.56	32.77766
7.24	31.32088
7.1	30.06274
6.91	28.53975
6.69	27.01674
6.5	25.49374
6.29	24.01488
6.28	22.58017
6.04	21.45447
5.87	20.3067
5.77	19.15893
5.63	17.96701
5.48	16.55437
5.2	15.11966
5.18	13.68495
4.91	12.31645
4.86	11.10247
4.68	9.60154
4.53	8.321335
4.28	7.173565
4.07	5.80507
3.91	4.23792
3.86	2.935642
3.65	1.434713
3.45	-0.0220725
3.34	-1.434713
3.18	-2.935642
2.98	-4.546935
2.81	-6.202375
2.69	-7.372215
2.57	-8.47584
2.43	-9.733975
2.3	-10.92589
2.2	-12.13988
2.08	-13.37593
1.96	-14.63407
1.84	-15.87013
1.71	-17.10619
1.6	-18.40846
1.48	-19.62245
1.37	-20.96888
1.26	-22.24908
1.11	-23.61757
1.02	-25.05229
0.88	-26.2442
0.78	-27.56855
0.66	-28.84875
0.53	-30.59249
0.43	-31.69611
0.33	-33.10875
0.21	-34.32274
0.08	-35.69123
-0.03	-37.05973
-0.14	-38.42823
-0.27	-39.79672
-0.39	-41.14314
-0.51	-42.51163
-0.62	-43.94635
-0.73	-45.2707
-0.84	-46.61712
-0.97	-48.00769
-1.1	-49.33204
-1.2	-50.7226
-1.32	-51.9366
-1.44	-53.1285
-1.53	-54.5632
-1.64	-55.97585
-1.77	-57.34435
-1.9	-58.7349
-1.98	-60.05925
-2.09	-61.36155
-2.21	-62.64175
-2.36	-63.92195
-2.48	-65.20215
-2.59	-66.48235
-2.73	-67.69635
-2.88	-68.91035
-2.99	-70.10225
-3.12	-71.3383
-3.25	-72.50815
-3.39	-73.678
-3.51	-74.84785
-3.72	-76.5033
-3.92	-78.0925
-4.13	-79.6155
-4.36	-81.0723
-4.57	-82.5732
-4.75	-84.00795
-5.01	-85.4868
-5.21	-86.8553
-5.46	-88.2017
-5.68	-89.52605
-5.92	-90.8504
-6.14	-92.08645
-6.39	-93.2784
-6.63	-94.4703
-6.98	-95.905
-7.21	-97.07485
-7.45	-98.20055
-7.71	-99.3704
-8	-100.8272
-8.35	-102.284
-8.69	-103.6746
-9.02	-105.0651
-9.35	-106.3895
-9.69	-107.6917
-10.02	-109.0381
-10.36	-110.2522
-10.7	-111.4661
-11.03	-112.7464
-11.41	-113.8941
-11.76	-115.0418
-12.08	-116.2117
-12.52	-117.536
-12.97	-118.8825
-13.44	-120.1627
-13.87	-121.3767
-14.31	-122.5465
-14.85	-123.8708
-15.42	-125.1069
-15.96	-126.2105
-16.49	-126.8065
-17.08	-124.7317
-17.51	-123.4957
-18.07	-122.8556
-18.16	-121.7299
-18.1	-119.9419
-17.99	-118.7721
-17.84	-117.514
-17.69	-116.2779
-17.54	-115.1081
-17.4	-113.9382
-17.27	-112.8126
-17.12	-111.7089
-16.8	-109.4354
-16.51	-107.2503
-16.25	-104.9989
-16.07	-103.8732
-15.82	-101.8204
-15.68	-100.6947
-15.38	-98.5758
-15.06	-96.45685
-14.89	-95.33115
-14.65	-93.2784
-14.5	-92.17475
-14.18	-90.16615
-13.87	-88.02515
-13.61	-85.9724
-13.31	-83.9417
-13.03	-81.91105
-12.73	-79.8583
-12.42	-77.80555
-12.12	-75.70865
-11.82	-73.81045
-11.56	-71.71355
-11.27	-69.79325
-10.96	-67.87295
-10.65	-66.0409
-10.36	-64.0544
-10.06	-62.1341
-9.78	-60.1255
-9.48	-58.1831
-9.15	-56.13035
-9.04	-54.93845
-8.79	-53.0623
-8.63	-51.9366
-8.35	-49.97214
-8.09	-47.76489
-7.81	-45.75629
-7.52	-43.63734
-7.25	-41.56252
-6.99	-39.42149
-6.67	-37.30252
-6.44	-35.16149
-6.15	-33.13082
-6.02	-32.0272
-5.74	-30.10689
-5.44	-28.0983
-5.18	-25.95726
-4.88	-23.90452
-4.61	-21.87385
-4.51	-20.77022
-4.23	-18.73956
-3.99	-16.66474
-3.74	-14.54578
-3.48	-12.51511
-3.22	-10.44029
-2.97	-8.36548
-2.72	-6.26859
-2.5	-4.23792
-2.31	-2.339685
-2.11	-0.5518125
-1.91	0.7283925
-1.79	1.876163
-1.69	3.17844
-1.6	4.436573
-1.5	5.65056
-1.39	6.77626
-1.28	7.901955
-1.07	9.9547
-0.89	11.89708
-0.74	13.35386
-0.6	14.72236
-0.46	16.06878
-0.38	17.50349
-0.22	19.24722
-0.07	20.88058
0.11	23.17612
0.38	25.14058
0.52	27.01674
0.59	28.98119
0.9	31.16637
0.93	32.29207
1.07	34.1903
1.49	36.1989
1.6	38.16336
1.66	39.31113
1.81	41.51837
2.1	42.7765
2.14	43.96842
2.28	45.22655
2.33	46.50676
2.53	47.74281
2.73	49.06717
2.83	50.3915
3.04	51.6276
3.22	52.84155
3.34	54.0335
3.53	55.2916
3.65	56.4394
3.8	57.65335
3.9	58.80115
4.04	59.90475
4.21	61.0746
4.46	63.3922
4.55	64.9152
4.74	66.41615
5.14	68.51305
5.42	70.5437
5.75	72.53025
6.04	74.4064
6.33	76.3488
6.88	78.0925
7	79.9245
7.5	81.57995
7.84	83.3016
8.04	84.95705
8.49	86.54625
8.93	88.09135
9.16	89.5702
9.55	91.0932
9.86	92.5279
10.26	94.00675
10.53	95.37525
10.92	96.7217
11.25	97.97985
11.64	99.3704
12.03	100.5844
12.38	101.7542
12.86	103.3214
13.24	104.425
13.83	105.948
14.44	107.3385
15.06	108.7733
15.54	110.0094
16.07	110.6495
16.68	111.4882
17.44	111.9958
18	111.8413
18.54	111.8193
19.2	111.4882
19.72	111.0688
20.4	110.4066
20.95	110.0094
21.59	109.4134
22.19	108.7733
22.71	108.1553
23.37	107.3385
23.87	106.7647
24.44	105.8156
25.08	105.2637
25.75	104.3147
26.41	103.5641
27.13	102.7254
27.8	101.6439
28.53	100.8272
29.26	99.8339
29.91	98.8627
30.43	98.3109
31.07	97.0528
31.39	95.9271
31.91	95.30905
32.48	94.6248
33.08	93.94055
33.6	93.2563
34.26	92.3955
34.86	91.68915
35.42	90.89455
35.95	90.03375
36.46	89.45985
36.46	88.31205
36.48	87.1643
36.98	87.3188
37.06	85.1557
36.85	83.83135
36.59	82.507
36.62	81.20475
36.31	79.9466
36.22	78.71055
36.07	77.49655
35.81	76.21635
35.78	75.06855
35.57	73.87665
35.44	72.66265
35.21	71.47075
35.07	70.34505
34.97	69.109
34.79	67.93915
34.56	66.72515
34.56	65.59945
34.26	64.4517
34.13	62.17825
33.74	61.03045
33.3	58.8453
32.93	56.61595
32.89	54.4308
32.41	52.20145
32.17	50.12665
31.79	48.07391
31.45	45.95494
31.21	43.90221
30.77	41.80531
30.48	39.77465
30.19	37.78812
29.97	35.86781
29.57	34.03579
29.34	32.60108
29.2	31.10015
28.91	29.73166
28.67	28.16451
28.24	26.487
27.9	24.80949
27.72	23.33064
27.67	21.89592
27.16	20.52743
27.01	19.15893
26.57	17.59178
26.32	16.135
26.1	14.96515
25.74	13.37593
25.44	12.22816
25.05	10.66101
24.65	9.44703
24.31	8.078535
23.91	6.77626
23.58	5.672635
23.14	4.171702
22.78	3.068078
22.26	1.986525
21.85	0.838755
21.4	-0.44145
20.76	-1.743727
20.24	-2.692845
19.71	-3.61989
19.16	-4.50279
18.57	-5.363615
18.03	-6.1803
17.47	-7.019055
16.9	-7.791595
16.33	-8.608275
15.74	-9.424955
15.16	-10.17542
14.6	-10.97003
13.97	-11.7205
13.41	-12.47097
12.82	-13.28765
12.24	-14.1264
11.68	-15.0093
11.13	-15.84805
10.54	-16.81924
10	-17.79044
9.43	-18.7837
8.9	-19.86525
8.32	-21.0351
7.75	-22.3153
7.22	-23.57343
6.69	-24.91986
6.15	-26.42078
5.6	-27.98793
5.25	-29.15777
4.91	-30.32762
4.59	-31.47539
4.28	-32.68938
3.92	-34.01372
3.62	-35.24979
3.26	-36.68449
2.93	-38.05299
2.61	-39.53185
2.31	-40.90034
1.98	-42.35713
1.63	-44.23329
1.4	-45.38106
1.05	-47.0365
0.75	-48.62571
0.44	-50.19285
0.15	-51.7821
-0.15	-53.50375
-0.45	-55.1592
-0.77	-56.8146
-1.07	-58.49215
-1.35	-60.08135
-1.65	-61.7147
-1.97	-63.3481
-2.26	-64.95935
-2.55	-66.5486
-2.84	-68.1378
-3.13	-69.6608
-3.45	-71.2721
-3.75	-72.83925
-4.08	-74.3181
-4.39	-75.8632
-4.66	-77.2979
-4.99	-78.79885
-5.29	-80.1673
-5.62	-81.60205
-5.92	-82.94845
-6.21	-84.31695
-6.55	-85.68545
-6.88	-86.9215
-7.18	-88.15755
-7.52	-89.43775
-7.86	-90.6959
-8.19	-91.86575
-8.51	-92.99145
-8.84	-94.1392
-9.19	-95.33115
-9.7	-96.8983
-10.19	-98.4213
-10.55	-99.5249
-11.06	-101.0038
-11.58	-102.4164
-12.12	-103.6966
-12.67	-105.1093
-13.21	-106.3895
-13.77	-107.6034
-14.32	-108.6629
-14.93	-109.7224
-15.44	-110.6936
-16.03	-111.6869
-16.62	-112.5256
-17.18	-113.276
-17.79	-113.8279
-18.36	-114.3135
-19.01	-114.6445
-19.65	-114.9315
-20.24	-115.1964
-20.92	-115.1081
-21.58	-115.086
-22.24	-114.799
-22.93	-114.6666
-23.61	-114.3355
-24.27	-113.7617
-24.96	-113.3643
-25.64	-112.7022
-26.34	-112.1283
-27.02	-111.5544
-27.68	-110.7377
-28.37	-110.0535
-28.93	-109.4134
-29.53	-108.7733
-30.18	-108.1332
-30.78	-107.5372
-31.39	-106.8089
-31.95	-106.1246
-32.56	-105.3741
-33.2	-104.6236
-33.77	-103.829
-34.29	-103.0786
-34.82	-102.4826
-35.41	-101.5997
-35.7	-100.3195
-35.77	-99.17175
-36.34	-99.17175
-36.87	-98.951
-37.37	-98.4213
-37.5	-96.92035
-37.37	-95.15455
-37.15	-93.45495
-36.84	-91.77745
-36.59	-89.79095
-36.22	-87.69405
-35.97	-85.7958
-35.69	-83.7872
-35.37	-81.82275
-35.03	-79.9466
-34.76	-78.0925
-34.45	-76.21635
-34.17	-74.3402
-33.85	-72.50815
-33.54	-70.6541
-33.22	-68.82205
-32.88	-67.0342
-32.6	-65.20215
-32.29	-63.4805
-31.92	-61.8692
-31.77	-60.6994
-31.45	-59.04395
-30.96	-56.9912
-30.7	-55.4461
-30.38	-53.74655
-30.06	-52.06905
-29.73	-50.34735
-29.43	-48.66986
-29.17	-46.94821
-28.86	-45.22655
-28.48	-43.54904
-28.2	-41.82739
-27.9	-40.14988
-27.59	-38.47237
-27.28	-36.88315
-26.97	-35.18356
-26.66	-33.52813
-26.37	-31.98306
-26.04	-30.34969
-25.72	-28.76047
-25.4	-27.23746
-25.1	-25.71446
-24.76	-24.27975
-24.45	-22.88918
-24.1	-21.5869
-23.77	-20.43913
-23.27	-18.87199
-22.72	-17.41521
-22.18	-16.02464
-21.64	-14.78858
-21.08	-13.50837
-20.53	-12.3606
-19.98	-11.2349
-19.42	-10.13128
-18.86	-9.18216
-18.28	-8.166825
-17.72	-7.195635
-17.16	-6.334805
-16.62	-5.407765
-16.04	-4.524862
-15.48	-3.61989
-14.93	-2.73699
-14.36	-1.94238
-13.82	-1.081553
-13.3	-0.309015
-12.77	0.08829
-12.24	1.456785
-11.68	2.273468
-11.22	3.421237
-10.66	4.370355
-10.08	5.341545
-9.5	6.511385
-8.97	7.7033
-8.38	8.91729
-7.85	10.17542
-7.35	11.45562
-6.84	12.75791
-6.34	13.81738
-5.94	15.07552
-5.54	16.24536
-5.14	17.72422
-4.64	19.181
-4.48	20.35085
-4.02	21.60898
-3.73	22.86711
-3.37	24.12524
-3.03	25.29509
-2.83	26.487
-2.45	27.63477
-2.06	28.84875
-1.89	30.12896
-1.5	31.40917
-1.3	32.77766
-1.02	33.96958
-0.69	35.24979
-0.58	36.50792
-0.17	37.83226
0.17	39.26698
0.51	40.67962
0.8	42.20262
1.07	43.76977
1.57	45.35899
1.86	46.88199
2.2	48.47121
2.59	49.95007
2.78	51.56135
3.33	53.0402
3.55	54.4308
3.9	55.8655
4.37	57.2119
4.78	58.55835
5.16	59.77235
5.49	61.05255
5.94	62.17825
6.22	63.37015
6.61	64.47375
7.28	65.9747
7.83	67.4094
8.46	68.82205
8.96	70.10225
9.47	71.31625
10.02	72.155
10.52	73.2145
11.16	74.27395
11.67	74.892
12.18	75.90735
12.68	76.45915
13.31	77.40825
13.81	78.247
14.59	78.95335
15.11	79.6817
15.83	80.4322
16.34	80.8295
16.92	81.49165
17.48	82.0435
18.22	82.3525
18.76	83.01465
19.31	83.3016
19.94	83.6989
20.47	83.91965
21.11	84.22865
21.61	84.5156
22.14	84.6922
22.84	84.9129
23.42	85.11155
24.16	85.19985
24.75	85.26605
25.37	85.26605
26.18	85.28815
26.8	85.2219
27.49	85.2219
28.08	85.0012
28.58	84.95705
29.31	84.6922
29.97	84.47145
30.64	84.2949
31.21	83.91965
31.81	83.721
32.47	83.34575
33.15	82.79395
33.93	82.5732
34.47	82.0435
35.01	81.6462
35.52	81.35925
36.1	80.5867
36.65	79.77
36.71	78.55605
37.11	76.9668
36.92	75.7749
36.62	74.6492
36.62	73.50145
36.42	72.3757
36.21	71.25005
36.08	70.03605
35.96	68.82205
35.74	67.54185
35.45	66.34995
35.34	65.158
35.25	64.01025
35.14	62.79625
34.83	61.60435
34.78	60.47865
34.59	59.3088
34.32	58.13895
34.04	55.8655
33.95	54.7398
33.57	52.5546
33.4	51.451
33.24	50.3253
33.11	49.1996
32.72	47.08065
32.62	45.9108
32.23	43.83598
31.9	41.71703
31.58	39.59806
31.32	37.52325
30.89	35.5588
30.73	33.81507
30.21	32.24792
30.12	30.79114
29.88	29.29021
29.55	27.41405
29.19	25.58203
28.98	23.94866
28.63	22.4698
28.39	20.96888
28.19	19.49002
27.92	17.94494
27.48	16.24536
27.32	15.07552
27.01	13.68495
26.73	12.38267
26.46	11.14661
26.17	9.9547
25.73	8.29926
25.46	7.15149
25.08	6.047865
24.74	4.546935
24.44	3.310875
24.05	2.052742
23.61	0.838755
23.16	-0.52974
22.68	-1.964453
22.15	-3.26673
21.59	-4.458645
20.99	-5.58434
20.4	-6.643825
19.78	-7.615015
19.18	-8.586205
18.58	-9.44703
17.95	-10.32993
17.33	-11.19076
16.7	-12.00744
16.06	-12.77998
15.42	-13.57459
14.79	-14.32505
14.16	-15.11966
13.54	-15.84805
12.87	-16.66474
12.24	-17.45934
11.62	-18.25396
10.98	-19.11478
10.34	-20.01976
9.69	-21.23375
9.09	-21.96214
8.47	-22.99954
7.88	-24.08109
7.26	-25.27301
6.66	-26.50908
6.06	-27.78928
5.48	-29.20192
4.88	-30.70285
4.31	-32.24792
3.76	-33.88129
3.41	-35.02906
3.02	-36.15475
2.64	-37.43496
2.29	-38.64895
1.92	-39.86293
1.54	-41.20936
1.19	-42.622
0.83	-43.99049
0.48	-45.42521
0.13	-46.85992
-0.23	-48.29463
-0.6	-49.75142
-0.95	-51.23025
-1.3	-52.7312
-1.64	-54.1659
-2	-55.5565
-2.35	-56.9912
-2.71	-58.3597
-3.07	-59.7944
-3.43	-61.11875
-3.77	-62.48725
-4.12	-63.70125
-4.51	-65.04765
-4.89	-66.32785
-5.26	-67.54185
-5.63	-68.73375
-5.97	-69.8374
-6.33	-71.0293
-6.92	-72.59645
-7.3	-73.72215
-7.86	-75.17895
-8.45	-76.5916
-9.06	-77.98215
-9.66	-79.19615
-10.12	-81.20475
-10.67	-81.20475
-11.29	-82.2863
-11.86	-83.34575
-12.51	-84.40525
-13.12	-85.4206
-13.78	-86.3476
-14.4	-87.1864
-15.05	-88.06925
-15.67	-88.8418
-16.3	-89.6364
-16.96	-90.40895
-17.6	-91.027
-18.28	-91.645
-18.93	-92.3072
-19.58	-92.83695
-20.26	-93.3667
-20.92	-93.8302
-21.59	-94.27165
-22.23	-94.6469
-22.73	-94.84555
-23.4	-95.1766
-24.08	-95.46355
-24.76	-95.5739
-25.43	-95.8388
-25.93	-95.9271
-26.6	-96.01535
-27.28	-95.94915
-27.79	-96.01535
-28.49	-95.905
-29	-95.8388
-29.73	-95.6843
-30.4	-95.4194
-30.91	-95.33115
-31.63	-95.0442
-32.35	-94.73515
-33.12	-94.35995
-33.81	-93.94055
-34.32	-93.6757
-35.04	-93.21215
-35.78	-92.68245
-36.51	-92.08645
-36.8	-90.89455
-37.13	-89.79095
-37.16	-88.6211
-37.69	-89.0846
-37.9	-87.45125
-37.66	-85.53095
-37.38	-83.67685
-37.08	-81.8007
-36.8	-79.99075
-36.55	-78.1146
-36.21	-76.3267
-35.98	-74.5609
-35.73	-73.14825
-35.5	-71.80185
-35.26	-70.43335
-35.09	-69.1973
-34.86	-68.02745
-34.65	-66.7914
-34.46	-65.59945
-34.23	-64.1427
-33.99	-63.03905
-33.84	-61.91335
-33.63	-60.7656
-33.4	-59.6399
-33.23	-58.5142
-32.95	-57.0795
-32.76	-55.9317
-32.51	-54.5853
-32.24	-53.3051
-31.96	-52.0911
-31.68	-50.7888
-31.43	-49.35411
-31.15	-47.98561
-30.9	-46.57298
-30.59	-45.13826
-30.44	-44.01257
-30.16	-42.57785
-29.9	-41.14314
-29.64	-39.68636
-29.35	-38.362
-29.08	-36.92729
-28.86	-35.53672
-28.67	-34.4331
-28.42	-33.04253
-28.12	-31.65196
-27.88	-30.28347
-27.62	-28.91497
-27.35	-27.54648
-27.1	-26.17798
-26.79	-24.80949
-26.55	-23.46307
-26.28	-22.18287
-26	-20.83644
-25.75	-19.60038
-25.49	-18.34225
-25.2	-17.06204
-24.91	-15.91427
-24.65	-14.70028
-24.39	-13.59666
-23.86	-13.30972
-23.5	-12.02951
-23.09	-10.81553
-22.61	-9.64568
-22.1	-8.431695
-21.55	-7.26185
-21.01	-6.1803
-20.46	-5.187035
-19.93	-4.14963
-19.4	-3.17844
-18.83	-2.361758
-18.3	-1.567147
-17.77	-0.70632
-17.26	0
-16.75	0.2869425
-16.3	1.41264
-15.77	2.03067
-15.24	2.935642
-14.61	3.928905
-14.11	4.657298
-13.61	5.341545
-13.08	6.047865
-12.58	6.73211
-12.01	7.460505
-11.43	8.343405
-10.92	9.115945
-10.38	9.866405
-9.78	10.72723
-9.27	11.52184
-8.72	12.49304
-8.18	13.33179
-7.65	14.19261
-7.17	15.29624
-6.61	16.135
-6.11	17.34899
-5.66	18.5409
-5.12	19.68867
-4.73	20.96888
-4.22	22.20494
-3.75	23.44099
-3.28	24.7212
-2.84	26.02348
-2.45	27.30368
-2.04	28.6501
-1.65	29.88617
-1.24	31.25466
-0.92	32.44658
-0.52	33.74885
-0.2	34.85248
0.1	35.97818
0.51	37.3246
0.87	38.53859
1.23	39.81879
1.56	40.98863
1.92	42.26883
2.31	43.61526
2.68	44.89547
3.07	46.1536
3.47	47.38966
3.85	48.66986
4.25	49.81763
4.64	51.00955
5.03	52.11315
5.53	53.50375
6.05	54.76185
6.55	56.0862
7.06	57.1457
7.57	58.24935
8.09	59.37505
8.59	60.39035
9.11	61.36155
9.63	62.31065
10.15	63.2377
10.67	64.07645
11.2	64.89315
11.72	65.70985
12.27	66.19545
12.8	67.23285
13.4	68.0495
13.95	68.6896
14.49	69.3297
15.06	69.96985
15.64	70.5658
16.23	71.16175
16.83	71.6915
17.41	72.2212
18.01	72.75095
18.62	73.2145
19.12	73.56765
19.66	73.89875
20.25	74.20775
20.81	74.5609
21.31	74.8699
21.84	75.17895
22.37	75.4438
22.93	75.6866
23.47	75.9294
24.01	76.0839
24.55	76.19425
25.12	76.3929
25.77	76.61365
26.42	76.7461
27.06	76.83435
27.71	76.9006
28.35	76.9668
28.99	76.92265
29.61	76.92265
30.13	76.92265
30.72	76.52535
31.23	76.28255
31.76	76.21635
32.32	76.1501
32.87	76.06185
33.37	75.97355
33.87	75.7528
34.42	75.6204
34.99	75.24515
35.49	75.02445
36.02	74.91405
36.52	74.6492
37.05	74.03115
37.07	71.86805
36.86	70.323
36.6	68.57925
36.42	67.2549
36.21	65.70985
36	64.2751
35.79	62.8404
35.58	61.4057
35.36	59.92685
35.17	58.5804
34.95	57.1457
34.74	55.75515
34.54	54.38665
34.33	53.0402
34.12	51.6938
33.92	50.3253
33.71	48.97888
33.51	47.69867
33.29	46.35225
33.09	45.0279
32.88	43.70355
32.68	42.46749
32.46	41.14314
32.27	39.86293
32.07	38.64895
31.86	37.41289
31.65	36.15475
31.29	34.10202
30.99	32.15963
30.69	30.28347
30.34	28.23073
30.14	27.08296
29.94	25.95726
29.57	23.86037
29.24	22.05043
28.91	20.28463
28.56	18.40846
28.18	16.37779
27.9	14.94308
27.68	13.7291
27.35	12.05159
27.02	10.39615
26.71	9.027655
26.42	7.791595
26.12	6.55553
25.64	4.745587
25.27	3.156368
24.89	2.03067
24.55	0.7725375
24.08	-0.6842475
23.72	-1.920308
23.31	-3.156368
22.66	-4.76766
22	-6.29066
21.5	-7.23978
20.8	-8.47584
20.08	-9.68983
19.34	-10.85967
18.63	-11.875
18.12	-12.55925
17.61	-13.22143
16.87	-14.19261
16.37	-14.78858
15.87	-15.38453
15.36	-15.95842
14.85	-16.55437
14.33	-17.08411
13.83	-17.68007
13.29	-18.32018
12.72	-18.96028
12.19	-19.55623
11.61	-20.28463
11.04	-20.96888
10.48	-21.60898
9.9	-22.29322
9.34	-23.08784
8.77	-23.92659
8.21	-24.76534
7.64	-25.58203
7.08	-26.50908
6.52	-27.50233
5.98	-28.51767
5.45	-29.57715
4.9	-30.74699
4.38	-31.93891
3.84	-33.1529
3.32	-34.52139
2.77	-35.9561
2.24	-37.45703
1.74	-39.00211
1.2	-40.6134
0.66	-42.33506
0.15	-43.99049
-0.37	-45.80044
-0.87	-47.56624
-1.42	-49.30996
-1.94	-51.09785
-2.46	-52.84155
-2.99	-54.497
-3.51	-56.1745
-4.05	-57.82995
-4.59	-59.3971
-5.14	-60.89805
-5.65	-62.3548
-6.18	-63.7233
-6.74	-65.1139
-7.28	-66.3941
-7.89	-67.63015
-8.45	-68.8441
-9.05	-69.96985
-9.61	-71.07345
-10.22	-72.13295
-10.81	-73.14825
-11.4	-74.05325
-11.97	-74.93615
-12.59	-75.8411
-13.2	-76.6578
-13.81	-77.43035
-14.43	-78.2691
-15.05	-78.95335
-15.67	-79.6817
-16.29	-80.4322
-16.91	-81.0502
-17.53	-81.6462
-18.16	-82.2642
-18.79	-82.77185
-19.43	-83.3016
-20.07	-83.7872
-20.69	-84.25075
-21.33	-84.6922
-21.97	-85.11155
-22.64	-85.4868
-23.25	-85.8179
-23.92	-86.0607
-24.6	-86.3476
-25.25	-86.5904
-25.9	-86.74495
-26.57	-86.9215
-27.25	-87.076
-27.92	-87.0981
-28.59	-87.1643
-29.27	-87.12015
-29.93	-87.12015
-30.61	-87.03185
-31.33	-86.9215
-32.01	-86.78905
-32.7	-86.56835
-33.4	-86.32555
-34.1	-86.0607
-34.74	-85.6413
-35.09	-84.5156
-35.65	-84.4494
-36.18	-84.4494
-36.72	-83.5444
-37.22	-82.88225
-37.74	-82.6615
-38.05	-81.49165
-37.95	-80.14525
-37.82	-78.93125
-37.65	-77.71725
-37.44	-76.4812
-37.23	-75.17895
-37.03	-73.87665
-36.76	-72.3757
-36.5	-70.8748
-36.24	-69.2856
-36.01	-67.6522
-35.75	-66.1292
-35.45	-64.54
-35.22	-63.03905
-34.96	-61.51605
-34.69	-59.9489
-34.45	-58.49215
-34.16	-57.03535
-33.9	-55.5565
-33.64	-54.0997
-33.35	-52.665
-33.06	-51.31855
-32.8	-50.06045
-32.56	-48.84644
-32.27	-47.50002
-31.99	-46.04324
-31.72	-44.6306
-31.45	-43.19588
-31.18	-41.76117
-30.92	-40.30439
-30.67	-38.86967
-30.41	-37.52325
-30.11	-36.02232
-29.82	-34.69797
-29.57	-33.04253
-29.3	-31.62989
-29.03	-30.21725
-28.75	-28.84875
-28.49	-27.48026
-28.25	-26.28835
-27.99	-25.00814
-27.72	-23.61757
-27.45	-22.29322
-27.19	-20.96888
-26.93	-19.62245
-26.67	-18.32018
-26.39	-17.08411
-26.12	-15.80391
-25.84	-14.54578
-25.6	-13.30972
-25.31	-12.13988
-25	-10.97003
-24.38	-10.04299
-24.1	-8.91729
-23.5	-7.195635
-22.89	-5.76092
-22.3	-4.59108
-21.69	-3.421237
-21.07	-2.339685
-20.43	-1.302277
-19.84	-0.309015
-19.23	0.220725
-18.55	1.567147
-17.96	2.20725
-17.34	3.377093
-16.74	4.215847
-16.06	5.054605
-15.41	5.82714
-14.73	6.62175
-14.05	7.41636
-13.37	8.144755
-12.72	8.961435
-12.07	9.7119
-11.43	10.46237
-10.78	11.19076
-10.16	11.98537
-9.51	12.8462
-8.94	13.50837
-8.33	14.19261
-7.74	15.2521
-7.24	15.84805
-6.59	17.12826
-6.05	18.18774
-5.44	19.00443
-4.84	20.5495
-4.24	21.87385
-3.64	23.17612
-3.05	24.65498
-2.46	26.11176
-1.91	27.52441
-1.36	29.02534
-0.89	30.50419
-0.36	32.13756
0.16	33.70471
0.67	35.24979
1.21	36.839
1.77	38.49444
2.33	40.21609
2.93	41.9819
3.52	43.76977
4.14	45.49142
4.77	47.21308
5.4	48.82437
6.04	50.3915
6.68	51.82625
7.34	53.2168
7.98	54.47495
8.62	55.75515
9.31	56.9029
9.96	58.05065
10.61	59.1543
11.3	60.16965
11.96	61.11875
12.61	62.0458
13.3	62.9949
13.99	63.83365
14.67	64.6062
15.33	65.37875
16.01	66.08505
16.72	66.7693
17.4	67.36525
18.11	67.9833
18.81	68.51305
19.52	69.0428
20.23	69.4401
20.95	69.9036
21.66	70.323
22.38	70.6982
23.09	71.0293
23.79	71.31625
24.5	71.62525
25.22	71.846
25.95	72.13295
26.65	72.90545
27.38	73.0379
28.11	73.14825
28.81	73.2145
29.55	73.2807
30.27	73.25865
31.01	73.25865
31.75	73.14825
32.47	72.99375
33.21	72.8172
33.95	72.66265
34.67	72.3757
35.39	72.155
36.09	71.77975
36.71	71.4487
36.99	70.0802
37.03	68.91035
36.97	66.7693
36.62	64.3855
36.32	62.08995
36.02	60.01515
35.71	57.9624
35.42	56.02
35.12	54.0335
34.82	52.06905
34.53	50.12665
34.23	48.16219
33.92	46.26396
33.63	44.36573
33.34	42.55578
33.04	40.72377
32.74	38.91382
32.46	37.12595
32.18	35.316
31.94	33.90336
31.71	32.51279
31.5	31.14429
31.29	29.79787
31.02	28.16451
30.71	26.39871
30.43	24.67706
30.16	23.15405
29.9	21.78555
29.64	20.39499
29.4	19.09271
29.11	17.43727
28.83	15.87013
28.45	13.97189
28.22	12.75791
27.97	11.45562
27.71	10.17542
27.35	8.608275
27.1	7.372215
26.72	5.893355
26.34	4.282065
26.06	3.156368
25.7	1.94238
25.34	0.61803
24.92	-0.7725375
24.33	-2.714917
23.66	-4.59108
22.98	-6.334805
22.28	-7.924025
21.54	-9.336665
20.73	-10.5948
19.97	-11.76464
19.23	-12.8462
18.52	-13.77324
17.76	-14.74443
16.97	-15.69355
16.19	-16.5323
15.38	-17.39313
14.6	-18.25396
13.81	-19.04856
13	-19.9094
12.23	-20.74815
11.44	-21.65312
10.65	-22.51395
9.88	-23.48514
9.08	-24.54462
8.32	-25.64824
7.55	-26.75187
6.79	-27.94378
6.06	-29.20192
5.33	-30.63663
4.61	-32.18171
3.88	-33.72678
3.14	-35.47051
2.45	-37.34667
1.75	-39.2449
1.06	-41.16521
0.34	-43.19588
-0.38	-45.31484
-1.07	-47.41173
-1.76	-49.50861
-2.46	-51.6055
-3.16	-53.6141
-3.88	-55.6889
-4.58	-57.3885
-5.3	-59.17635
-6	-60.9201
-6.73	-62.4431
-7.47	-63.94405
-8.22	-65.35665
-8.95	-66.74725
-9.73	-68.00535
-10.46	-69.06485
-11.24	-70.19055
-12.05	-71.22795
-12.81	-72.2212
-13.61	-73.1262
-14.4	-73.987
-15.19	-74.84785
-15.99	-75.64245
-16.79	-76.3267
-17.6	-77.01095
-18.39	-77.6069
-19.19	-78.2691
-20.02	-78.77675
-20.83	-79.19615
-21.65	-79.6376
-22.5	-80.07905
-23.34	-80.4322
-24.18	-80.60875
-24.99	-80.78535
-25.87	-81.00605
-26.71	-81.1606
-27.56	-81.1606
-28.42	-81.20475
-29.26	-81.11645
-30.15	-81.00605
-31.02	-80.85155
-31.9	-80.5867
-32.82	-80.29975
-33.65	-79.9245
-34.27	-79.57135
-34.95	-79.26235
-35.54	-78.93125
-36.16	-78.62225
-36.82	-78.247
-37.42	-77.89385
-38.01	-77.5186
-38.33	-76.28255
-38.43	-75.09065
-38.24	-73.08205
-37.91	-71.71355
-37.78	-69.96985
-37.45	-68.1599
-37.15	-66.19545
-36.82	-64.2972
-36.54	-62.3548
-36.23	-60.47865
-35.88	-58.62455
-35.55	-56.77045
-35.26	-54.93845
-34.92	-53.1506
-34.6	-51.40685
-34.26	-49.90592
-33.88	-48.36084
-33.59	-46.66127
-33.24	-44.85132
-32.86	-42.95309
-32.48	-40.96656
-32.15	-39.00211
-31.81	-37.01559
-31.44	-35.09528
-31.09	-33.13082
-30.75	-31.16637
-30.35	-29.26814
-30	-27.39197
-29.64	-25.44959
-29.29	-23.63965
-28.91	-21.76348
-28.53	-19.99768
-28.19	-18.20981
-27.83	-16.44401
-27.43	-14.72236
-27.11	-13.0007
-26.73	-11.34527
-26.33	-9.733975
-25.97	-8.321335
-25.59	-7.107345
-25.21	-5.981645
-24.8	-4.85595
-24.22	-3.310875
-23.62	-1.809945
-23.01	-0.5518125
-22.49	0.2869425
-21.98	0.9932625
-21.44	2.185178
-20.76	3.597817
-20.12	4.569007
-19.47	5.49605
-18.79	6.378955
-18.08	7.21771
-17.42	7.990245
-16.76	8.76278
-16.08	9.491175
-15.43	10.17542
-14.7	10.90382
-13.92	11.76464
-13.36	12.22816
-12.8	12.80205
-12.17	13.33179
-11.47	13.8836
-10.87	14.56785
-10.37	15.14174
-9.74	15.71562
-9.1	16.5323
-8.29	17.56971
-7.72	18.27603
-7.13	18.62919
-6.59	19.9094
-5.93	20.92473
-5.26	22.00628
-4.6	23.17612
-3.94	24.34597
-3.28	25.67031
-2.67	26.95053
-2.05	28.27487
-1.48	29.66544
-0.92	30.98979
-0.28	32.51279
0.3	33.96958
0.84	35.38221
1.44	36.81693
2.04	38.33993
2.66	39.90708
3.3	41.45216
3.99	43.08552
4.64	44.58645
5.31	46.02116
6	47.41173
6.69	48.8023
7.4	50.1046
8.09	51.31855
8.79	52.44425
9.51	53.5258
10.22	54.62945
10.92	55.66685
11.63	56.61595
12.36	57.6313
13.06	58.49215
13.77	59.3309
14.51	60.08135
15.24	60.8318
15.98	61.5823
16.7	62.2003
17.44	62.8625
18.18	63.4143
18.92	63.9882
19.68	64.5179
20.39	66.8576
21.12	67.45355
21.89	67.85085
22.63	68.20405
23.39	68.60135
24.16	68.8441
24.92	69.13105
25.67	69.37385
26.43	69.5063
27.19	69.6608
28	69.72705
28.73	69.8153
29.5	69.85945
30.26	69.8153
31.05	69.7491
31.82	69.6608
32.59	69.5946
33.37	69.37385
34.16	69.13105
34.87	68.8883
35.45	68.51305
35.97	68.1599
36.64	67.78465
37.34	67.45355
38.01	67.14455
38.68	66.7031
39.35	66.3941
40.04	65.93055
40.7	65.44495
41.4	64.6724
42.09	63.70125
42.79	62.9949
43.57	56.72635
44.25	56.52765
44.95	56.06415
45.66	55.60065
46.34	55.02675
47.03	54.47495
47.72	53.90105
48.4	53.3713
49.1	52.77535
49.79	52.20145
50.49	51.56135
51.19	50.92125
51.89	50.28115
52.59	49.66312
53.28	49.06717
54	48.47121
54.71	47.85318
55.39	47.21308
56.1	46.57298
56.63	45.64593
56.7	44.49816
56.73	43.10759
56.58	41.67288
56.35	40.34853
56.13	39.00211
55.93	37.74398
55.7	36.37548
55.44	34.80833
55.18	33.1529
54.92	31.71818
54.66	30.28347
54.42	28.82668
54.15	27.30368
53.85	25.58203
53.55	23.97074
53.28	22.4698
53.02	21.12338
52.79	19.8211
52.53	18.5409
52.24	16.97375
51.97	15.47282
51.58	13.57459
51.35	12.47097
51.12	11.16868
50.87	9.88848
50.54	8.233045
50.3	6.952835
50.01	5.65056
49.59	3.465383
49.35	2.273468
49.07	0.97119
48.78	-0.2427975
48.54	-1.456785
48.27	-2.6487
47.99	-3.928905
47.68	-5.187035
47.37	-6.4231
47.07	-7.7033
46.73	-8.961435
46.41	-10.06506
46.09	-11.25698
45.41	-13.26558
44.66	-15.23003
44	-16.33365
43.27	-17.90079
42.53	-19.15893
41.79	-20.32877
41.01	-21.36618
40.24	-22.24908
39.44	-22.93332
38.63	-23.46307
37.79	-23.94866
36.97	-24.36804
36.15	-24.76534
35.32	-25.14058
34.47	-25.53788
33.63	-25.95726
32.8	-26.35456
31.96	-26.81808
31.14	-27.23746
30.29	-27.63477
29.43	-27.98793
28.57	-28.36316
27.71	-28.67218
26.86	-28.98119
25.99	-29.15777
25.15	-29.46679
24.28	-29.68752
23.43	-29.88617
22.59	-30.10689
21.74	-30.37176
20.87	-30.63663
20.11	-30.94564
19.27	-31.34295
18.44	-31.7844
17.6	-32.24792
16.71	-32.75559
15.9	-33.28533
15.04	-33.94751
14.24	-34.56554
13.41	-35.316
12.61	-36.06646
11.81	-36.92729
11.01	-37.81019
10.22	-38.80346
9.44	-39.75257
8.66	-40.76791
7.87	-41.91568
7.09	-43.19588
6.31	-44.3878
5.53	-45.73422
4.77	-47.08065
4.02	-48.40499
3.32	-50.5681
2.54	-52.1794
1.79	-53.87895
1.05	-55.3799
0.32	-56.8146
-0.47	-58.2714
-1.19	-59.7944
-1.97	-61.3836
-2.71	-62.79625
-3.48	-64.09855
-4.25	-65.31255
-5.05	-66.65895
-5.83	-67.76255
-6.61	-68.8441
-7.39	-69.88155
-8.18	-70.8748
-8.98	-71.77975
-9.79	-72.59645
-10.57	-73.41315
-11.41	-73.987
-12.2	-74.67125
-13.01	-75.26725
-13.89	-75.79695
-14.71	-76.1722
-15.54	-76.61365
-16.41	-76.92265
-17.21	-77.2096
-18.06	-77.3862
-18.9	-77.5186
-19.82	-77.6069
-20.63	-77.65105
-21.53	-77.6069
-22.42	-77.58485
-23.3	-77.3641
-24.16	-77.18755
-25.06	-76.85645
-25.97	-76.54745
-26.87	-76.0839
-27.74	-75.6866
-28.66	-75.17895
-29.57	-74.6271
-30.5	-73.987
-31.41	-73.30275
-32.34	-72.66265
-33.25	-71.9122
-34.16	-71.1176
-34.66	-70.7203
-35.64	-69.8374
-36.18	-69.30765
-37.15	-68.4027
-38.08	-67.4094
-39.02	-66.48235
-39.77	-65.59945
-40.56	-64.89315
-41.46	-64.09855
-42.41	-63.1494
-42.91	-62.64175
-43.43	-62.17825
-44.4	-61.1408
-45.35	-60.16965
-46.34	-59.17635
-47.26	-58.13895
-48.2	-57.2119
-49.12	-56.21865
-50.01	-55.33575
-50.91	-54.3425
-51.83	-53.4375
-52.75	-52.5546
-53.67	-51.56135
-54.51	-50.70055
-55.37	-49.83971
-56.19	-48.97888
-56.8	-48.02976
-57.39	-47.0365
-57.87	-45.86665
-58.37	-45.42521
-58.47	-43.08552
-58.37	-41.27557
-57.97	-39.0904
-57.62	-36.97144
-57.16	-34.96284
-56.79	-32.77766
-56.51	-30.85736
-56.15	-28.93705
-55.8	-27.03881
-55.45	-25.07436
-55.15	-23.24234
-54.82	-21.27789
-54.47	-19.40173
-54.11	-17.52556
-53.79	-15.6494
-53.44	-13.68495
-53.09	-11.875
-52.74	-10.02092
-52.44	-8.21097
-52.09	-6.401025
-51.76	-4.635225
-51.46	-2.935642
-51.09	-1.346423
-50.86	0.309015
-50.45	2.185178
-50.07	4.039268
-49.77	5.65056
-49.43	7.305995
-49.08	8.961435
-48.71	10.52859
-48.43	11.98537
-48.14	13.28765
-47.83	14.39127
-47.41	16.28951
-46.93	18.25396
-46.32	20.15219
-45.52	21.96214
-44.71	23.66172
-43.9	25.05229
-43.14	26.2442
-42.27	27.14918
-41.36	27.92171
-40.43	28.4956
-39.46	28.91497
-38.57	29.26814
-38.06	29.40057
-37.07	29.57715
-36.56	29.66544
-36.05	29.73166
-35.08	29.81995
-34.56	29.79787
-34.04	29.79787
-33.53	29.79787
-33.01	29.7758
-32.51	29.73166
-31.98	29.7758
-30.99	29.66544
-30.45	29.6213
-29.93	29.57715
-29.43	29.51093
-28.43	29.42264
-27.93	29.33435
-27.43	29.33435
-26.91	29.26814
-26.41	29.24607
-25.91	29.17985
-25.38	29.17985
-24.87	29.1357
-24.36	29.11363
-23.81	28.56182
-23.3	28.51767
-22.77	28.56182
-21.85	28.51767
-21.33	28.51767
-20.32	28.60596
-19.79	28.18658
-19.27	28.20865
-18.28	28.29695
-17.31	28.4956
-16.34	28.60596
-15.82	28.71632
-14.85	28.98119
-14.35	29.11363
-13.37	29.35642
-12.39	29.70959
-11.43	30.04067
-10.91	30.19518
-9.97	30.63663
-8.99	31.07808
-8.05	31.51953
-7.11	32.00512
-6.16	32.53487
-5.23	33.10875
-4.32	33.63849
-3.41	34.1903
-2.5	34.72004
-1.58	35.36015
-0.65	35.93403
0.25	36.57413
1.15	37.19216
2.07	37.94262
3.01	38.64895
3.92	39.2449
4.87	39.88501
5.8	40.4589
6.74	40.98863
7.69	41.47423
8.64	41.8936
9.62	42.33506
10.58	42.64407
11.08	42.8648
12.05	43.12967
13.01	43.32832
13.51	43.52697
14.5	43.70355
15.49	43.83598
16.05	42.71029
16.55	42.68821
17.52	42.71029
18.12	41.43008
18.62	41.40801
19.12	41.43008
19.63	41.40801
20.14	41.40801
20.64	41.36386
21.63	41.20936
22.14	41.18729
23.14	40.94449
23.65	40.81205
24.18	40.72377
24.68	40.56926
25.18	40.3706
25.72	40.26024
26.22	40.08366
26.73	39.90708
27.37	37.9647
27.87	37.65569
28.49	36.72864
29.38	37.12595
29.9	36.839
30.42	36.64035
30.94	36.37548
31.45	36.15475
31.96	35.88988
32.98	35.316
33.5	35.02906
34.01	34.72004
34.53	34.45517
35.07	34.03579
35.6	33.77092
36.13	33.41777
36.68	33.04253
37.22	32.64523
37.75	32.29207
38.28	31.89476
38.83	31.51953
39.35	31.10015
39.89	30.70285
40.42	30.30554
40.97	29.88617
41.52	29.42264
42.06	28.98119
42.62	28.58389
43.15	28.14244
43.66	27.7672
44.2	27.3699
44.75	26.99467
45.28	26.57529
45.81	26.17798
46.35	25.78068
46.87	25.40545
47.41	25.03021
47.93	24.58876
48.47	24.21354
49.01	23.81623
49.55	23.39685
50.1	22.99954
50.64	22.5581
51.2	22.16079
51.75	21.74142
52.27	21.3441
52.81	20.88058
53.34	20.50535
53.88	20.13012
54.41	19.68867
54.95	19.35758
55.49	18.93821
56.01	18.60711
56.57	18.16566
57.1	17.81251
57.63	17.43727
58.19	17.06204
58.73	16.64267
59.29	16.22329
59.9	15.8922
60.54	15.4066
61.2	14.94308
61.77	14.47956
62.31	14.03811
62.31	-0.2427975
