Galeota 1996 Specimen CA4	
2182	
0.05	1.067328
0.12	2.51136
0.19	3.892608
0.27	5.085504
0.35	6.59232
0.43	7.973568
0.53	9.857086
0.6	10.9872
0.69	12.18009
0.77	13.56135
0.85	15.06816
0.93	16.76333
1	18.01901
1.1	19.52583
1.18	21.09543
1.25	22.35111
1.36	23.92071
1.44	25.1136
1.52	26.49484
1.61	27.75052
1.7	29.44569
1.79	30.88973
1.88	32.20819
1.98	33.77779
2.06	35.41017
2.15	36.91699
2.23	38.04711
2.33	39.6167
2.42	41.31187
2.53	42.94425
2.63	44.63942
2.74	46.20903
2.82	47.33914
2.92	49.15987
3.02	50.79225
3.11	52.04793
3.23	53.80589
3.34	55.62663
3.44	57.13344
3.55	58.70304
3.65	60.20986
3.79	62.34451
3.89	63.78854
4.01	65.16978
4.14	67.05331
4.24	68.56013
4.36	69.94137
4.47	71.57376
4.58	73.08057
4.7	74.33626
4.84	75.84308
4.95	77.22432
5.09	78.73113
5.23	80.36352
5.37	81.74477
5.54	83.25159
5.68	84.69561
5.92	86.45357
6.11	88.08595
6.28	89.65556
6.45	90.91122
6.63	92.41805
6.79	93.79929
6.98	95.05497
7.16	96.49901
7.38	98.19414
7.6	99.38705
7.78	100.8939
7.99	102.3379
8.25	104.0331
8.46	105.6027
8.71	107.0467
8.96	108.3652
9.31	110.2487
9.59	111.5671
9.9	113.1368
10.13	114.3297
10.47	116.0877
10.85	117.7828
11.09	118.8501
11.49	120.8592
11.87	122.1149
12.23	123.6217
12.63	125.1285
13.04	126.5725
13.45	127.891
13.98	129.4607
14.37	130.7791
14.89	132.0347
15.42	133.2905
15.95	134.3577
16.45	134.7973
17.67	119.4779
17.89	114.3297
18.01	112.8229
18.12	114.1413
18.03	112.2577
17.89	110.6882
17.78	109.2441
17.64	107.9257
17.49	106.4816
17.3	104.9748
17.14	103.468
16.96	101.9612
16.73	100.2032
16.49	98.44528
16.32	96.81293
16.12	95.30611
15.98	94.176
15.76	92.66917
15.55	90.97402
15.33	89.21606
15.12	87.64645
14.9	86.01408
14.68	84.31892
14.47	82.74931
14.25	80.8658
13.96	78.8567
13.74	77.16153
13.53	75.46637
13.31	73.95956
13.17	73.08057
13.02	71.57376
12.73	69.62745
12.51	68.30899
12.29	66.23712
12.01	64.29081
11.8	62.84679
11.58	61.02605
11.3	58.95417
11.07	57.57293
10.87	55.6894
10.65	54.11981
10.44	52.86412
10.29	51.42009
10.08	49.91328
9.81	47.96697
9.6	46.2718
9.4	44.70221
9.14	42.63034
8.94	41.12352
8.75	39.49113
8.55	37.98432
8.29	36.28915
8.16	35.03347
7.96	33.71501
7.78	32.01984
7.54	30.07353
7.35	28.44115
7.12	26.49484
6.95	24.98803
6.78	23.79513
6.57	21.78605
6.35	20.21645
6.2	18.96077
5.94	17.20281
5.76	16.07271
5.56	14.69145
5.38	13.31021
5.15	11.86617
4.89	10.04544
4.73	8.413056
4.58	7.157376
4.39	5.33664
4.25	4.520448
4.13	3.013632
3.97	1.506816
3.82	0
3.72	-1.318464
3.56	-3.201984
3.4	-4.959936
3.26	-6.466752
3.13	-8.099136
2.99	-9.480384
2.85	-11.23833
2.72	-12.87072
2.53	-14.62867
2.44	-15.696
2.29	-17.39117
2.13	-18.96077
1.98	-20.65593
1.83	-22.35111
1.68	-23.66957
1.57	-25.17639
1.41	-26.80877
1.25	-28.56672
1.1	-30.07353
0.94	-31.7687
0.84	-33.14996
0.68	-34.84512
0.53	-36.72864
0.37	-38.42381
0.22	-39.93063
0.06	-41.50023
-0.09	-43.38375
-0.25	-44.76499
-0.35	-46.02068
-0.51	-47.46471
-0.67	-49.15987
-0.82	-50.66669
-0.98	-52.1735
-1.14	-53.93145
-1.36	-55.6894
-1.5	-57.00787
-1.67	-58.45191
-1.82	-59.77037
-1.98	-61.2144
-2.08	-62.28172
-2.23	-63.66298
-2.38	-65.35815
-2.54	-66.92774
-2.74	-68.74848
-2.9	-70.44365
-3.06	-71.63654
-3.22	-72.6411
-3.39	-74.21069
-3.55	-75.46637
-3.72	-76.9104
-3.89	-78.41721
-4.12	-79.73568
-4.28	-80.8658
-4.55	-82.62373
-4.72	-83.69107
-4.95	-85.51181
-5.18	-87.01862
-5.42	-88.651
-5.66	-89.90668
-5.84	-91.22516
-6.08	-92.73196
-6.27	-93.79929
-6.58	-95.62002
-6.89	-97.12688
-7.14	-98.3197
-7.4	-99.76379
-7.66	-101.2079
-8.05	-102.7147
-8.31	-104.0959
-8.72	-105.791
-9.05	-106.8584
-9.47	-108.5535
-9.81	-109.9976
-10.37	-111.63
-10.73	-112.6345
-11.24	-114.0157
-11.66	-115.4598
-12.17	-116.7783
-12.68	-118.0339
-13.13	-119.4779
-13.66	-120.1685
-14.18	-121.6126
-14.72	-122.1776
-15.27	-123.245
-15.81	-124.0612
-16.37	-124.6262
-16.87	-125.0657
-17.41	-125.1285
-18.04	-122.9311
-18.34	-121.2987
-18.64	-120.2314
-18.55	-118.7246
-18.41	-117.4061
-18.14	-115.2715
-17.8	-112.8229
-17.44	-110.2487
-17.08	-107.9257
-16.89	-106.6701
-16.71	-105.4143
-16.35	-103.4053
-16.14	-102.0868
-15.91	-100.58
-15.69	-99.26148
-15.47	-97.75467
-15.24	-96.37344
-15.01	-94.9922
-14.78	-93.48537
-14.55	-91.97856
-14.34	-90.91122
-14.1	-89.27885
-13.87	-87.96037
-13.65	-86.57914
-13.42	-84.94675
-13.2	-83.69107
-12.97	-82.3726
-12.74	-81.11693
-12.52	-79.48454
-12.08	-76.78483
-11.85	-75.40359
-11.63	-73.70841
-11.18	-70.75757
-10.96	-69.62745
-10.74	-67.99507
-10.51	-66.42547
-10.29	-64.91865
-10.08	-63.78854
-9.86	-62.15616
-9.63	-60.83769
-9.42	-58.95417
-9.19	-57.76128
-8.98	-56.38004
-8.75	-55.06157
-8.52	-53.3664
-8.03	-50.98061
-7.81	-49.91328
-7.59	-48.40647
-7.36	-46.89965
-7.16	-45.1417
-6.95	-43.82323
-6.74	-42.06528
-6.53	-40.37011
-6.33	-38.67495
-6.13	-36.79142
-5.94	-35.28461
-5.74	-33.46387
-5.54	-31.58035
-5.34	-29.69683
-5.15	-27.93888
-4.94	-26.43207
-4.75	-24.29741
-4.56	-22.41389
-4.37	-20.46759
-4.18	-18.89799
-3.99	-17.14003
-3.8	-15.31929
-3.62	-13.18464
-3.43	-11.42669
-3.25	-9.731521
-3.08	-7.910784
-2.9	-5.96448
-2.73	-4.332096
-2.56	-2.385792
-2.39	-1.067328
-2.29	0.376704
-2.09	1.88352
-1.93	3.390336
-1.79	5.399424
-1.63	7.094592
-1.49	8.664192
-1.24	11.11277
-1.08	12.30567
-0.89	14.62867
-0.72	16.19827
-0.55	18.52128
-0.42	19.52583
-0.28	21.28377
-0.11	22.79059
0.04	24.48576
0.21	26.05536
0.36	27.37383
0.5	28.81785
0.65	30.38745
0.82	32.08263
0.99	34.02893
1.16	35.53575
1.34	37.48204
1.53	39.49113
1.74	41.50023
1.95	43.44653
2.16	45.20448
2.38	47.088
2.61	49.15987
2.83	50.98061
3.05	52.86412
3.27	54.43373
3.5	56.69395
3.73	58.64025
3.96	60.46099
4.2	62.28172
4.43	63.85133
4.67	65.60928
4.91	67.55557
5.15	69.06239
5.39	70.69479
5.64	72.26437
5.89	74.1479
6.15	75.46637
6.4	76.9104
6.66	78.41721
6.91	80.11239
7.17	81.49364
7.43	82.93765
7.97	85.51181
8.5	88.3371
9.04	90.47175
9.58	93.10867
10.13	95.18054
10.69	97.37794
11.24	99.70105
11.81	101.4589
12.37	103.468
12.94	105.2887
13.52	107.1095
14.11	108.8047
14.7	110.2487
15.31	111.1905
15.95	111.3161
16.58	112.0067
17.23	112.6345
17.89	112.4462
18.58	113.1368
19.27	113.3251
19.99	113.1368
20.68	112.2577
21.24	111.63
21.87	110.6882
22.4	109.872
23	109.4325
23.58	108.9302
24.13	107.9885
24.69	106.7955
25.23	105.9166
25.78	105.5399
26.32	104.9121
26.87	104.4098
27.42	103.9075
27.97	103.4053
28.52	102.5263
29.08	101.7101
29.65	101.2079
30.2	100.58
30.75	99.9521
31.32	99.1359
31.89	98.25697
32.43	97.62909
33.01	97.00131
33.58	96.12231
34.14	95.43168
34.72	94.30157
35.29	93.29701
35.86	92.48083
36.41	91.35072
36.92	90.6601
37.48	89.59277
38.02	88.83936
38.49	87.52089
39.02	86.7047
39.2	85.32345
39.27	84.50726
39.03	82.3726
38.86	80.99136
38.6	78.91949
38.27	76.72205
38.03	74.96409
37.8	73.70841
37.56	72.07603
37.33	70.75757
37.1	68.99962
36.87	67.68115
36.63	66.17434
36.41	64.47916
36.19	62.84679
35.83	60.64935
35.6	59.07975
35.35	57.38458
35.13	56.12889
34.9	54.43373
34.67	52.92691
34.45	51.42009
34.1	49.4738
33.87	47.71584
33.52	45.83232
33.3	44.07437
32.94	42.19085
32.72	40.62125
32.38	38.86329
32.03	36.60308
31.82	35.41017
31.46	33.58944
31.23	31.95706
30.89	30.51303
30.55	28.44115
30.2	27.05991
29.87	25.42752
29.57	23.66957
29.27	21.9744
28.81	19.58861
28.51	18.45849
28.15	16.76333
27.79	15.06816
27.42	13.49856
27.13	12.05453
26.75	10.17101
26.32	8.413056
25.82	6.655104
25.47	5.211072
25.05	4.08096
24.62	2.574144
24.26	1.067328
23.67	-0.502272
23.08	-1.506816
22.53	-3.076416
21.91	-1.695168
21.34	-3.390336
20.78	-4.7088
20.2	-5.96448
19.61	-7.094592
19	-8.16192
18.4	-9.292032
17.8	-10.35936
17.18	-11.17555
16.57	-12.18009
15.95	-12.87072
15.34	-13.74969
14.71	-14.81703
14.1	-15.75879
13.48	-16.76333
12.97	-17.2656
12.39	-18.52128
11.78	-19.52583
11.17	-20.78151
10.57	-21.78605
9.97	-23.04173
9.38	-24.23463
8.8	-25.74144
8.21	-27.24825
7.62	-28.37837
7.07	-30.26188
6.52	-32.01984
5.98	-33.71501
5.57	-35.09625
5.17	-36.72864
4.78	-37.98432
4.39	-39.49113
4.01	-41.06073
3.63	-42.50476
3.25	-43.88601
2.88	-45.58119
2.39	-47.52748
2.03	-49.15987
1.66	-50.72947
1.31	-52.23629
0.95	-53.93145
0.58	-55.62663
0.23	-57.19622
-0.13	-59.33088
-0.49	-60.77491
-0.84	-62.40729
-1.08	-63.60019
-1.29	-65.16978
-1.5	-66.48826
-1.72	-67.86951
-2.08	-69.69024
-2.43	-71.32262
-2.78	-73.33171
-3.14	-74.65017
-3.38	-76.03143
-3.73	-77.66382
-4.09	-79.17062
-4.33	-80.36352
-4.69	-81.93312
-5.06	-83.69107
-5.42	-85.19788
-5.79	-86.89306
-6.16	-88.3371
-6.52	-89.59277
-6.89	-91.16237
-7.27	-92.79475
-7.76	-94.42713
-8.14	-95.87117
-8.52	-97.44078
-8.9	-98.6337
-9.42	-100.2032
-9.81	-101.4589
-10.33	-103.0286
-10.86	-104.5354
-11.39	-105.7283
-11.93	-107.0467
-12.48	-108.3024
-13.05	-109.4325
-13.6	-110.8765
-14.16	-111.8183
-14.74	-112.6973
-15.33	-113.5762
-15.91	-114.3924
-16.52	-115.2086
-17.12	-115.8365
-17.75	-116.276
-18.37	-116.7154
-18.87	-116.7154
-19.52	-116.9039
-20.18	-117.2177
-20.7	-116.7783
-21.2	-116.6527
-21.74	-116.6527
-22.32	-116.1504
-22.88	-115.0203
-23.09	-113.953
-23.68	-112.8229
-24.27	-111.63
-24.79	-111.1905
-25.32	-110.8765
-25.88	-110.437
-26.44	-109.872
-26.98	-109.6208
-27.55	-109.1814
-28.11	-108.3652
-28.67	-107.7373
-29.23	-107.2978
-29.82	-106.4816
-30.4	-105.5399
-30.98	-104.9748
-31.57	-104.0331
-32.16	-103.1541
-32.75	-102.2751
-33.36	-101.3962
-33.93	-100.8311
-34.5	-100.1405
-35.08	-99.32432
-35.68	-98.38255
-36.27	-97.37794
-36.85	-96.37344
-37.4	-95.49447
-37.72	-93.98765
-37.82	-92.85754
-38.33	-93.0459
-38.83	-92.6064
-39.28	-91.35072
-39.8	-90.72288
-39.81	-90.2206
-39.59	-88.71379
-39.28	-86.83027
-39.06	-85.38624
-38.83	-84.19334
-38.62	-82.8121
-38.28	-81.2425
-38.05	-79.79846
-37.71	-78.04051
-37.37	-76.34534
-37.02	-74.5246
-36.67	-72.82944
-36.45	-71.57376
-36.11	-70.00416
-35.84	-68.62292
-35.5	-67.05331
-35.27	-65.79764
-34.93	-64.03967
-34.57	-62.40729
-34.34	-61.02605
-34	-59.58201
-33.74	-58.20076
-33.39	-56.81952
-33.16	-55.50105
-32.79	-54.11981
-32.43	-52.42464
-32.19	-51.16896
-31.8	-49.72493
-31.44	-48.15533
-31.04	-46.83686
-30.65	-45.5184
-30.25	-44.01159
-29.86	-42.63034
-29.49	-40.8096
-29.1	-39.30278
-28.75	-37.60761
-28.36	-36.03801
-27.99	-34.34285
-27.62	-32.83603
-27.37	-31.45478
-26.99	-29.94797
-26.59	-28.31559
-26.21	-26.80877
-25.83	-25.1136
-25.44	-23.48121
-25.06	-22.16275
-24.66	-20.65593
-24.26	-19.08633
-23.86	-17.83065
-23.45	-16.38663
-23.05	-14.87981
-22.51	-13.31021
-21.96	-11.67783
-21.4	-10.17101
-20.84	-8.538624
-20.25	-7.157376
-19.61	-6.655104
-19.1	-6.655104
-18.59	-6.090048
-17.97	-5.148288
-17.36	-4.143744
-16.74	-3.45312
-16.12	-2.636928
-15.52	-1.695168
-14.91	-0.816192
-14.31	0.251136
-13.71	1.318464
-13.2	1.88352
-12.64	2.82528
-12.12	3.641472
-11.61	4.897152
-11.05	6.027264
-10.49	7.157376
-9.92	8.224704
-9.36	9.4176
-8.83	10.61049
-8.22	12.18009
-7.62	13.68691
-7.1	14.56589
-6.64	15.75879
-6.25	17.39117
-5.85	19.14912
-5.45	20.65593
-4.97	21.78605
-4.61	23.16729
-4.11	24.73689
-3.74	26.18093
-3.36	27.49939
-2.92	28.88064
-2.45	30.57581
-2.09	32.27098
-1.72	33.71501
-1.22	35.66132
-0.72	37.35648
-0.34	39.11444
0.07	40.87239
0.47	42.31642
0.87	44.01159
1.28	45.58119
1.69	47.088
2.09	48.78316
2.5	50.54112
3.05	52.48743
3.46	54.11981
3.87	55.62663
4.28	57.19622
4.7	58.8914
5.12	60.20986
5.69	61.96781
6.12	63.47463
6.55	64.85587
7.13	66.42547
7.73	67.99507
8.31	69.69024
8.91	71.13428
9.51	72.51552
10.12	74.02234
10.73	75.02688
11.35	76.28256
11.98	77.41267
12.6	78.41721
13.23	79.54733
13.87	80.42631
14.5	81.43085
15.15	82.18426
15.78	82.8121
16.42	83.62829
16.92	84.25613
17.56	84.88396
18.21	85.57458
18.87	86.01408
19.52	86.39078
20.02	87.01862
20.52	87.33254
21.19	87.70924
21.85	88.08595
22.36	88.3371
22.91	87.45811
23.56	87.70924
24.08	87.8976
24.6	88.14874
25.11	88.08595
25.63	88.14874
26.18	88.71379
26.68	88.3371
27.18	88.52544
27.7	88.21152
28.23	88.14874
28.76	88.21152
29.29	88.08595
29.82	87.8976
30.35	87.8976
30.89	87.70924
31.41	87.33254
31.96	87.33254
32.5	86.83027
33.04	86.7047
33.57	86.39078
34.12	86.01408
34.68	85.70016
35.22	85.13511
35.75	84.7584
36.28	84.44447
36.84	83.1888
37.36	83.12601
37.9	82.30982
38.47	82.18426
39.01	81.49364
39.2	80.23794
39.77	80.61466
39.79	80.11239
39.63	78.10329
39.44	76.78483
39.23	74.96409
39.04	73.52007
38.83	72.2016
38.64	70.75757
38.32	68.43456
38.02	66.48826
37.81	64.85587
37.52	62.84679
37.29	61.33997
36.99	59.39367
36.79	57.82407
36.5	56.12889
36.3	54.43373
35.99	52.61299
35.79	51.10617
35.49	49.41101
35.28	47.96697
34.98	46.14624
34.67	44.3255
34.39	42.31642
34.08	40.43289
33.8	38.54937
33.48	36.79142
33.2	35.09625
32.9	33.33831
32.6	31.32921
32.32	29.69683
31.93	27.49939
31.64	25.86701
31.35	24.10905
31.03	21.9744
30.7	20.46759
30.36	18.96077
30.06	17.64231
29.76	15.94713
29.41	14.25197
29.09	12.43123
28.77	11.17555
28.48	9.668736
28.11	7.785216
27.72	6.027264
27.43	4.7088
27.12	3.264768
26.68	1.695168
26.29	-0.188352
25.82	-1.757952
25.42	-3.076416
24.88	-4.771584
24.36	-6.090048
23.94	-7.53408
23.42	-9.229248
22.88	-10.73607
22.26	-9.4176
21.67	-10.79885
21.12	-11.86617
20.56	-13.37299
19.98	-14.56589
19.38	-15.75879
18.8	-16.76333
18.2	-17.64231
17.61	-18.45849
17	-19.27469
16.39	-20.02809
15.78	-21.03264
15.18	-21.72327
14.68	-22.41389
14.08	-23.04173
13.47	-23.92071
12.86	-24.73689
12.27	-25.74144
11.68	-26.43207
11.07	-27.31104
10.48	-28.37837
9.89	-29.44569
9.31	-30.38745
8.73	-31.64313
8.15	-32.83603
7.58	-34.15449
7.01	-35.28461
6.46	-36.60308
5.9	-37.79596
5.5	-39.36557
5	-39.6167
4.6	-41.06073
4.08	-42.94425
3.56	-44.3255
3.04	-46.20903
2.53	-47.71584
2.12	-49.03431
1.61	-50.54112
1.2	-51.85959
0.69	-53.55475
0.17	-55.06157
-0.24	-56.31725
-0.82	-57.13344
-1.22	-58.51469
-1.61	-59.95872
-2.02	-61.33997
-2.43	-62.784
-2.94	-64.3536
-3.35	-65.60928
-3.76	-66.86496
-4.28	-68.43456
-4.81	-69.94137
-5.33	-71.38541
-5.75	-72.6411
-6.28	-73.95956
-6.82	-75.27802
-7.35	-76.5337
-7.9	-77.78938
-8.44	-79.10784
-8.99	-80.17517
-9.53	-81.43085
-10.09	-82.3726
-10.64	-83.37715
-11.19	-84.31892
-11.77	-85.19788
-12.32	-86.45357
-12.9	-87.20698
-13.47	-87.96037
-14.05	-88.77657
-14.63	-89.65556
-15.22	-90.28339
-15.8	-90.78567
-16.39	-91.35072
-16.99	-91.97856
-17.58	-92.41805
-18.19	-92.48083
-18.79	-93.35982
-19.4	-93.54816
-20.01	-93.98765
-20.51	-94.176
-21.12	-94.5527
-21.72	-94.61549
-22.24	-94.74106
-22.74	-94.9922
-23.25	-95.18054
-23.75	-95.43168
-24.35	-94.86662
-24.91	-93.35982
-25.52	-93.79929
-26.04	-93.73651
-26.55	-93.79929
-27.08	-93.73651
-27.6	-93.79929
-28.11	-93.73651
-28.66	-93.29701
-29.19	-93.23425
-29.7	-92.92032
-30.26	-92.79475
-30.78	-92.6064
-31.33	-92.2297
-31.88	-92.04134
-32.42	-91.53908
-32.97	-90.97402
-33.52	-90.6601
-34.07	-90.09504
-34.64	-89.8439
-35.2	-89.27885
-35.76	-88.77657
-36.31	-88.21152
-36.89	-87.45811
-37.46	-87.01862
-38.02	-86.39078
-38.58	-85.76295
-38.7	-84.31892
-38.84	-82.93765
-39.35	-81.74477
-39.86	-82.18426
-40.13	-81.68198
-40.05	-80.42631
-39.84	-79.17062
-39.59	-77.78938
-39.35	-76.09421
-39.03	-74.65017
-38.86	-73.33171
-38.59	-72.07603
-38.33	-70.69479
-38.08	-69.4391
-37.82	-67.9323
-37.51	-66.42547
-37.25	-64.98144
-37	-63.66298
-36.74	-62.28172
-36.49	-61.08883
-36.21	-59.58201
-35.96	-58.32633
-35.7	-57.32179
-35.44	-55.94055
-35.1	-54.43373
-34.77	-52.92691
-34.51	-51.54567
-34.26	-50.35276
-33.98	-48.84595
-33.72	-47.52748
-33.46	-46.2718
-33.11	-44.63942
-32.77	-43.19539
-32.5	-41.87693
-32.06	-40.37011
-31.7	-39.05165
-31.24	-37.60761
-30.9	-36.1008
-30.56	-34.46842
-30.21	-32.89881
-29.84	-31.392
-29.51	-29.8224
-29.16	-28.19001
-28.82	-26.62041
-28.55	-25.17639
-28.17	-23.85792
-27.83	-22.41389
-27.49	-21.03264
-27.15	-19.52583
-26.81	-17.89344
-26.46	-16.38663
-26.11	-15.19373
-25.77	-13.68691
-25.42	-12.30567
-25.06	-11.17555
-24.62	-9.480384
-24.17	-7.910784
-23.78	-6.466752
-23.3	-4.959936
-22.89	-3.578688
-22.49	-2.323008
-22.1	-1.130112
-21.6	0.251136
-21.09	1.5696
-20.57	1.946304
-19.62	2.19744
-19.11	3.076416
-18.58	3.892608
-18.01	4.583232
-17.51	5.776128
-16.96	6.655104
-16.41	7.53408
-15.85	8.350272
-15.3	8.852544
-14.74	9.857086
-14.2	10.67328
-13.68	11.36391
-13.18	12.24288
-12.67	12.87072
-12.13	13.93805
-11.51	12.93351
-11.22	14.25197
-10.67	15.50765
-10.16	16.13549
-9.68	17.76787
-9.13	18.77241
-8.55	19.96531
-8.04	21.09543
-7.52	22.16275
-7	23.23008
-6.48	24.3602
-5.96	25.55309
-5.44	26.6832
-4.93	27.87609
-4.36	29.0062
-3.79	30.70137
-3.29	31.95706
-2.78	33.46387
-2.27	34.46842
-1.68	36.1008
-1.17	37.48204
-0.65	39.05165
-0.11	40.43289
0.43	42.06528
0.96	43.38375
1.51	44.95335
2.04	46.39737
2.58	47.96697
3.12	49.41101
3.66	50.91783
4.21	52.1735
4.75	53.68032
5.3	55.18714
5.84	56.38004
6.4	57.63571
6.96	58.8914
7.52	60.0215
8.09	61.27719
8.66	62.34451
9.23	63.47463
9.8	64.54195
10.38	65.42093
10.96	66.61382
11.55	67.43002
12.13	68.37177
12.72	69.18797
13.31	70.06695
13.9	70.69479
14.5	71.57376
15.09	72.26437
15.69	72.82944
16.29	73.45728
16.9	74.21069
17.49	74.65017
18.1	75.27802
18.71	75.65472
19.31	76.34534
19.93	76.72205
20.66	77.53824
21.27	77.66382
21.89	78.22887
22.39	78.41721
23	78.73113
23.5	79.04505
24.12	79.2962
24.63	79.48454
25.13	79.48454
25.63	79.73568
26.13	79.79846
26.65	79.98681
27.15	80.17517
27.66	80.17517
28.16	80.17517
28.68	79.98681
29.19	80.11239
29.71	80.11239
30.22	80.17517
30.73	79.98681
31.29	79.04505
31.81	78.8567
32.33	78.66835
32.86	78.60557
33.39	78.41721
33.92	78.41721
34.46	77.97774
34.98	77.85217
35.53	77.41267
36.06	77.16153
36.58	76.72205
37.12	76.34534
37.65	76.09421
38.2	75.52914
38.75	75.08967
39.29	74.21069
39.82	73.58285
39.9	72.45274
39.66	70.44365
39.42	68.37177
39.19	66.61382
38.95	64.54195
38.71	63.03513
38.44	61.2144
38.2	59.51923
37.97	57.63571
37.73	55.94055
37.48	54.55929
37.22	52.67578
36.92	50.91783
36.64	49.03431
36.39	47.15078
36.11	44.95335
35.85	43.44653
35.56	41.68857
35.28	40.05619
35.01	38.42381
34.75	36.60308
34.46	35.03347
34.22	33.33831
33.95	31.392
33.69	30.07353
33.42	28.12723
33.04	26.05536
32.73	24.10905
32.48	22.41389
32.23	21.09543
31.89	19.52583
31.58	17.64231
31.28	16.32384
30.99	14.56589
30.72	13.12185
30.41	11.61504
30.01	9.668736
29.7	7.910784
29.36	6.215616
28.99	4.520448
28.67	3.076416
28.37	1.757952
27.94	-0.251136
27.61	-1.88352
27.26	-3.45312
26.91	-4.7088
26.53	-6.215616
25.95	-7.910784
25.56	-9.4176
25	-11.23833
24.41	-13.31021
23.82	-15.44487
23.21	-17.2656
22.61	-19.14912
22.23	-16.95168
21.82	-18.52128
21.21	-19.96531
20.55	-21.53491
19.9	-22.53945
19.2	-23.35565
18.55	-24.67411
17.86	-25.36473
17.18	-26.36928
16.5	-27.31104
15.82	-28.00167
15.13	-28.81785
14.46	-29.8224
13.77	-30.51303
12.86	-31.45478
12.18	-32.64768
11.5	-33.33831
10.83	-34.46842
10.16	-35.47296
9.49	-36.35193
8.82	-37.41927
8.17	-38.42381
7.51	-39.55392
6.85	-40.8096
6.21	-41.56301
5.57	-43.13261
4.93	-44.3255
4.3	-45.33004
3.62	-46.20903
3.02	-47.90419
2.4	-48.97152
1.79	-50.79225
1.16	-51.98516
0.54	-53.30361
-0.08	-54.74765
-0.7	-55.94055
-1.31	-57.19622
-1.94	-58.64025
-2.56	-60.0215
-3.19	-61.27719
-3.81	-62.72121
-4.44	-63.66298
-5.09	-64.98144
-5.71	-66.23712
-6.33	-67.55557
-6.98	-68.74848
-7.61	-69.8158
-8.26	-70.94592
-8.91	-72.01324
-9.56	-73.01779
-10.21	-74.21069
-10.86	-75.08967
-11.51	-75.84308
-12.17	-76.72205
-12.84	-77.66382
-13.5	-78.29164
-14.17	-79.2962
-14.85	-79.92403
-15.74	-80.67744
-16.43	-81.2425
-17.11	-81.74477
-17.81	-82.24704
-18.5	-82.68652
-19.18	-83.00046
-19.88	-83.43993
-20.58	-83.81664
-21.27	-84.06777
-21.97	-84.44447
-22.69	-84.7584
-23.4	-84.69561
-24.12	-84.94675
-24.83	-85.26067
-25.55	-84.94675
-26.28	-85.13511
-27	-85.26067
-27.74	-84.94675
-28.49	-85.07232
-29.19	-84.7584
-29.7	-84.69561
-30.21	-84.50726
-30.95	-84.19334
-31.69	-83.87943
-32.2	-83.56551
-32.71	-83.1888
-33.22	-82.93765
-33.73	-82.49817
-34.25	-82.12147
-34.76	-81.87034
-35.27	-81.6192
-35.81	-81.05415
-36.33	-80.55186
-36.85	-80.17517
-37.36	-79.67289
-38.05	-78.91949
-38.7	-78.29164
-39.32	-77.41267
-39.84	-76.78483
-39.94	-75.27802
-40.39	-73.89677
-40.52	-73.70841
-40.47	-72.38995
-40.3	-71.19706
-40.06	-69.8158
-39.84	-68.62292
-39.55	-67.30444
-39.33	-66.04877
-39.07	-64.66752
-38.86	-63.34906
-38.62	-61.96781
-38.32	-60.58656
-38.05	-59.33088
-37.73	-58.01241
-37.51	-56.69395
-37.3	-55.6894
-37.04	-53.99424
-36.69	-52.48743
-36.45	-51.29453
-36.22	-50.03885
-35.93	-48.40647
-35.62	-47.02521
-35.38	-45.83232
-35.11	-44.51385
-34.87	-43.25817
-34.56	-42.06528
-34.3	-40.62125
-34.05	-39.17721
-33.8	-38.04711
-33.42	-36.54029
-33.04	-35.28461
-32.78	-34.02893
-32.35	-32.89881
-32.14	-31.58035
-31.85	-30.26188
-31.55	-28.75507
-31.29	-27.37383
-30.87	-25.86701
-30.62	-24.67411
-30.27	-23.04173
-29.95	-21.53491
-29.7	-20.4048
-29.33	-18.89799
-29.03	-17.64231
-28.76	-16.32384
-28.4	-15.00537
-28.13	-13.68691
-27.89	-12.43123
-27.47	-11.11277
-27.22	-9.668736
-26.81	-8.16192
-26.5	-6.90624
-26.24	-5.587776
-25.77	-4.018176
-25.51	-2.82528
-25.12	-1.444032
-24.8	-0.188352
-24.39	1.506816
-23.85	2.82528
-23.45	4.269312
-23.07	5.587776
-22.66	6.843456
-22.14	8.224704
-21.54	9.4176
-20.92	10.35936
-20.42	10.9872
-19.83	11.99175
-19.24	12.87072
-18.68	13.49856
-18.17	13.81248
-17.62	13.31021
-17.13	14.62867
-16.56	15.50765
-16.03	16.19827
-15.46	16.32384
-14.96	17.57952
-14.36	18.64685
-13.76	19.33747
-13.14	20.21645
-12.63	20.78151
-12.11	21.72327
-11.61	22.53945
-11.11	23.16729
-10.59	24.10905
-10.07	24.54855
-9.57	25.17639
-9.06	26.05536
-8.54	26.80877
-8.04	27.87609
-7.54	28.62951
-6.94	29.50848
-6.34	30.38745
-5.73	31.45478
-5.12	32.71047
-4.5	33.58944
-3.9	34.78234
-3.28	35.84967
-2.66	36.97978
-2.16	38.04711
-1.65	39.05165
-1.13	39.9934
-0.61	40.99796
-0.07	41.75136
0.43	42.63034
0.95	43.69767
1.47	44.70221
1.99	45.95789
2.51	46.71129
3.03	47.96697
3.55	48.6576
4.07	49.66214
4.59	50.66669
5.11	51.60845
5.64	52.48743
6.16	53.49197
6.69	53.99424
7.22	55.06157
7.75	55.6894
8.28	56.69395
8.82	57.38458
9.36	58.26355
9.9	58.70304
10.44	59.33088
10.97	60.20986
11.52	60.77491
12.07	61.65388
12.62	62.09337
13.17	62.59566
13.72	63.16071
14.27	63.66298
14.82	64.22803
15.38	64.85587
15.93	65.29536
16.49	65.9232
17.04	66.61382
17.59	67.11609
18.14	67.4928
18.71	67.99507
19.26	68.37177
19.83	68.93684
20.42	69.18797
20.95	69.37632
21.52	69.62745
22.09	69.87859
22.66	70.12973
23.23	70.56922
23.81	70.94592
24.39	71.00871
24.96	71.19706
25.54	71.19706
26.12	71.19706
26.7	71.57376
27.28	71.57376
27.87	71.8249
28.44	71.57376
29.03	71.63654
29.62	71.63654
30.2	71.44819
30.81	71.57376
31.4	71.44819
32	71.38541
32.59	71.38541
33.19	71.00871
33.79	70.56922
34.4	70.50642
35.16	70.31808
35.77	69.94137
36.36	69.69024
36.99	69.50188
37.59	69.06239
38.21	68.30899
38.83	67.99507
39.45	67.43002
39.65	66.17434
39.99	64.73031
39.83	63.22348
39.67	61.90503
39.34	59.14252
38.93	56.25447
38.72	54.99878
38.52	53.24083
38.3	51.73401
37.89	48.78316
37.48	46.20903
37.07	43.38375
36.67	40.68403
36.27	37.79596
35.85	35.47296
35.43	32.64768
35.03	30.26188
34.65	27.87609
34.28	25.42752
34.02	23.66957
33.64	21.28377
33.31	19.83975
32.99	17.83065
32.72	16.51219
32.41	14.69145
32.11	13.12185
31.77	11.17555
31.48	9.480384
31.1	7.785216
30.84	6.403968
30.48	4.771584
30.16	3.201984
29.88	1.695168
29.55	0
29.17	-1.5696
28.8	-3.515904
28.4	-5.33664
27.99	-6.717888
27.59	-8.664192
26.93	-10.61049
26.51	-12.49401
26.08	-13.93805
25.65	-15.696
25.21	-17.20281
24.77	-18.77241
24.33	-20.4048
23.88	-21.78605
23.42	-23.41843
22.74	-25.17639
22.12	-24.29741
21.65	-25.74144
20.93	-27.37383
20.19	-28.81785
19.68	-29.69683
18.93	-30.76416
18.42	-31.392
17.9	-31.83149
17.39	-32.71047
16.85	-33.08717
16.34	-33.52665
15.82	-34.15449
15.3	-34.59399
14.79	-35.41017
14.26	-35.66132
13.75	-36.35193
13.22	-36.60308
12.71	-37.41927
12.18	-37.60761
11.67	-38.42381
11.15	-38.92608
10.62	-39.36557
10.1	-40.05619
9.59	-40.43289
9.08	-41.24908
8.57	-41.56301
8.07	-42.50476
7.55	-43.19539
7.04	-43.38375
6.5	-43.63488
5.81	-45.33004
5.08	-46.39737
4.35	-47.77863
3.85	-48.40647
3.12	-49.41101
2.38	-50.66669
1.65	-51.67123
0.92	-53.11527
0.42	-53.55475
-0.11	-53.99424
-0.83	-55.24992
-1.54	-56.69395
-2.27	-57.76128
-3	-58.95417
-3.5	-59.33088
-4.24	-60.3982
-4.97	-61.84224
-5.47	-62.34451
-6.22	-63.66298
-6.95	-64.54195
-7.45	-65.29536
-8.2	-66.36269
-8.94	-67.43002
-9.45	-67.9323
-10.2	-68.81126
-10.71	-69.50188
-11.22	-70.00416
-11.73	-70.56922
-12.23	-71.13428
-12.74	-71.57376
-13.24	-72.38995
-13.76	-72.51552
-14.28	-73.14336
-14.79	-73.52007
-15.31	-73.89677
-15.82	-74.58739
-16.34	-74.65017
-16.87	-75.21522
-17.37	-75.27802
-17.9	-75.84308
-18.42	-76.03143
-18.93	-76.34534
-19.47	-76.72205
-20	-76.9104
-20.53	-77.34988
-21.03	-77.22432
-21.57	-77.53824
-22.11	-77.66382
-22.64	-77.97774
-23.17	-78.04051
-23.71	-77.97774
-24.23	-78.10329
-24.78	-78.04051
-25.33	-78.41721
-25.86	-78.22887
-26.42	-78.22887
-26.98	-78.22887
-27.52	-77.97774
-28.07	-77.97774
-28.64	-77.78938
-29.2	-77.78938
-29.74	-77.53824
-30.3	-77.53824
-30.86	-77.09875
-31.42	-76.59648
-31.97	-76.34534
-32.54	-76.09421
-33.11	-75.65472
-33.7	-75.40359
-34.27	-74.83852
-34.83	-74.58739
-35.38	-74.1479
-35.94	-73.70841
-36.46	-73.14336
-36.98	-72.82944
-37.51	-72.38995
-38.18	-71.57376
-38.77	-70.75757
-39.3	-70.06695
-39.38	-68.74848
-39.91	-67.74393
-40.44	-67.55557
-40.61	-67.11609
-40.57	-65.9232
-40.36	-64.66752
-40.13	-63.22348
-39.8	-61.52832
-39.46	-59.70758
-39.24	-58.51469
-39	-57.19622
-38.68	-55.50105
-38.33	-53.55475
-38.1	-52.61299
-37.76	-50.79225
-37.52	-49.59936
-37.27	-48.34368
-37.06	-47.088
-36.72	-45.39283
-36.49	-44.26272
-36.12	-42.50476
-35.77	-40.55847
-35.41	-38.92608
-35.03	-37.04256
-34.68	-35.41017
-34.32	-33.77779
-34.06	-32.39655
-33.65	-30.88973
-33.22	-29.0062
-32.79	-27.49939
-32.39	-25.74144
-32.13	-24.29741
-31.72	-22.60224
-31.56	-21.91161
-31.03	-19.52583
-30.75	-18.20736
-30.35	-16.38663
-29.96	-14.44032
-29.55	-12.74515
-29.13	-11.17555
-28.74	-9.292032
-28.33	-7.722432
-27.94	-5.96448
-27.55	-4.332096
-27.01	-2.009088
-26.6	-0.62784
-26.22	1.067328
-25.78	2.323008
-25.34	4.08096
-25.06	5.399424
-24.73	6.717888
-24.38	8.099136
-23.86	9.857086
-23.38	11.42669
-22.9	12.93351
-22.4	13.74969
-21.96	15.50765
-21.45	16.70055
-20.89	16.19827
-20.44	17.57952
-19.91	18.27015
-19.33	19.33747
-18.69	20.15367
-18.06	20.84429
-17.39	21.78605
-16.75	22.35111
-16.1	23.23008
-15.44	24.04627
-14.79	24.73689
-14.12	25.42752
-13.45	26.24371
-12.78	26.87155
-12.13	27.87609
-11.45	28.44115
-10.8	29.06899
-10.17	30.07353
-9.54	30.57581
-8.88	31.392
-8.23	32.39655
-7.58	33.08717
-6.93	33.71501
-6.29	34.65677
-5.64	35.41017
-4.99	36.35193
-4.34	37.04256
-3.67	37.98432
-3.01	38.92608
-2.33	39.80506
-1.66	40.62125
-0.98	41.56301
-0.3	42.3792
0.39	43.25817
1.06	44.26272
1.74	45.1417
2.41	46.14624
3.09	47.02521
3.76	47.71584
4.45	48.59481
5.12	49.41101
5.8	50.10163
6.48	51.16896
7.17	51.60845
7.86	52.42464
8.54	53.3664
9.24	53.93145
9.93	54.43373
10.63	55.24992
11.32	55.62663
12.02	56.38004
12.72	56.94509
13.43	57.57293
14.13	58.20076
14.82	58.51469
15.55	59.07975
16.24	59.58201
16.95	60.14707
17.64	60.64935
18.35	61.27719
19.07	61.52832
19.79	62.09337
20.5	62.34451
21.21	62.59566
21.93	63.16071
22.65	63.41184
23.37	63.47463
24.09	64.03967
24.84	64.03967
25.56	64.22803
26.28	64.47916
27.03	64.47916
27.77	64.73031
28.5	64.47916
29.24	64.54195
29.96	64.73031
30.46	64.3536
30.97	64.54195
31.47	64.3536
32.25	64.47916
32.75	64.10246
33.25	64.03967
33.99	63.78854
34.51	63.78854
35.02	63.16071
35.76	63.03513
36.3	62.53286
36.81	62.34451
37.31	62.15616
37.83	61.90503
38.33	61.52832
38.86	61.2144
39.61	60.64935
40.12	60.20986
40.67	60.0215
41.18	59.39367
41.69	59.26809
42.2	58.45191
42.72	58.26355
43.24	57.63571
43.89	56.81952
44.39	56.12889
44.91	55.75219
45.46	55.18714
45.97	54.43373
46.53	53.30361
47	50.79225
47.56	50.10163
48.11	49.4738
48.64	49.03431
49.19	48.78316
49.72	48.15533
50.25	47.65306
50.78	47.088
51.32	46.64851
51.87	46.2718
52.42	45.64397
52.94	45.1417
53.52	44.51385
54.04	43.82323
54.58	43.44653
55.13	42.94425
55.66	42.31642
56.23	41.93972
56.76	41.50023
57.3	40.68403
57.8	39.9934
58.31	39.11444
58.83	38.86329
59.35	38.23545
59.67	36.79142
60.2	36.97978
60.72	36.72864
60.92	35.53575
60.65	33.52665
60.39	31.58035
60.15	29.38291
59.92	27.75052
59.63	25.74144
59.32	23.41843
59.1	21.9744
58.86	21.09543
58.54	19.33747
58.32	17.57952
57.99	16.13549
57.72	14.18919
57.46	12.61959
56.97	10.04544
56.72	8.538624
56.46	6.717888
56.07	4.959936
55.74	3.076416
55.46	1.506816
55.12	-0.251136
54.77	-2.19744
54.43	-4.143744
54.07	-5.838912
53.69	-7.785216
53.32	-9.668736
52.94	-11.55225
52.57	-13.18464
52.16	-15.00537
51.76	-16.82611
51.35	-18.52128
50.93	-20.27923
50.53	-21.78605
50.1	-23.23008
49.66	-24.73689
49.25	-26.49484
48.62	-28.81785
48.19	-30.13632
47.54	-32.27098
47.14	-33.90336
46.69	-35.47296
46.27	-36.72864
45.58	-38.67495
45.15	-40.18176
44.47	-42.06528
43.81	-43.88601
43.11	-45.39283
42.45	-47.02521
41.77	-48.53204
41.12	-48.97152
40.41	-48.09255
39.69	-49.15987
39.19	-49.8505
38.69	-50.2272
37.94	-50.91783
37.42	-51.10617
36.66	-51.60845
36.15	-51.60845
35.63	-52.1735
35.11	-52.1735
34.59	-52.48743
34.06	-52.48743
33.52	-52.73856
33	-53.05248
32.47	-53.05248
31.94	-53.30361
31.4	-53.30361
30.88	-53.3664
30.33	-53.30361
29.8	-53.49197
29.28	-53.68032
28.73	-53.68032
28.19	-53.80589
27.66	-53.55475
27.12	-53.93145
26.59	-53.68032
26.05	-53.93145
25.51	-53.93145
24.96	-53.80589
24.44	-54.18259
23.91	-53.80589
23.38	-54.11981
22.83	-54.11981
22.3	-54.11981
21.76	-54.11981
21.23	-54.11981
20.7	-54.18259
20.17	-54.37095
19.63	-54.43373
19.11	-54.37095
18.57	-54.37095
18.04	-54.43373
17.51	-54.43373
16.99	-54.74765
16.46	-54.55929
15.94	-54.74765
15.42	-54.87322
14.9	-54.99878
14.37	-55.31271
13.84	-55.24992
13.34	-55.62663
12.82	-55.62663
12.31	-55.94055
11.78	-56.06611
11.27	-56.38004
10.76	-56.69395
10.25	-56.75673
9.74	-57.19622
9.23	-57.19622
8.73	-57.76128
8.22	-57.88684
7.72	-58.20076
7.21	-58.51469
6.7	-58.70304
5.95	-59.51923
5.45	-59.70758
4.95	-60.20986
4.2	-60.58656
3.69	-61.02605
2.96	-61.46553
2.45	-61.90503
1.95	-62.09337
1.21	-62.59566
0.71	-62.90956
0.21	-63.41184
-0.54	-64.03967
-1.28	-64.41638
-1.79	-64.73031
-2.29	-65.29536
-2.8	-65.10701
-3.31	-65.60928
-3.82	-65.73485
-4.33	-66.04877
-5.06	-66.42547
-5.58	-66.86496
-6.08	-67.05331
-6.83	-67.74393
-7.59	-68.18343
-8.11	-68.18343
-8.62	-68.37177
-9.13	-68.74848
-9.64	-68.99962
-10.14	-69.18797
-10.66	-69.25076
-11.16	-69.50188
-11.69	-69.8158
-12.2	-69.69024
-12.72	-70.06695
-13.24	-70.06695
-13.75	-70.2553
-14.28	-70.31808
-14.8	-70.44365
-15.31	-70.56922
-15.85	-70.44365
-16.37	-70.31808
-16.89	-70.31808
-17.41	-70.44365
-17.96	-70.2553
-18.48	-70.12973
-19.01	-70.12973
-19.55	-69.8158
-20.08	-69.87859
-20.62	-69.50188
-21.16	-69.25076
-21.71	-69.25076
-22.25	-68.81126
-22.79	-68.74848
-23.33	-68.12064
-23.9	-67.74393
-24.45	-67.30444
-25	-66.86496
-25.54	-66.67661
-26.09	-66.17434
-26.65	-65.9232
-27.22	-65.10701
-27.77	-64.91865
-28.33	-64.41638
-28.9	-63.66298
-29.46	-63.41184
-30	-62.72121
-30.56	-62.34451
-31.11	-61.52832
-31.69	-60.90048
-32.27	-60.46099
-32.86	-59.70758
-33.39	-59.33088
-34	-58.45191
-34.56	-58.01241
-35.13	-57.19622
-35.67	-56.75673
-36.24	-55.87776
-36.83	-55.24992
-37.41	-54.62208
-37.97	-53.93145
-38.52	-53.3664
-39.1	-52.67578
-39.66	-51.85959
-40.23	-51.16896
-40.81	-50.35276
-41.36	-49.91328
-41.93	-48.97152
-42.49	-48.21811
-43.06	-47.52748
-43.62	-46.83686
-44.21	-46.20903
-44.79	-45.20448
-45.34	-44.63942
-45.91	-43.82323
-46.48	-43.25817
-47	-42.50476
-47.52	-41.75136
-48.08	-40.99796
-48.64	-40.05619
-49.19	-39.55392
-49.86	-38.42381
-50.56	-37.54483
-51.07	-37.04256
-51.68	-36.35193
-56.67	-32.83603
-61.08	-29.19456
-61.6	-28.62951
-62.04	-27.37383
-62.05	-27.56217
-61.87	-26.05536
-61.61	-24.73689
-61.33	-23.60679
-60.81	-20.78151
-60.57	-19.40025
-60.3	-18.27015
-60.02	-17.01447
-59.75	-16.07271
-59.47	-14.81703
-58.91	-12.61959
-58.62	-11.42669
-58.03	-9.480384
-57.48	-7.157376
-57.19	-5.96448
-56.93	-4.771584
-56.43	-2.574144
-56.16	-1.25568
-55.89	0
-55.46	1.88352
-55.12	3.641472
-54.7	5.587776
-54.26	7.53408
-53.8	10.17101
-53.3	11.80339
-52.88	13.74969
-52.46	14.87981
-52.16	16.70055
-51.71	19.08633
-51.31	20.84429
-51.06	21.91161
-50.52	23.79513
-49.99	25.42752
-49.45	27.31104
-48.91	28.62951
-48.35	30.51303
-47.82	32.01984
-47.22	33.71501
-46.61	35.47296
-46	37.04256
-45.34	38.92608
-44.71	40.05619
-44.02	41.87693
-43.33	42.94425
-42.61	43.63488
-41.86	44.63942
-41.09	44.70221
-40.34	45.5184
-39.59	45.76953
-38.82	45.83232
-38.04	46.46016
-37.27	46.2718
-36.49	46.89965
-35.68	46.83686
-34.91	46.83686
-34.11	47.15078
-33.34	46.83686
-32.56	46.83686
-31.77	46.83686
-30.97	46.83686
-30.2	46.83686
-29.39	46.64851
-28.62	46.71129
-27.81	46.71129
-27.01	46.64851
-26.21	46.64851
-25.42	46.71129
-24.62	46.02068
-24.08	46.02068
-23.28	46.20903
-22.48	46.20903
-21.7	46.20903
-20.91	45.83232
-20.11	46.02068
-19.31	46.20903
-18.53	45.76953
-17.73	46.14624
-16.95	45.83232
-16.16	45.83232
-15.37	46.2718
-14.58	45.95789
-13.79	46.02068
-12.99	45.95789
-12.22	46.14624
-11.4	45.95789
-10.6	46.14624
-9.82	45.95789
-9.03	46.02068
-8.24	46.46016
-7.45	46.14624
-6.67	46.2718
-5.89	46.46016
-5.08	46.14624
-4.3	46.46016
-3.46	46.46016
-2.72	46.20903
-1.95	46.39737
-1.18	46.58573
-0.4	46.2718
0.37	46.2718
1.15	46.58573
1.93	46.46016
2.7	46.39737
3.48	46.64851
4.25	46.58573
5.03	46.46016
5.8	46.39737
6.57	46.58573
7.35	46.39737
8.12	46.39737
8.89	46.2718
9.65	46.39737
10.43	46.2718
11.21	46.2718
11.98	46.2718
12.75	46.2718
13.52	46.02068
14.29	45.83232
15.07	46.20903
15.84	45.76953
16.63	45.95789
17.4	45.5184
18.17	45.33004
18.91	45.58119
19.65	45.07891
20.43	45.07891
21.21	45.07891
21.99	44.89056
22.76	44.70221
23.55	44.51385
24.34	44.13715
25.12	43.88601
25.92	44.01159
26.7	43.44653
27.54	41.87693
28.33	41.75136
29.14	41.24908
29.83	40.99796
30.41	40.05619
31.22	39.74227
32.02	39.30278
32.84	38.73773
33.63	38.23545
34.44	38.04711
35.28	37.04256
36.09	36.28915
36.94	35.47296
37.48	32.64768
38.3	32.39655
39.11	31.95706
39.91	31.01529
40.74	30.70137
41.56	29.88519
42.22	29.06899
42.49	27.75052
42.56	-0.690624
