Galeota 1996 Specimen CB4	
3108	
0	0
0.07	1.381248
0.13	2.636928
0.23	4.206528
0.28	5.524992
0.38	6.90624
0.48	8.915328
0.58	10.35936
0.65	11.67782
0.73	12.87072
0.82	14.5031
0.91	16.19827
1	17.76787
1.09	19.58861
1.2	21.03264
1.27	22.16275
1.36	23.73235
1.45	25.1136
1.54	26.6832
1.64	28.2528
1.74	29.69683
1.83	31.26643
1.92	32.71046
1.98	34.02893
2.09	35.59853
2.2	37.60762
2.29	38.8633
2.38	40.37011
2.47	41.81414
2.55	43.13261
2.64	44.51385
2.73	46.14624
2.82	47.52749
2.91	49.09709
3.01	50.66669
3.1	52.23629
3.19	53.49197
3.3	55.06157
3.4	56.63117
3.48	58.20077
3.58	59.6448
3.68	61.2144
3.78	62.59565
3.88	64.16525
3.98	65.60928
4.07	67.1161
4.17	68.30899
4.28	69.69024
4.36	71.07149
4.47	72.51552
4.59	74.5246
4.73	76.21977
4.82	77.66381
4.93	78.98227
5.03	80.36352
5.13	81.74477
5.25	82.93766
5.36	84.31891
5.52	86.20243
5.64	87.5209
5.74	88.71379
6.02	90.09504
6.15	91.47629
6.32	93.23424
6.43	94.61549
6.59	96.31065
6.75	98.06861
6.93	99.82656
7.11	101.4589
7.28	103.0285
7.45	104.9748
7.61	106.4817
7.78	107.9257
7.96	109.5581
8.15	110.9393
8.32	112.5089
8.49	114.0785
8.67	115.8365
8.84	117.2177
9.01	118.6618
9.2	120.4197
9.37	121.801
9.55	122.9939
9.72	124.7518
9.91	126.1331
10.09	127.5771
10.26	129.0839
10.51	130.8419
10.74	132.4742
11	134.0438
11.23	135.6134
11.41	136.8691
11.74	138.6271
11.98	140.1967
12.21	141.9546
12.46	143.587
12.7	145.1566
12.95	146.9146
13.17	148.2958
13.41	150.1165
13.67	151.6861
13.89	153.2557
14.21	154.8881
14.46	156.2066
14.7	157.6506
15.02	158.9691
15.6	151.8745
15.86	148.4842
16.12	150.2421
16.4	151.5606
16.63	153.0674
16.96	154.637
17.26	156.2066
17.56	157.6506
17.86	158.9691
18.21	160.4131
18.7	161.7316
18.73	158.0901
18.86	156.5833
18.87	155.2648
18.79	153.0674
18.66	151.2467
18.46	149.3631
18.27	147.2913
18.13	145.91
17.93	144.0265
17.8	142.5825
17.67	141.3896
17.56	140.0083
17.43	138.5643
17.28	137.183
17.15	136.0529
17.03	134.7972
16.9	133.416
16.76	131.9092
16.56	130.4651
16.43	128.9583
16.3	127.5143
16.16	126.1958
15.96	124.5007
15.85	123.3078
15.71	121.801
15.57	120.4197
15.4	118.7873
15.25	117.4061
15.13	115.8365
14.9	114.0785
14.71	112.1322
14.58	110.9393
14.39	108.9302
14.19	106.9839
13.99	105.1632
13.8	103.2169
13.67	102.024
13.48	100.1405
13.35	98.94759
13.21	97.56634
13.03	95.80839
12.88	94.30157
12.69	92.6064
12.54	91.28793
12.36	89.34163
12.15	87.26976
11.98	85.88851
11.84	84.57005
11.65	82.62374
11.5	81.05415
11.31	79.23341
11.11	77.66381
10.98	76.40813
10.78	74.65018
10.6	72.51552
10.43	70.69479
10.19	68.87405
10.01	67.1161
9.87	65.9232
9.67	64.10246
9.55	62.90957
9.42	61.5911
9.23	59.6448
9.03	57.76128
8.83	56.19168
8.64	54.24538
8.46	52.48742
8.28	50.72947
8.07	48.90874
7.88	47.15078
7.69	45.33005
7.59	44.01159
7.4	42.31642
7.27	40.93517
7.08	39.36557
6.96	38.0471
6.79	36.41472
6.63	34.71955
6.44	32.89882
6.28	31.26643
6.17	30.26189
6	28.37837
5.85	27.12269
5.7	25.55309
5.56	23.79514
5.4	22.41389
5.24	20.65594
5.11	18.96077
4.98	17.83066
4.83	16.38662
4.7	15.00538
4.56	13.81248
4.44	12.68237
4.3	11.11277
4.17	9.857088
4.04	8.350272
3.86	6.59232
3.7	5.211072
3.55	3.578688
3.39	2.385792
3.22	0.753408
3.08	-0.439488
2.95	-2.385792
2.84	-3.892608
2.72	-5.148288
2.58	-6.59232
2.44	-8.16192
2.31	-9.668736
2.17	-11.04998
2.03	-12.80794
1.91	-14.25197
1.79	-15.82157
1.63	-17.45395
1.52	-18.8352
1.37	-20.34202
1.25	-22.03718
1.09	-23.73235
0.97	-25.36474
0.84	-26.93434
0.69	-28.56672
0.55	-30.07354
0.4	-31.51757
0.27	-33.27552
0.13	-34.59398
-0.15	-36.16359
-0.28	-37.98432
-0.39	-39.42835
-0.55	-41.12352
-0.7	-42.50477
-0.85	-44.13715
-1.01	-45.58118
-1.14	-47.088
-1.29	-48.46925
-1.42	-50.2272
-1.58	-51.67123
-1.73	-53.11526
-1.85	-54.81043
-2.01	-56.25446
-2.16	-57.82406
-2.38	-59.45645
-2.53	-60.58656
-2.66	-62.15616
-2.8	-63.53741
-2.94	-64.91866
-3.09	-66.17434
-3.25	-67.74393
-3.37	-69.31354
-3.52	-70.94592
-3.68	-72.45274
-3.84	-73.70842
-4.07	-75.59193
-4.28	-77.03596
-4.44	-78.41721
-4.59	-79.92403
-4.73	-81.43085
-4.94	-83.1888
-5.09	-84.50726
-5.24	-85.95129
-5.46	-87.45811
-5.61	-89.09049
-5.77	-90.22061
-5.93	-91.66464
-6.06	-93.23424
-6.27	-94.80384
-6.43	-96.18509
-6.64	-97.94304
-6.8	-99.19872
-6.96	-100.58
-7.1	-101.7729
-7.34	-103.3425
-7.52	-104.7237
-7.67	-105.791
-7.89	-107.3606
-8.11	-108.7419
-8.27	-110.1231
-8.52	-111.8183
-8.73	-113.074
-8.95	-114.6436
-9.17	-115.9621
-9.42	-117.5944
-9.66	-118.8501
-9.86	-120.3569
-10.13	-121.5498
-10.35	-122.9939
-10.61	-124.3123
-10.85	-125.7564
-11.17	-127.0748
-11.67	-128.0794
-11.89	-129.5234
-12.14	-130.8419
-12.36	-132.4115
-12.66	-133.8555
-12.91	-135.174
-13.23	-136.4296
-13.6	-138.1876
-13.9	-139.6316
-14.16	-141.0129
-14.67	-141.5779
-14.9	-142.9592
-15.13	-144.2776
-15.45	-145.5961
-15.77	-146.9146
-16.09	-148.2958
-16.4	-149.6771
-16.77	-150.9327
-17.11	-152.4395
-17.4	-153.6324
-17.72	-154.8253
-18.11	-156.2066
-18.43	-157.7762
-18.95	-157.2739
-19.37	-158.6552
-19.95	-159.5969
-20.16	-157.839
-20.57	-159.3458
-20.95	-160.6015
-21.36	-161.7944
-21.79	-163.3012
-22.14	-161.7944
-22.69	-163.1128
-23.07	-164.5569
-23.46	-165.8753
-23.91	-167.0682
-24.41	-168.4495
-24.91	-169.6424
-25.47	-169.1401
-25.99	-170.5213
-26.52	-171.8398
-27.04	-172.656
-27.58	-173.9117
-28.11	-175.0418
-28.63	-174.0372
-29.18	-175.0418
-29.71	-176.0463
-30.21	-176.8625
-30.46	-175.1046
-30.97	-175.6696
-31.47	-175.9836
-31.97	-175.9836
-32.54	-174.414
-33.1	-173.9117
-33.63	-173.5978
-34.18	-173.2211
-34.74	-171.4631
-35.37	-171.0864
-35.56	-169.6424
-35.65	-168.2611
-35.51	-166.6915
-35.34	-165.1219
-35.18	-163.7407
-35.02	-162.2339
-34.84	-160.727
-34.69	-159.5969
-34.52	-158.0273
-34.37	-156.6461
-34.15	-155.0765
-33.97	-153.5069
-33.79	-152.2512
-33.58	-150.4933
-33.35	-148.9236
-33.17	-147.354
-32.92	-145.91
-32.71	-144.1521
-32.54	-142.8964
-32.31	-141.3268
-32.13	-139.82
-31.97	-138.7526
-31.72	-137.183
-31.54	-135.6762
-31.37	-134.4833
-31.14	-132.7254
-30.92	-131.4069
-30.68	-129.649
-30.51	-128.2677
-30.28	-126.7609
-30.04	-124.8774
-29.81	-123.4961
-29.58	-121.9893
-29.4	-120.4197
-29.16	-119.0385
-28.93	-117.4689
-28.75	-115.9621
-28.57	-114.7064
-28.36	-113.2623
-28.11	-111.8183
-27.9	-110.2487
-27.71	-108.7419
-27.49	-107.1723
-27.25	-105.7283
-27.08	-104.4098
-26.91	-102.903
-26.66	-101.5845
-26.44	-100.3288
-26.27	-98.75923
-26.03	-97.37798
-25.8	-95.87117
-25.56	-94.11321
-25.34	-92.79475
-25.09	-91.28793
-24.88	-89.65556
-24.64	-88.08595
-24.41	-86.51635
-24.17	-85.1351
-23.93	-83.50272
-23.7	-81.9959
-23.47	-80.17517
-23.23	-78.66835
-23	-77.16154
-22.76	-75.78029
-22.59	-74.39904
-22.3	-73.01779
-22.06	-71.44819
-21.83	-69.87859
-21.59	-68.49734
-21.36	-67.05331
-21.09	-65.79763
-20.85	-64.60474
-20.6	-63.16071
-20.29	-61.71667
-19.99	-60.0215
-19.66	-58.38912
-19.35	-56.81952
-19.03	-55.18714
-18.79	-53.80589
-18.46	-52.23629
-18.22	-50.91782
-17.95	-49.53658
-17.64	-47.77863
-17.34	-46.27181
-17.07	-45.07891
-16.84	-43.76045
-16.61	-42.12806
-16.37	-40.55846
-16.15	-38.98886
-15.92	-37.6704
-15.69	-36.28915
-15.47	-34.84512
-15.25	-33.27552
-15.02	-32.08262
-14.79	-30.51302
-14.56	-29.06899
-14.39	-27.75053
-14.16	-26.49485
-13.93	-24.98803
-13.7	-23.35565
-13.47	-21.72326
-13.25	-20.34202
-13.03	-18.77242
-12.78	-17.39117
-12.57	-15.88435
-12.34	-14.44032
-12.11	-12.87072
-11.88	-11.48947
-11.66	-10.04544
-11.44	-8.538624
-11.27	-7.282944
-11.05	-5.96448
-10.84	-4.583232
-10.61	-2.950848
-10.45	-1.632384
-10.21	-0.251136
-9.99	1.130112
-9.78	2.448576
-9.54	3.704256
-9.26	5.148288
-9.07	6.529536
-8.89	7.910784
-8.69	9.354816
-8.47	10.67328
-8.24	12.30566
-7.99	13.81248
-7.81	15.00538
-7.52	16.19827
-7.27	17.2656
-6.85	18.8352
-6.66	20.15366
-6.46	21.40934
-6.29	22.91616
-6.1	24.17184
-5.88	25.74144
-5.64	27.12269
-5.43	28.31558
-5.22	29.69683
-4.95	30.95251
-4.74	32.52211
-4.46	34.02893
-4.25	35.47296
-3.98	36.97977
-3.76	38.17267
-3.34	39.6167
-3.17	40.93517
-2.97	42.3792
-2.71	44.13715
-2.51	45.39283
-2.31	46.58573
-2.13	48.09254
-1.92	49.53658
-1.64	51.29453
-1.39	52.92691
-1.17	54.43373
-0.9	55.81498
-0.71	57.19622
-0.5	58.82861
-0.05	60.33542
0.15	62.15616
0.34	63.60019
0.54	65.10701
0.8	66.92774
1.07	68.74848
1.28	70.06694
1.47	71.51098
1.67	73.20615
1.95	74.65018
2.15	76.09421
2.34	77.60102
2.55	79.04506
2.75	80.17517
2.95	81.55642
3.34	83.1888
3.54	84.88396
3.74	86.13965
3.93	87.70925
4.13	89.27885
4.33	90.47174
4.54	91.85299
4.75	93.23424
4.95	94.80384
5.16	95.99673
5.43	97.62912
5.69	99.44986
6.14	101.3334
6.34	102.7146
6.54	104.1587
6.74	105.4771
6.94	106.8584
7.2	108.4908
7.49	110.1231
7.76	111.8811
8.02	113.4507
8.48	115.0831
8.68	116.2132
8.87	117.6572
9.07	118.8501
9.27	120.2314
9.55	121.7382
9.82	123.1822
10.1	124.7518
10.61	126.2586
10.87	128.0794
11.16	129.8373
11.43	131.2813
11.68	132.5998
11.95	133.981
12.26	135.2995
12.52	136.8691
13.03	138.4387
13.31	139.82
13.55	141.3268
13.91	143.022
14.26	144.2776
14.53	145.7217
15.08	146.6634
15.33	148.0447
15.59	149.5515
15.86	150.6816
16.23	152.2512
16.56	153.5069
16.99	155.0137
17.52	155.5788
17.8	157.2111
18.22	158.6552
18.64	160.2248
19.19	161.041
19.73	161.4177
20.15	162.9873
20.69	164.5569
21.01	165.1219
21.07	165.3103
21.62	165.1847
22.13	166.5659
22.66	167.8844
23.16	168.7634
23.73	168.5123
24.25	169.3284
24.76	170.2702
25.3	169.8307
25.82	170.7097
26.35	171.5259
26.93	170.4586
27.45	171.3375
28.03	171.9026
28.55	172.2793
29.08	171.3375
29.63	172.0282
30.14	172.0282
30.69	170.8353
31.27	171.212
31.79	171.212
32.32	170.7097
32.72	169.5168
33.25	169.8307
33.79	169.6424
34.29	168.3239
34.84	168.3239
35.39	168.3239
35.95	168.3239
36.08	166.6915
36.64	166.8799
37.2	166.8799
37.44	165.7498
37.43	166.1893
37.29	164.3685
37.07	162.2966
36.91	160.727
36.75	159.2202
36.61	157.839
36.38	155.8299
36.23	154.637
36.06	153.0046
35.91	151.8117
35.73	150.2421
35.57	148.9236
35.42	147.354
35.23	145.9728
35.09	144.7171
34.92	143.1475
34.76	141.8291
34.58	140.385
34.41	138.941
34.24	137.6225
34.08	136.1785
33.85	134.1066
33.69	132.6626
33.43	130.5279
33.26	129.1467
33.09	127.891
32.93	126.5098
32.77	125.1285
32.61	123.8101
32.44	122.1149
32.29	120.9848
32.13	119.5407
31.94	118.2223
31.69	116.2132
31.5	114.8319
31.35	113.3879
31.13	111.4416
30.86	109.3069
30.68	108.114
30.52	106.67
30.35	105.2888
30.19	103.9703
29.95	102.024
29.78	100.6428
29.6	99.26151
29.37	97.44077
29.18	96.05952
28.94	94.11321
28.69	92.10413
28.52	90.91123
28.28	88.90215
28.08	87.58368
27.86	85.70016
27.67	84.3817
27.44	82.56096
27.26	81.17971
26.99	79.35898
26.76	77.60102
26.49	75.84307
26.24	73.89677
25.99	72.01324
25.76	70.25529
25.49	68.56013
25.35	67.17888
25.08	65.48371
24.81	63.72576
24.57	62.03059
24.31	60.20985
24.07	58.57747
23.82	56.81952
23.56	55.18714
23.3	53.30362
23.06	51.67123
22.8	50.10163
22.54	48.46925
22.29	46.77408
22.05	45.20448
21.79	43.5721
21.54	41.93971
21.31	40.4329
21.06	39.05165
20.83	37.41927
20.56	35.84966
20.25	34.21728
20.03	32.83603
19.72	30.88973
19.42	29.13178
19.11	27.49939
18.85	25.80422
18.57	23.98349
18.3	22.72781
18.09	21.53491
17.78	20.0281
17.47	18.96077
17.08	17.2656
16.75	15.82157
16.45	14.44032
16.11	13.05907
15.79	11.74061
15.49	10.29658
15.19	8.726976
14.85	7.094592
14.55	5.901696
14.19	4.39488
13.71	2.82528
13.5	1.444032
13.24	0.062784
12.97	-1.632384
12.68	-3.013632
12.48	-4.39488
12.16	-5.901696
11.87	-7.345728
11.54	-8.915328
11.24	-10.42214
10.94	-11.92896
10.63	-13.49856
10.32	-15.00538
10.06	-16.38662
9.75	-17.83066
9.43	-19.52582
9.12	-21.15821
8.78	-22.60224
8.45	-24.17184
8.1	-25.92979
7.79	-27.12269
7.52	-28.31558
7.19	-29.63405
6.86	-31.26643
6.52	-32.71046
6.18	-34.09171
5.85	-35.47296
5.49	-36.85421
5.14	-38.42381
4.79	-39.80506
4.42	-41.43744
4.1	-42.69312
3.74	-44.01159
3.36	-45.33005
3.01	-46.7113
2.68	-48.34368
2.34	-50.03885
2.01	-51.4201
1.65	-52.80135
1.33	-54.24538
0.97	-55.56384
0.62	-57.00787
0.29	-58.57747
-0.03	-59.77037
-0.39	-61.40275
-0.7	-62.97235
-1.05	-64.54195
-1.39	-65.98598
-1.72	-67.55559
-1.96	-68.74848
-2.3	-70.44365
-2.64	-72.01324
-2.96	-73.45728
-3.21	-74.65018
-3.53	-76.28256
-3.86	-77.66381
-4.11	-79.17062
-4.44	-80.55187
-4.78	-82.30982
-5.11	-83.75385
-5.33	-85.07232
-5.67	-86.57914
-5.99	-87.96038
-6.34	-89.71834
-6.66	-91.0368
-6.99	-92.79475
-7.32	-93.98765
-7.64	-95.68282
-7.99	-97.18963
-8.23	-98.38253
-8.56	-99.76378
-8.89	-101.2078
-9.21	-102.903
-9.55	-104.1587
-9.88	-105.7283
-10.23	-107.1095
-10.55	-108.4908
-10.88	-109.872
-11.22	-111.5044
-11.65	-113.1996
-11.98	-114.5808
-12.31	-115.8365
-12.75	-117.5944
-13.09	-118.9757
-13.44	-119.9802
-13.77	-121.4243
-14.2	-122.9939
-14.62	-124.689
-15.05	-126.3214
-15.49	-127.7027
-15.81	-129.0211
-16.27	-130.4024
-16.62	-131.7208
-17.04	-132.9765
-17.49	-134.4205
-17.92	-136.0529
-18.46	-137.4342
-18.88	-138.941
-19.33	-140.3222
-19.87	-141.8918
-20.31	-143.1475
-20.85	-144.7171
-21.4	-145.91
-21.94	-147.2913
-22.5	-148.6725
-23.03	-150.1165
-23.59	-151.435
-24.14	-152.6907
-24.68	-153.8836
-25.23	-155.0765
-25.79	-156.4577
-26.37	-157.5878
-26.93	-158.5924
-27.37	-155.7671
-27.89	-156.8344
-28.36	-158.1529
-28.8	-159.7225
-29.44	-159.3458
-30.02	-160.6015
-30.56	-161.9827
-31.11	-163.3012
-31.7	-162.485
-32.27	-163.5523
-32.81	-164.7452
-33.39	-165.687
-33.98	-164.7452
-34.56	-165.9381
-35.15	-166.5032
-35.65	-167.2566
-36	-165.4358
-36.57	-165.8753
-37.09	-166.6287
-37.6	-166.9427
-38.15	-165.3103
-38.71	-165.3103
-39.24	-165.5614
-39.78	-165.7498
-40.15	-163.8662
-40.71	-163.6779
-41.26	-163.7407
-41.8	-163.8662
-42.18	-162.2966
-42.77	-161.606
-43.33	-161.606
-43.89	-161.7316
-44.4	-159.9736
-45.01	-159.0319
-45.57	-159.3458
-46.13	-159.1574
-46.4	-157.5251
-46.96	-157.0228
-47.54	-157.0228
-48.28	-156.8344
-48.5	-154.7626
-49	-154.4486
-49.58	-154.5742
-50.32	-152.4395
-50.93	-152.0001
-51.51	-152.0001
-52.26	-149.8654
-52.85	-149.6771
-53.42	-149.4259
-53.93	-149.4259
-54.21	-147.7308
-54.79	-146.9146
-55.37	-146.9146
-56.14	-144.9683
-56.74	-144.466
-57.31	-144.5288
-57.82	-144.2776
-58.1	-142.5197
-58.68	-142.143
-59.26	-141.8918
-59.86	-141.7663
-60.18	-140.1339
-60.78	-139.506
-61.36	-139.3177
-62.1	-137.6225
-62.6	-137.3714
-63.19	-137.183
-63.79	-136.9947
-64.18	-135.6134
-64.77	-134.6089
-65.36	-134.6717
-66.01	-133.0393
-66.56	-132.4742
-67.19	-132.5998
-67.73	-131.2813
-68.28	-130.4024
-68.9	-130.5907
-69.47	-130.4024
-69.77	-128.6444
-70.35	-128.0794
-70.87	-128.1422
-71.62	-126.6353
-72.2	-125.8819
-72.79	-125.9447
-73.32	-124.5635
-73.92	-124.124
-74.46	-124.2495
-75.31	-122.5544
-75.83	-121.7382
-75.94	-120.7964
-75.95	-118.9129
-75.93	-117.2177
-75.7	-115.397
-75.51	-113.8274
-75.28	-112.2578
-75.04	-110.4998
-74.83	-108.9302
-74.64	-107.4862
-74.43	-105.9166
-74.25	-104.347
-74.01	-102.903
-73.81	-101.3962
-73.57	-99.76378
-73.37	-98.44531
-73.16	-97.12685
-72.95	-95.80839
-72.69	-94.5527
-72.47	-92.9831
-72.27	-91.66464
-72.04	-90.28339
-71.82	-88.90215
-71.59	-87.64646
-71.4	-86.26521
-71.17	-84.94675
-70.93	-83.75385
-70.72	-82.18426
-70.49	-80.92857
-70.27	-79.61012
-70.07	-78.35443
-69.85	-76.97318
-69.62	-75.84307
-69.39	-74.39904
-69.19	-73.08057
-68.95	-71.8249
-68.72	-70.50643
-68.5	-69.12518
-68.28	-67.93229
-68.03	-66.7394
-67.81	-65.48371
-67.62	-64.16525
-67.39	-62.784
-67.17	-61.71667
-66.93	-60.39821
-66.73	-59.14253
-66.48	-57.94963
-66.25	-56.63117
-66.04	-55.43827
-65.81	-54.24538
-65.5	-52.61299
-65.24	-51.4201
-64.89	-49.66214
-64.53	-48.02976
-64.17	-46.46016
-63.77	-44.89056
-63.43	-43.19539
-63.07	-41.56301
-62.72	-40.11898
-62.35	-38.36102
-61.99	-37.04256
-61.59	-35.47296
-61.25	-33.84058
-60.88	-32.27098
-60.52	-30.82694
-60.15	-29.32013
-59.79	-27.68774
-59.55	-26.55763
-59.32	-25.30195
-59.11	-24.17184
-58.88	-22.91616
-58.67	-21.72326
-58.44	-20.4048
-58.09	-18.64685
-57.76	-16.82611
-57.39	-15.06816
-57.05	-13.31021
-56.82	-12.11731
-56.49	-10.6105
-56.23	-9.292032
-55.88	-7.722432
-55.54	-5.96448
-55.18	-4.39488
-54.95	-3.1392
-54.6	-1.632384
-54.27	0.062784
-53.9	1.444032
-53.59	2.950848
-53.17	4.206528
-52.93	5.399424
-52.62	7.094592
-52.26	8.47584
-51.94	10.10822
-51.6	11.48947
-51.28	13.05907
-50.88	14.69146
-50.54	15.82157
-50.19	16.8889
-49.94	18.20736
-49.64	19.46304
-49.41	20.7815
-49.11	21.9744
-48.65	23.60678
-48.33	25.1136
-47.99	26.3065
-47.65	27.37382
-47.29	28.75507
-46.95	30.13632
-46.58	31.45478
-46.23	32.52211
-45.88	34.09171
-45.52	35.28461
-45.17	36.60307
-44.65	36.41472
-44.26	37.98432
-43.91	39.55392
-43.29	40.37011
-42.89	41.81414
-42.34	42.3792
-41.99	43.82323
-41.56	45.33005
-41.02	45.58118
-40.65	47.088
-40.23	48.53203
-39.8	49.85049
-39.3	50.03885
-38.86	51.48288
-38.36	51.67123
-37.92	52.86413
-37.48	54.30816
-36.97	54.24538
-36.51	55.62663
-36.06	56.88231
-35.54	56.88231
-35.1	58.26355
-34.58	58.38912
-34.13	59.58202
-33.51	61.15162
-32.97	61.15162
-32.36	62.72121
-31.84	62.53286
-31.21	64.29082
-30.68	64.10246
-30.07	65.54649
-29.53	65.54649
-28.91	66.99052
-28.37	66.92774
-27.76	68.49734
-27.23	68.37177
-26.6	69.75302
-25.92	69.87859
-25.44	71.07149
-24.74	71.44819
-24.13	72.82944
-23.59	72.70387
-22.97	74.27348
-22.28	74.58739
-21.64	75.90585
-21.12	75.90585
-20.5	77.47546
-19.98	77.47546
-19.35	78.79392
-18.66	79.04506
-18.2	80.36352
-17.52	80.61465
-16.89	82.18426
-16.35	82.30982
-15.75	83.94221
-15.08	84.19334
-14.46	85.95129
-13.94	85.88851
-13.32	87.5209
-12.81	88.71379
-12.2	89.27885
-11.73	90.6601
-11.22	90.6601
-10.61	92.2297
-10.08	92.29248
-9.64	93.61095
-8.97	93.92487
-8.51	95.43168
-7.86	96.05952
-7.4	97.18963
-6.94	98.63367
-6.44	98.82201
-6.01	100.3288
-5.5	100.4544
-5.05	101.8356
-4.61	103.2169
-3.95	103.9703
-3.51	105.4771
-2.88	106.105
-2.44	107.6746
-1.8	108.3652
-1.36	109.872
-0.91	111.2533
-0.28	112.1322
0.15	113.639
0.79	114.3924
1.21	116.0248
1.64	117.4061
2.26	118.0339
2.69	119.7291
3.31	120.3569
3.74	121.9265
4.37	122.6171
4.8	124.1868
5.22	125.5052
5.84	126.5725
6.27	127.9538
6.89	128.3305
7.3	130.0257
7.74	131.4069
8.36	131.9092
8.79	133.2904
9.4	133.981
9.82	135.4251
10.41	137.2458
11.02	137.6225
11.44	139.1921
12.06	139.5688
12.48	141.0129
13.12	141.2012
13.55	142.5825
14.13	144.1521
14.74	144.5916
15.34	146.1611
15.96	146.5379
16.56	148.1075
17.18	148.3586
17.77	149.8654
18.41	149.9282
19	151.4978
19.64	151.6861
20.24	153.0046
20.88	153.193
21.5	154.2603
22.14	154.2603
22.81	155.4532
23.38	155.7671
24.07	155.4532
24.68	156.6461
25.18	156.2694
25.8	157.4623
26.32	157.0228
26.94	157.839
27.48	157.2739
28.13	158.2157
28.64	157.4623
29.3	158.5924
29.82	157.839
30.47	158.8435
30.99	158.0273
31.49	158.7807
32.05	157.9645
32.7	158.5296
33.23	157.839
33.75	158.3412
34.44	157.7762
34.95	158.3412
35.67	157.5878
36.17	158.0273
36.73	157.1483
37.38	157.839
37.9	157.9645
38.45	156.96
38.51	155.7671
38.54	156.7717
38.33	154.5742
38.1	152.2512
37.87	150.0538
37.64	148.0447
37.39	146.0984
37.17	143.9637
36.92	142.0174
36.68	140.1339
36.44	138.062
36.22	136.1785
35.95	134.1066
35.72	132.2859
35.47	130.2768
35.24	128.2677
34.98	126.3214
34.76	124.3751
34.49	122.4288
34.27	120.4197
34.03	118.599
33.76	116.7782
33.52	114.4552
33.28	112.5089
33.06	110.6882
32.81	108.7419
32.56	106.8584
32.32	104.7865
32.09	103.0285
31.86	101.0195
31.61	99.26151
31.36	97.25242
31.13	95.49446
30.87	93.61095
30.65	91.66464
30.4	89.8439
30.15	87.8976
29.93	86.07687
29.68	84.31891
29.42	82.43539
29.17	80.74023
28.93	78.79392
28.68	77.16154
28.43	75.27802
28.2	73.52007
27.95	71.8249
27.7	70.06694
27.46	68.30899
27.22	66.67661
26.99	64.91866
26.74	63.16071
26.49	61.52832
26.27	59.95872
26.01	58.26355
25.77	56.56838
25.51	54.87321
25.28	53.30362
25.05	51.67123
24.8	50.10163
24.56	48.34368
24.31	46.96243
24.08	45.33005
23.83	43.76045
23.6	42.3792
23.35	40.8096
23.12	39.55392
22.88	37.98432
22.65	36.66586
22.41	35.28461
22.07	33.27552
21.75	31.26643
21.45	29.50848
21.17	27.8761
20.91	26.18093
20.6	24.61133
20.28	23.04173
19.77	21.53491
19.46	19.58861
19.14	18.20736
18.83	16.82611
18.44	15.44486
18.09	14.06362
17.65	12.49402
17.25	10.86163
16.86	9.292032
16.45	7.471296
16.06	6.152832
15.73	4.897152
15.29	3.327552
14.98	1.820736
14.69	0.251136
14.37	-0.94176
14.03	-2.323008
13.69	-3.704256
13.36	-5.085504
13.02	-6.655104
12.71	-8.350272
12.4	-9.857088
12.08	-11.30112
11.54	-12.49402
11.22	-14.25197
10.91	-15.88435
10.6	-17.6423
10.25	-19.2119
9.71	-20.15366
9.37	-21.91162
9.03	-23.60678
8.7	-25.17638
8.36	-26.74598
7.82	-27.68774
7.47	-29.25734
7.13	-30.70138
6.78	-32.39655
6.43	-34.02893
6.08	-35.41018
5.51	-36.16359
5.17	-37.98432
4.8	-39.55392
4.45	-41.12352
3.89	-41.81414
3.52	-43.19539
3.17	-44.76499
2.69	-46.46016
2.36	-47.84141
1.8	-48.6576
1.45	-50.2272
1.1	-51.60845
0.75	-53.17805
0.39	-54.62208
-0.19	-55.37549
-0.54	-56.75674
-0.91	-58.38912
-1.27	-59.95872
-1.64	-61.33997
-2.22	-62.09338
-2.58	-63.53741
-2.94	-65.04423
-3.31	-66.67661
-3.68	-68.05785
-4.05	-69.50188
-4.64	-70.19251
-5	-71.44819
-5.35	-73.08057
-5.73	-74.46182
-6.09	-75.96864
-6.68	-76.34534
-7.04	-77.91495
-7.41	-79.17062
-7.77	-80.74023
-8.13	-82.12148
-8.5	-83.50272
-9.12	-83.87943
-9.48	-85.32346
-9.84	-86.64192
-10.21	-88.02317
-10.59	-89.40442
-11.19	-89.8439
-11.56	-91.22515
-12.05	-92.9831
-12.56	-94.61549
-13.16	-94.74106
-13.55	-96.18509
-14.04	-97.94304
-14.54	-99.51264
-15.17	-99.70099
-15.55	-100.9567
-15.92	-102.2751
-16.43	-103.7192
-16.82	-105.0376
-17.46	-105.1004
-17.96	-106.67
-18.47	-108.428
-19.1	-108.2396
-19.63	-109.872
-20.16	-111.3788
-20.67	-112.6345
-21.31	-112.5717
-21.86	-113.8274
-22.36	-115.397
-22.9	-116.7782
-23.43	-115.9621
-23.96	-117.3433
-24.49	-118.5362
-25.02	-119.7919
-25.55	-118.9757
-26.11	-120.2941
-26.66	-121.6754
-27.21	-122.7427
-27.44	-121.487
-28.02	-122.3032
-28.57	-123.7473
-29.12	-124.689
-29.66	-123.5589
-30.22	-124.8774
-30.77	-125.8819
-31.34	-127.012
-31.6	-125.4424
-32.16	-126.447
-32.73	-127.1376
-33.29	-128.2049
-33.86	-127.1376
-34.42	-128.2049
-34.99	-129.0211
-35.55	-129.8373
-35.84	-128.2677
-36.4	-128.8956
-36.97	-129.649
-37.55	-130.6535
-38.12	-129.2723
-38.7	-130.0885
-39.29	-130.9046
-40	-130.0885
-40.59	-130.7791
-41.16	-131.5953
-41.75	-132.2231
-42.01	-130.4024
-42.61	-131.2186
-43.19	-131.6581
-43.92	-131.0302
-44.51	-131.093
-45.11	-131.8464
-45.69	-132.5998
-45.97	-130.8419
-46.56	-131.4069
-47.17	-131.972
-47.77	-132.0975
-48.34	-131.0302
-48.95	-131.6581
-49.67	-130.6535
-50.29	-130.8419
-50.89	-131.5953
-51.66	-130.4024
-52.22	-130.5907
-52.84	-131.0302
-53.57	-129.8373
-54.15	-130.214
-54.8	-130.4651
-55.38	-129.3978
-56	-129.5234
-56.6	-130.0257
-57.19	-128.7072
-57.81	-128.8328
-58.42	-129.2723
-59.03	-128.0166
-59.65	-128.0794
-60.27	-128.5188
-60.74	-127.0748
-61.35	-127.0748
-61.96	-127.6399
-62.43	-126.3214
-62.93	-126.1331
-63.53	-126.6353
-64.18	-125.5052
-64.75	-125.1285
-65.38	-125.4424
-65.92	-124.689
-66.45	-123.9356
-67.07	-124.3751
-67.54	-123.0566
-68.05	-122.9311
-68.63	-123.3078
-69.28	-121.801
-69.89	-121.801
-70.53	-121.9893
-71.1	-120.6081
-71.43	-119.3524
-71.68	-118.1595
-72.15	-119.2268
-72.67	-119.7291
-73.17	-120.1058
-73.43	-118.3478
-73.97	-118.3478
-74.49	-118.4106
-74.79	-117.2177
-75.05	-115.6481
-75.5	-116.7782
-76.07	-117.2177
-76.32	-116.1504
-76.34	-114.2669
-76.24	-112.4461
-76.01	-110.8765
-75.79	-109.0558
-75.58	-107.4862
-75.36	-105.7283
-75.1	-103.9703
-74.83	-102.4635
-74.61	-100.5172
-74.36	-98.82201
-74.11	-96.81293
-73.85	-95.3689
-73.63	-93.79929
-73.36	-92.16691
-73.09	-90.47174
-72.83	-88.90215
-72.56	-87.33254
-72.3	-85.76295
-72.06	-84.25613
-71.84	-82.87488
-71.56	-81.11693
-71.3	-79.54733
-71.03	-78.04051
-70.79	-76.72205
-70.51	-75.3408
-70.28	-73.64563
-70.04	-72.2016
-69.78	-70.632
-69.53	-69.0624
-69.24	-67.61837
-68.97	-66.04877
-68.74	-64.85587
-68.48	-63.16071
-68.25	-61.5911
-68	-60.20985
-67.76	-58.95418
-67.48	-57.25901
-67.24	-55.81498
-66.96	-54.5593
-66.73	-53.05248
-66.49	-51.48288
-66.21	-50.10163
-65.95	-48.72038
-65.66	-47.52749
-65.41	-46.08345
-65.13	-44.70221
-64.87	-43.50931
-64.59	-42.19085
-64.17	-40.4329
-63.75	-38.61216
-63.34	-36.85421
-63.07	-35.59853
-62.79	-34.46841
-62.37	-32.71046
-62.07	-31.51757
-61.8	-30.26189
-61.38	-28.50394
-60.97	-26.74598
-60.69	-25.55309
-60.4	-24.29741
-59.97	-22.60224
-59.7	-21.34656
-59.44	-20.0281
-59.15	-18.58406
-58.9	-17.39117
-58.64	-16.00992
-58.38	-14.56589
-58.14	-13.18464
-57.86	-11.80339
-57.61	-10.48493
-57.35	-9.10368
-57.08	-7.722432
-56.79	-6.466752
-56.53	-5.085504
-56.26	-3.892608
-56.01	-2.574144
-55.72	-1.192896
-55.37	0.565056
-55.08	1.757952
-54.83	2.950848
-54.46	4.206528
-54.21	5.399424
-53.87	6.90624
-53.62	8.287488
-53.23	9.857088
-52.99	11.23834
-52.6	12.87072
-52.26	14.31475
-51.91	15.3193
-51.61	16.51219
-51.34	17.89344
-51.05	19.27469
-50.77	20.7815
-50.46	22.03718
-50.13	23.35565
-49.77	24.7369
-49.51	25.80422
-49.12	27.12269
-48.73	28.75507
-48.33	30.32467
-47.94	31.83149
-47.53	33.46387
-47.13	35.09626
-46.72	36.60307
-46.27	38.23545
-45.83	39.99341
-45.36	41.75136
-44.71	41.1863
-44.45	42.56755
-44.14	43.9488
-43.67	45.5184
-43.15	46.20902
-42.81	47.59027
-42.34	49.28544
-41.79	49.91328
-41.47	51.23174
-40.85	53.24083
-40.24	53.80589
-39.73	55.62663
-39.18	56.00333
-38.65	57.63571
-38.1	58.01242
-37.59	59.77037
-37	60.14707
-36.48	61.5911
-35.91	61.96781
-35.38	63.53741
-34.74	63.78854
-34.28	65.10701
-33.67	66.55104
-33.01	67.36723
-32.41	67.4928
-31.86	68.87405
-31.29	69.0624
-30.75	70.31808
-30.18	70.25529
-29.62	72.01324
-29.02	71.88768
-28.48	73.39449
-27.87	73.52007
-27.35	74.71296
-26.75	74.90131
-26.21	76.21977
-25.6	76.21977
-25.05	77.66381
-24.46	77.66381
-23.91	79.04506
-23.31	79.23341
-22.73	79.54733
-22.19	80.92857
-21.58	80.80301
-21.03	82.18426
-20.43	82.43539
-19.89	83.56551
-19.3	83.69107
-18.66	85.32346
-18.07	85.51181
-17.48	85.51181
-16.94	86.95584
-16.34	87.1442
-15.8	88.46265
-15.21	88.65101
-14.67	89.90668
-14.07	90.15782
-13.54	91.53907
-12.95	91.85299
-12.41	93.29703
-11.82	93.29703
-11.27	94.80384
-10.69	94.9922
-10.1	96.37344
-9.58	96.81293
-8.98	97.06406
-8.46	98.44531
-7.87	99.01037
-7.35	100.5172
-6.77	100.6428
-6.23	102.024
-5.66	102.5263
-5.14	103.9703
-4.56	104.347
-4.05	106.1677
-3.46	106.1677
-2.96	107.7373
-2.37	108.0513
-1.85	109.7464
-1.3	110.2487
-0.78	111.8811
-0.2	112.2578
0.29	114.0157
0.87	114.2041
1.36	115.8365
1.92	116.276
2.45	117.9711
3	118.3478
3.56	119.9174
4.22	121.1103
4.77	121.5498
5.28	122.9939
5.84	123.3706
6.35	125.1285
6.9	125.3796
7.4	126.9492
7.96	127.4515
8.47	128.8956
9.02	129.4606
9.53	131.093
10.08	131.4069
10.59	133.0393
11.14	133.0393
11.64	134.6089
12.2	134.9856
12.71	136.3669
13.27	136.6808
13.78	138.1876
14.33	138.3759
14.69	140.0083
15.26	139.3805
15.75	140.9501
16.31	140.9501
16.84	142.3313
17.4	142.5197
17.91	143.5242
18.5	143.7126
19.01	145.2822
19.6	145.0938
20.1	146.5379
20.69	146.3495
21.21	147.7308
21.78	147.7308
22.32	148.8609
22.88	148.6725
23.48	148.8609
24.01	149.6771
24.59	149.4887
25.14	150.6188
25.7	150.2421
26.24	151.1211
26.86	150.9327
27.4	152.0001
28	151.6234
28.55	152.6279
29.15	152.2512
29.71	153.193
30.32	152.5023
30.87	153.4441
31.48	152.6907
32.05	153.6324
32.66	153.2557
33.23	153.8836
33.86	153.2557
34.48	152.5023
35.05	153.193
35.69	152.5023
36.25	153.193
36.9	152.6279
37.53	152.0001
38.12	152.5023
38.75	151.6234
38.86	150.2421
38.88	150.4933
38.73	148.7353
38.48	146.2867
38.21	144.2776
37.94	142.0174
37.67	139.7572
37.41	137.5597
37.15	135.4251
36.88	133.2904
36.6	131.093
36.33	129.0839
36.07	126.7609
35.81	124.689
35.53	122.4916
35.26	120.3569
34.98	118.1595
34.72	115.9621
34.46	113.7018
34.2	111.63
33.92	109.4953
33.64	107.3606
33.36	105.1632
33.1	103.1541
32.84	100.8311
32.52	98.57088
32.25	96.43623
31.98	94.11321
31.68	91.85299
31.39	89.65556
31.1	87.33254
30.8	85.32346
30.52	82.93766
30.22	80.74023
29.95	78.60557
29.65	76.47091
29.37	74.46182
29.08	72.26438
28.77	70.25529
28.48	68.18343
28.19	65.98598
27.9	63.97689
27.6	62.15616
27.33	60.14707
27.04	58.01242
26.75	55.81498
26.44	54.11981
26.17	52.04794
25.89	50.16442
25.59	48.15533
25.3	46.39738
25.03	44.57664
24.72	42.63034
24.44	40.99795
24.16	39.17722
23.88	37.60762
23.61	35.91245
23.35	34.09171
23.1	32.71046
22.85	31.07808
22.55	28.94342
22.23	27.12269
21.97	25.80422
21.7	24.54854
21.45	23.41843
21.17	21.84883
20.9	20.4048
20.51	18.58406
20.11	16.8889
19.76	15.44486
19.4	14.06362
19.04	12.61958
18.68	10.92442
18.36	9.543168
17.84	7.53408
17.39	6.215616
17.03	4.834368
16.67	3.327552
16.26	1.5696
15.87	0.062784
15.48	-1.5696
15.08	-3.201984
14.7	-5.085504
14.32	-6.969024
13.93	-8.664192
13.32	-10.29658
13.07	-11.61504
12.69	-13.43578
12.23	-14.69146
11.84	-16.63776
11.59	-18.14458
11.01	-20.0281
10.61	-21.9744
10.34	-23.29286
10.05	-24.67411
9.44	-26.05536
9.06	-27.93888
8.77	-29.25734
8.37	-31.0153
7.87	-31.70592
7.44	-33.65223
7.03	-35.59853
6.6	-37.35648
6.09	-38.0471
5.66	-39.99341
5.23	-41.93971
4.62	-43.38374
4.34	-44.70221
3.92	-46.33459
3.27	-47.4647
2.86	-49.22266
2.43	-50.91782
1.79	-52.61299
1.37	-54.37094
0.93	-55.94054
0.38	-56.56838
-0.06	-58.51469
-0.52	-60.14707
-0.95	-61.77946
-1.49	-62.53286
-1.93	-63.97689
-2.38	-65.67207
-2.84	-67.24166
-3.37	-67.68115
-3.82	-69.4391
-4.27	-70.88313
-4.79	-71.44819
-5.27	-73.01779
-5.7	-74.65018
-6.17	-76.40813
-6.7	-76.72205
-7.14	-78.22887
-7.61	-79.54733
-8.14	-80.11238
-8.61	-81.74477
-9.07	-83.06323
-9.53	-84.63284
-9.99	-86.13965
-10.56	-86.328
-11.02	-87.70925
-11.48	-89.40442
-12.02	-89.59277
-12.5	-91.0368
-12.96	-92.48083
-13.42	-93.98765
-13.99	-93.86208
-14.47	-95.55725
-14.93	-96.62457
-15.47	-97.00128
-15.93	-98.50809
-16.57	-100.3916
-17.16	-100.1405
-17.79	-101.5845
-18.28	-102.903
-18.76	-104.1587
-19.33	-104.0331
-19.81	-105.3516
-20.29	-106.67
-20.86	-106.6072
-21.36	-107.6118
-22	-109.2442
-22.6	-108.993
-23.09	-110.1859
-23.75	-111.4416
-24.33	-111.3788
-24.99	-112.6345
-25.65	-114.0157
-26.18	-114.7691
-26.79	-114.5808
-27.29	-115.5853
-28.06	-116.5899
-28.72	-116.7782
-29.22	-117.5944
-29.84	-117.1549
-30.34	-118.0967
-30.86	-118.7873
-31.38	-119.7291
-32	-119.1012
-32.5	-119.7919
-33.03	-120.6708
-33.65	-119.9802
-34.18	-120.7336
-34.85	-121.6754
-35.48	-121.1103
-36	-121.7382
-36.52	-122.4916
-37.17	-121.5498
-37.7	-122.366
-38.21	-123.0566
-38.87	-122.0521
-39.38	-122.5544
-39.91	-123.3706
-40.44	-123.9356
-41.09	-123.245
-41.61	-123.7473
-42.14	-124.2495
-42.77	-123.3078
-43.31	-123.9356
-43.98	-123.5589
-44.49	-123.3706
-45.02	-124.124
-45.67	-123.4961
-46.21	-123.9356
-46.73	-124.5007
-47.41	-123.3706
-47.95	-123.6845
-48.5	-124.3123
-49.14	-123.245
-49.68	-123.4961
-50.21	-124.124
-50.87	-123.245
-51.42	-123.6845
-51.96	-124.124
-52.62	-123.0566
-53.14	-123.4961
-53.8	-122.5544
-54.36	-123.0566
-54.92	-123.3706
-55.57	-122.3032
-56.12	-122.7427
-56.8	-122.0521
-57.35	-122.1149
-57.88	-122.5544
-58.51	-121.5498
-59.09	-122.0521
-59.78	-121.1103
-60.3	-121.1731
-60.85	-121.6754
-61.4	-120.7964
-61.93	-120.7964
-62.47	-121.1103
-62.93	-119.7291
-63.5	-120.1058
-64.07	-120.4825
-64.71	-119.478
-65.26	-119.7291
-65.79	-118.7873
-66.32	-118.7245
-66.87	-119.164
-67.5	-118.1595
-68.06	-118.1595
-68.57	-117.2177
-69.11	-117.4061
-69.83	-116.7155
-70.35	-116.5899
-70.9	-116.7782
-71.58	-115.5853
-72.13	-115.9621
-72.76	-114.9575
-73.37	-115.1459
-73.87	-114.1413
-74.55	-114.3924
-75.07	-113.7646
-75.57	-113.5763
-76.31	-113.4507
-76.74	-111.63
-76.83	-110.2487
-76.84	-108.4908
-76.72	-107.0467
-76.48	-105.3516
-76.28	-103.7192
-76.08	-102.1496
-75.89	-100.5172
-75.69	-99.01037
-75.47	-97.56634
-75.26	-96.12231
-75.08	-94.61549
-74.85	-93.04589
-74.65	-91.79021
-74.43	-90.22061
-74.18	-88.71379
-73.93	-87.01862
-73.66	-85.32346
-73.39	-83.37715
-73.14	-82.30982
-72.91	-80.92857
-72.63	-79.29619
-72.39	-77.97773
-72.13	-76.5337
-71.89	-74.83853
-71.65	-73.39449
-71.36	-71.8249
-71.12	-70.44365
-70.88	-69.0624
-70.6	-67.61837
-70.38	-66.11155
-70.12	-64.54195
-69.87	-63.09792
-69.59	-61.90503
-69.36	-60.14707
-69.12	-58.76582
-68.85	-57.38457
-68.57	-55.94054
-68.32	-54.5593
-68.09	-53.05248
-67.85	-51.7968
-67.59	-50.2272
-67.32	-48.84595
-67.06	-47.4647
-66.81	-46.08345
-66.55	-44.70221
-66.28	-43.50931
-66.01	-42.00249
-65.75	-40.74681
-65.47	-39.55392
-65.05	-37.79597
-64.64	-35.97523
-64.37	-34.84512
-63.95	-33.08717
-63.68	-31.89427
-63.25	-30.26189
-62.85	-28.44115
-62.58	-27.43661
-62.28	-26.05536
-62.02	-24.98803
-61.74	-23.66957
-61.47	-22.3511
-61.05	-20.7815
-60.77	-19.40026
-60.47	-18.39571
-60.06	-16.38662
-59.82	-15.06816
-59.56	-13.49856
-59.31	-12.24288
-59.06	-10.92442
-58.79	-9.668736
-58.53	-8.287488
-58.27	-6.969024
-58.01	-5.587776
-57.74	-4.332096
-57.49	-2.950848
-57.23	-1.757952
-56.95	-0.439488
-56.58	1.25568
-56.22	3.013632
-55.83	4.332096
-55.5	5.776128
-55.12	7.408512
-54.9	8.726976
-54.63	9.919872
-54.22	11.55226
-53.97	12.87072
-53.66	14.06362
-53.35	15.13094
-53	16.63776
-52.71	17.83066
-52.46	19.08634
-52.15	20.65594
-51.84	22.03718
-51.51	23.35565
-51.17	24.7369
-50.79	26.3065
-50.44	27.68774
-50.02	29.32013
-49.63	30.76416
-49.23	32.33376
-48.83	34.02893
-48.43	35.59853
-48	37.23091
-47.57	38.67495
-46.99	40.24454
-46.51	42.19085
-46.19	43.32096
-45.74	44.95334
-45.16	45.01613
-44.86	46.39738
-44.55	47.71584
-44.02	48.46925
-43.7	49.66214
-43.4	51.04339
-42.85	51.67123
-42.54	52.86413
-42.21	54.05702
-41.66	54.68486
-41.17	56.44282
-40.61	57.07066
-40.29	58.26355
-39.76	59.95872
-39.22	60.64935
-38.62	61.15162
-38.17	62.72121
-37.57	63.41184
-37.09	64.91866
-36.54	65.48371
-36.01	66.92774
-35.4	68.05785
-34.89	69.0624
-34.33	69.4391
-33.83	70.82035
-33.25	71.07149
-32.73	72.51552
-32.13	72.82944
-31.59	74.21069
-31.02	74.58739
-30.48	75.84307
-29.91	75.96864
-29.32	76.28256
-28.78	77.60102
-28.18	78.16608
-27.66	79.42176
-27.07	79.35898
-26.46	79.79846
-25.95	81.11693
-25.35	81.24249
-24.81	82.56096
-24.21	82.62374
-23.68	84.00499
-23.08	84.19334
-22.5	84.50726
-21.96	85.70016
-21.38	85.76295
-20.84	87.1442
-20.25	87.45811
-19.65	87.64646
-19.11	88.83936
-18.53	89.09049
-17.99	90.34618
-17.4	90.53453
-16.86	91.91578
-16.28	92.04134
-15.69	92.2297
-15.15	93.61095
-14.57	93.79929
-14.04	95.05498
-13.44	95.24332
-12.9	96.56179
-12.32	96.75014
-11.74	97.06406
-11.2	98.38253
-10.63	98.63367
-10.08	100.1405
-9.5	100.3288
-8.92	101.7101
-8.39	101.9612
-7.82	102.3379
-7.29	103.782
-6.7	104.1587
-6.19	105.5399
-5.61	105.8538
-5.04	106.4817
-4.52	108.428
-3.95	108.3024
-3.43	109.6209
-2.87	109.872
-2.34	111.316
-1.76	111.6927
-1.19	112.0694
-0.68	113.4507
-0.13	114.0785
0.41	115.5853
0.97	115.5853
1.53	116.1504
2.04	117.6572
2.6	118.1595
3.11	119.5407
3.67	119.7919
4.19	121.3615
4.74	121.7382
5.3	122.1777
5.82	123.6845
6.37	124.124
6.89	125.7564
7.44	125.8819
8	126.2586
8.51	127.891
9.07	128.3305
9.57	129.649
10.14	130.0257
10.65	131.4069
11.2	131.5953
11.76	131.8464
12.28	133.2904
12.84	133.6044
13.36	134.9856
13.91	135.2367
14.47	135.5507
14.99	136.9319
15.56	136.9947
16.08	138.4387
16.65	138.4387
17.15	139.7572
17.74	139.82
18.3	139.7572
18.84	141.0129
19.4	141.0129
19.93	142.2058
20.68	142.7708
21.26	142.7708
21.78	143.7754
22.36	143.7126
22.89	144.9683
23.48	144.9055
24.05	145.91
24.6	145.8472
25.18	145.8472
25.71	146.6634
26.32	146.4751
26.86	147.4168
27.44	147.2913
28.04	147.1029
28.59	147.8563
29.18	147.5424
29.75	148.4214
30.36	148.0447
30.9	148.8609
31.51	148.6097
32.14	148.0447
32.69	148.6097
33.3	148.0447
33.87	148.8609
34.49	148.1075
35.04	148.9236
35.67	148.0447
36.28	148.7981
36.87	147.8563
37.47	147.2285
38.02	147.7308
38.67	146.9146
39.17	146.2867
39.15	146.3495
38.88	143.7754
38.61	141.3268
38.33	139.1293
38.07	136.618
37.77	134.6089
37.62	133.2904
37.35	131.0302
37.09	128.8328
36.78	126.6981
36.5	124.3123
36.35	122.9311
36.08	120.7336
35.8	118.4106
35.51	116.4015
35.23	113.8902
34.94	111.6927
34.66	109.6209
34.39	107.2351
34.09	104.9748
33.82	102.7146
33.55	100.58
33.25	98.25696
32.97	96.05952
32.68	93.98765
32.41	91.66464
32.12	89.52998
31.84	87.33254
31.56	85.1351
31.29	83.00045
30.99	80.92857
30.72	78.66835
30.42	76.59648
30.14	74.65018
29.86	72.32717
29.59	70.31808
29.3	68.56013
29.03	66.36269
28.73	64.3536
28.45	62.21894
28.17	60.52378
27.88	58.4519
27.61	56.44282
27.34	54.62208
27.05	52.61299
26.77	50.72947
26.49	48.84595
26.2	46.89965
25.93	45.01613
25.66	43.19539
25.39	41.56301
25.12	39.86784
24.86	38.0471
24.58	36.41472
24.33	34.90791
24.07	33.3383
23.76	31.07808
23.48	29.32013
23.24	27.75053
23	26.6832
22.75	25.36474
22.48	23.73235
22.22	22.53946
21.96	20.84429
21.6	18.96077
21.35	17.45395
21.02	15.82157
20.66	14.25197
20.24	12.5568
19.9	11.11277
19.57	9.543168
19.13	7.910784
18.82	6.529536
18.43	5.211072
18.05	3.76704
17.67	2.134656
17.3	0.62784
16.91	-1.004544
16.52	-2.51136
16.13	-4.332096
15.72	-5.65056
15.34	-7.345728
14.94	-9.10368
14.56	-10.79885
14.17	-12.49402
13.79	-14.25197
13.53	-15.75878
13.14	-17.20282
12.71	-18.64685
12.34	-20.71872
11.91	-22.09997
11.64	-23.48122
11.08	-25.1136
10.68	-26.93434
10.24	-28.2528
9.97	-29.50848
9.53	-31.0153
9.13	-32.64768
8.68	-34.1545
8.27	-35.84966
7.69	-37.73318
7.41	-38.98886
6.85	-40.68403
6.28	-42.56755
5.83	-43.88602
5.42	-45.5184
4.81	-47.33913
4.39	-49.09709
3.78	-50.79226
3.35	-52.61299
2.72	-54.05702
2.1	-55.62663
1.67	-57.51014
1.23	-58.95418
0.79	-60.58656
0.26	-61.08883
-0.17	-62.53286
-0.47	-63.91411
-0.98	-64.3536
-1.44	-65.9232
-1.88	-67.30445
-2.32	-68.99962
-2.85	-69.4391
-3.3	-70.88313
-3.73	-72.38995
-4.26	-73.26893
-4.86	-74.58739
-5.31	-76.15699
-5.83	-76.5337
-6.3	-77.97773
-6.75	-79.35898
-7.2	-80.74023
-7.73	-80.99136
-8.18	-82.49818
-8.65	-83.94221
-9.18	-84.25613
-9.65	-85.63737
-10.1	-87.01862
-10.65	-87.33254
-11.25	-88.83936
-11.73	-90.22061
-12.27	-90.47174
-12.73	-91.79021
-13.2	-93.17146
-13.75	-93.35981
-14.22	-94.61549
-14.91	-94.80384
-15.38	-96.18509
-16.02	-97.75468
-16.56	-97.94304
-17.19	-99.70099
-17.83	-100.9567
-18.41	-100.8939
-19.03	-102.4635
-19.59	-102.4635
-20.24	-104.0331
-20.95	-104.347
-21.6	-105.5399
-22.31	-106.0422
-22.81	-107.1095
-23.44	-108.3024
-24.03	-107.9885
-24.53	-109.0558
-25.17	-110.3743
-25.75	-110.0603
-26.4	-111.5672
-27	-111.0021
-27.5	-111.9439
-28.23	-112.0067
-28.74	-112.7601
-29.39	-113.953
-29.98	-113.5763
-30.51	-113.8274
-31.25	-114.2041
-31.77	-114.9575
-32.43	-116.0248
-33.03	-115.5853
-33.55	-116.1504
-34.32	-115.9621
-34.84	-116.7782
-35.35	-117.3433
-35.93	-116.9038
-36.44	-117.5316
-36.94	-118.1595
-37.59	-117.3433
-38.09	-118.2851
-38.7	-117.5316
-39.2	-118.0967
-39.73	-118.7245
-40.34	-118.1595
-40.86	-118.599
-41.48	-118.0967
-41.98	-118.599
-42.5	-119.5407
-43.13	-118.5362
-43.66	-118.9129
-44.26	-118.4734
-44.8	-118.9129
-45.3	-119.5407
-45.92	-118.599
-46.43	-119.164
-47.07	-118.599
-47.58	-119.1012
-48.21	-118.4734
-48.73	-118.9129
-49.27	-119.2896
-49.88	-118.5362
-50.41	-119.1012
-51.03	-118.3478
-51.57	-118.9129
-52.16	-118.0967
-52.7	-118.5362
-53.24	-118.9757
-53.88	-117.7828
-54.4	-118.4734
-55.05	-117.5316
-55.58	-117.9711
-56.17	-117.4061
-56.74	-117.5944
-57.38	-117.1549
-57.92	-117.2177
-58.45	-117.5316
-59.07	-116.7782
-59.63	-117.3433
-60.24	-116.4015
-60.76	-116.9038
-61.4	-116.1504
-61.95	-116.4015
-62.55	-115.7109
-63.11	-116.1504
-63.74	-115.3342
-64.3	-115.397
-64.9	-114.8319
-65.46	-115.0203
-66.08	-114.3297
-66.59	-114.5808
-67.24	-113.7646
-67.76	-114.0157
-68.38	-113.3251
-68.95	-113.3879
-69.54	-112.7601
-70.09	-113.0112
-70.72	-112.0694
-71.24	-112.4461
-71.76	-111.4416
-72.41	-111.8183
-73.05	-110.8138
-73.58	-111.2533
-74.18	-110.5626
-74.85	-109.9976
-75.52	-110.1859
-76.13	-109.4325
-76.68	-109.6209
-77.09	-108.114
-77.17	-106.9212
-77.16	-105.1004
-77.13	-103.5308
-76.91	-101.8984
-76.71	-100.3916
-76.49	-98.69645
-76.27	-97.12685
-76.06	-95.43168
-75.84	-93.79929
-75.63	-92.2297
-75.42	-90.78567
-75.2	-89.40442
-75.02	-88.02317
-74.81	-86.51635
-74.6	-85.07232
-74.4	-83.69107
-74.17	-82.30982
-73.96	-80.92857
-73.72	-79.61012
-73.5	-78.35443
-73.27	-76.97318
-73.04	-75.59193
-72.71	-73.83398
-72.49	-72.45274
-72.27	-71.07149
-72.02	-69.4391
-71.72	-68.05785
-71.48	-66.92774
-71.24	-65.67207
-71.05	-64.16525
-70.85	-62.97235
-70.64	-61.77946
-70.37	-60.39821
-70.16	-58.95418
-69.92	-57.57293
-69.67	-56.25446
-69.4	-54.87321
-69.19	-53.68032
-68.93	-52.29907
-68.64	-50.85504
-68.43	-49.41101
-68.17	-48.02976
-67.94	-46.64851
-67.7	-45.64397
-67.43	-44.26272
-67.16	-42.94426
-66.94	-41.50023
-66.7	-40.11898
-66.4	-38.80051
-66.03	-37.35648
-65.77	-36.03802
-65.5	-34.78234
-65.11	-33.27552
-64.7	-31.51757
-64.44	-30.45024
-64.03	-28.69229
-63.64	-26.87155
-63.22	-25.17638
-62.84	-23.66957
-62.59	-22.3511
-62.17	-20.7815
-61.89	-19.58861
-61.5	-17.83066
-61.21	-16.63776
-60.83	-14.87981
-60.56	-13.68691
-60.29	-12.68237
-60.04	-11.23834
-59.81	-9.73152
-59.57	-8.538624
-59.33	-7.282944
-59.08	-5.96448
-58.82	-4.771584
-58.57	-3.390336
-58.2	-1.757952
-57.96	-0.376704
-57.59	1.381248
-57.34	2.385792
-57.01	3.76704
-56.78	4.771584
-56.51	6.090048
-56.27	7.282944
-56.01	8.538624
-55.78	9.668736
-55.39	11.30112
-55.02	12.9335
-54.73	14.25197
-54.37	15.3193
-54.11	16.70054
-53.76	18.08179
-53.48	19.58861
-53.18	20.96986
-52.84	22.22554
-52.55	23.544
-52.16	24.98803
-51.92	26.11814
-51.53	27.37382
-51.15	28.88064
-50.73	29.94797
-50.33	31.07808
-49.93	32.89882
-49.54	34.46841
-49.15	35.91245
-48.77	37.60762
-48.36	39.24
-48.07	40.55846
-47.62	42.31642
-47.19	44.13715
-46.72	45.76954
-46.29	47.33913
-45.84	49.28544
-45.38	50.85504
-44.92	52.29907
-44.44	54.05702
-44.17	52.73856
-43.89	54.05702
-43.42	55.62663
-42.89	56.38003
-42.43	58.20077
-41.89	58.95418
-41.41	60.46099
-40.88	61.33997
-40.39	62.97235
-39.84	63.41184
-39.37	65.16979
-38.84	65.67207
-38.34	67.30445
-37.8	67.93229
-37.31	69.31354
-36.75	69.75302
-36.17	70.25529
-35.71	71.69933
-35	72.45274
-34.49	73.83398
-33.94	74.27348
-33.43	75.78029
-32.87	75.96864
-32.35	77.34989
-31.8	77.60102
-31.23	77.78938
-30.66	77.97773
-30.13	78.98227
-29.64	80.0496
-29.09	80.36352
-28.57	81.6192
-27.99	82.12148
-27.44	82.30982
-26.92	83.56551
-26.36	83.75385
-25.78	85.32346
-25.15	85.57459
-24.51	85.95129
-23.92	87.5209
-23.29	87.5209
-22.67	87.96038
-22.01	89.4672
-21.44	89.71834
-20.81	89.8439
-20.18	90.6601
-19.6	91.72742
-18.95	92.04134
-18.32	92.79475
-17.75	93.67373
-17.11	94.05043
-16.48	94.67827
-15.89	95.80839
-15.26	96.43623
-14.63	96.81293
-14.04	98.00582
-13.41	98.38253
-12.78	98.82201
-12.21	100.2033
-11.57	100.58
-10.94	100.8311
-10.36	102.3379
-9.73	102.7146
-9.1	103.0913
-8.48	104.4726
-7.89	104.9121
-7.25	105.4771
-6.64	105.7283
-6.07	107.1095
-5.43	107.549
-4.8	108.114
-4.23	109.1186
-3.62	109.872
-2.98	110.1231
-2.41	111.6927
-1.8	112.0694
-1.17	112.5089
-0.59	114.2669
0.03	114.6436
0.64	115.0831
1.2	116.4015
1.82	116.841
2.44	117.4061
3	118.7245
3.61	119.164
4.22	119.7291
4.84	121.2987
5.41	122.1777
6.02	122.3032
6.63	122.6799
7.21	123.9356
7.81	124.5635
8.42	124.8774
8.99	126.2586
9.61	126.3214
10.21	126.7609
10.8	128.0794
11.4	128.3305
12.02	128.8956
12.63	129.7117
13.2	130.6535
13.83	131.0302
14.45	131.5953
15.02	132.2859
15.63	132.4115
16.22	133.6671
16.85	133.981
17.46	134.1694
18.07	134.4205
18.67	135.3623
19.29	135.5507
19.92	135.5507
20.52	136.9319
21.14	136.9947
21.77	136.8063
22.36	137.9992
23.01	137.9364
23.66	137.6225
24.23	138.8154
24.87	138.7526
25.53	138.5643
26.12	139.82
26.77	139.3805
27.42	139.1293
28.03	140.0083
28.69	139.506
29.35	139.0038
29.97	139.82
30.63	139.5688
31.28	139.1293
31.96	138.941
32.59	139.7572
33.25	139.1921
33.91	138.8154
34.6	138.3759
35.22	138.8154
35.91	138.3132
36.58	137.5597
37.21	138.3132
37.89	137.5597
38.59	136.9947
39.27	136.3669
39.91	136.7435
40.59	135.8646
41.27	135.2367
41.97	135.4251
42.6	134.86
43.3	134.4833
43.99	133.6044
44.69	133.0393
45.21	132.0975
45.72	131.2186
46.4	130.4651
47.04	130.5907
47.74	130.0885
48.45	129.335
49.15	128.2677
49.78	128.7072
50.28	127.8282
50.97	127.2632
51.61	127.5143
52.31	126.447
53.01	125.7564
53.71	124.9402
54.38	125.5052
55.05	124.5007
55.7	123.5589
56.34	124.1868
56.99	123.3706
57.7	122.4916
58.41	121.487
59.14	120.1058
59.83	118.9129
60.44	118.9757
61.12	118.2223
61.42	116.841
61.45	118.4106
61.2	115.9621
60.94	113.639
60.67	111.4416
60.44	109.4953
60.2	107.3606
59.93	105.1632
59.66	103.1541
59.41	101.145
59.15	98.94759
58.91	96.81293
58.64	94.67827
58.38	92.66918
58.13	90.6601
57.84	88.33709
57.56	86.07687
57.28	84.13056
56.97	81.6192
56.71	79.42176
56.39	77.41267
56.12	75.21523
55.85	72.89223
55.57	70.82035
55.3	68.6857
55.01	66.48826
54.75	64.41638
54.45	62.34451
54.17	60.14707
53.9	58.01242
53.61	56.00333
53.36	53.86867
53.07	52.04794
52.79	49.85049
52.51	47.90419
52.25	45.95789
51.99	44.13715
51.72	42.12806
51.46	40.24454
51.21	38.61216
50.95	36.79142
50.63	34.46841
50.33	32.27098
50.09	30.88973
49.84	29.13178
49.59	27.56218
49.34	25.92979
49.07	24.36019
48.82	22.60224
48.58	21.03264
48.34	19.46304
48.02	17.2656
47.73	15.63322
47.45	14.25197
47.15	12.24288
46.86	10.35936
46.58	8.601408
46.29	6.780672
45.96	5.33664
45.69	3.641472
45.37	1.757952
45.04	-0.188352
44.68	-2.134656
44.28	-4.08096
43.87	-5.776128
43.47	-7.345728
43.07	-9.292032
42.66	-11.04998
42.27	-12.68237
41.87	-14.37754
41.47	-16.19827
41.05	-17.95622
40.63	-19.58861
40.23	-21.22099
39.82	-22.97894
39.42	-24.86246
39.02	-26.49485
38.63	-28.6295
38.28	-30.51302
37.86	-32.5849
37.47	-34.46841
37.06	-36.16359
36.64	-38.0471
36.22	-39.93062
35.8	-41.68858
35.38	-43.38374
34.96	-45.26727
34.52	-47.02522
34.09	-48.72038
33.66	-50.47834
33.22	-52.1735
32.8	-53.86867
32.35	-55.43827
31.93	-57.19622
31.49	-58.76582
31.06	-60.14707
30.61	-61.77946
30	-63.47462
29.38	-65.29536
28.78	-67.24166
28.17	-69.0624
27.54	-70.44365
26.89	-71.8249
26.46	-73.39449
25.95	-74.39904
25.51	-75.71751
25	-76.40813
24.55	-78.10329
24.04	-78.60557
23.57	-79.98682
23.05	-80.86579
22.43	-82.49818
21.9	-82.93766
21.27	-84.63284
20.63	-86.01408
20.05	-86.328
19.43	-87.83482
18.87	-88.08595
18.22	-89.65556
17.51	-89.8439
16.85	-91.60185
16.2	-92.9831
15.63	-92.6064
15.1	-93.23424
14.55	-93.54816
14.05	-94.5527
13.32	-95.11776
12.66	-96.31065
11.93	-96.62457
11.27	-97.94304
10.77	-98.94759
10.2	-98.8848
9.69	-99.57542
9.13	-99.76378
8.62	-100.8939
7.87	-100.8939
7.36	-101.7729
6.63	-102.3379
6.11	-102.903
5.61	-103.8447
5.04	-103.6564
4.54	-104.5354
3.95	-104.4726
3.44	-105.4771
2.94	-106.2305
2.36	-106.0422
1.83	-106.67
1.26	-106.9212
0.76	-107.8001
0.18	-107.6746
-0.32	-108.428
-0.83	-109.3069
-1.43	-109.2442
-1.93	-109.9976
-2.52	-109.8092
-3.02	-110.4371
-3.54	-111.4416
-4.12	-111.1905
-4.64	-112.0694
-5.24	-111.63
-5.76	-112.2578
-6.52	-112.5717
-7.03	-113.0112
-7.55	-113.953
-8.12	-113.3879
-8.66	-114.3297
-9.16	-115.2086
-9.76	-114.5808
-10.27	-115.5226
-10.86	-115.0203
-11.39	-115.7109
-11.9	-116.5899
-12.51	-116.0248
-13.03	-116.7782
-13.61	-116.4015
-14.13	-117.0294
-14.73	-116.7782
-15.24	-117.3433
-15.81	-117.3433
-16.35	-117.7828
-16.86	-118.4106
-17.46	-118.3478
-17.99	-118.5362
-18.58	-118.3478
-19.1	-119.1012
-19.69	-118.5362
-20.24	-119.2896
-20.75	-119.6035
-21.36	-119.1012
-21.87	-119.9174
-22.49	-119.3524
-23.01	-119.9802
-23.6	-119.478
-24.13	-120.1058
-24.65	-120.5453
-25.25	-119.9802
-25.79	-120.6708
-26.39	-120.1686
-26.93	-120.8592
-27.53	-120.1686
-28.05	-120.9848
-28.67	-120.1058
-29.2	-120.5453
-29.81	-120.1686
-30.35	-120.6708
-30.96	-120.2941
-31.47	-120.7336
-32.08	-120.3569
-32.6	-120.8592
-33.22	-120.1058
-33.76	-120.8592
-34.36	-119.9802
-34.92	-120.3569
-35.5	-119.9174
-36.04	-120.3569
-36.65	-119.9802
-37.19	-120.1058
-37.8	-119.5407
-38.35	-119.9174
-38.95	-119.478
-39.59	-119.1012
-40.11	-119.3524
-40.72	-118.7873
-41.26	-118.9129
-41.87	-118.4106
-42.41	-118.9129
-43.02	-118.0967
-43.56	-118.5362
-44.16	-118.0967
-44.78	-117.3433
-45.33	-117.7828
-45.94	-117.1549
-46.46	-117.3433
-47.08	-116.7782
-47.64	-116.9666
-48.27	-116.1504
-48.83	-116.4015
-49.45	-115.7109
-50.05	-115.2086
-50.61	-115.397
-51.22	-114.6436
-51.78	-114.8319
-52.4	-114.2041
-53.01	-113.639
-53.56	-113.7646
-54.18	-113.2623
-54.8	-112.7601
-55.37	-112.7601
-55.99	-111.9439
-56.57	-112.195
-57.18	-111.4416
-57.8	-110.8138
-58.47	-110.3743
-59	-110.4371
-59.61	-109.8092
-60.23	-109.2442
-60.8	-109.4953
-61.41	-108.8047
-62.03	-108.114
-62.67	-107.6746
-63.24	-107.8001
-63.86	-107.0467
-64.45	-106.4189
-65.1	-106.0422
-65.77	-105.6655
-66.27	-105.4771
-66.91	-104.7237
-67.52	-104.0959
-68.17	-103.6564
-68.72	-103.468
-69.33	-102.8402
-69.99	-102.2751
-70.61	-101.5217
-71.28	-100.8939
-71.9	-100.3916
-72.48	-100.3288
-73.07	-99.70099
-73.72	-99.13593
-74.37	-98.50809
-74.94	-98.50809
-75.57	-97.6919
-76.24	-96.75014
-76.85	-96.37344
-77.5	-95.7456
-78.13	-95.24332
-78.79	-94.80384
-79.3	-94.42714
-79.97	-93.54816
-80.63	-92.85754
-81.28	-92.41805
-81.85	-91.85299
-82.52	-91.28793
-83.15	-90.84845
-83.71	-90.22061
-84.4	-89.27885
-85.04	-88.46265
-85.72	-87.64646
-86.39	-87.01862
-86.84	-84.63284
-87.51	-83.56551
-88.15	-82.93766
-88.83	-81.87034
-89.47	-80.86579
-90.17	-80.11238
-90.8	-79.61012
-91.4	-78.98227
-92.01	-78.73113
-92.59	-78.29165
-93.22	-77.60102
-93.81	-77.22432
-94.44	-76.9104
-95	-76.21977
