Galeota 1996 Specimen AB3	
1026	
0.06	1.29492
0.12	2.654586
0.2	4.078998
0.27	5.50341
0.35	6.79833
0.44	8.352234
0.51	9.647154
0.58	11.00682
0.65	12.30174
0.74	13.66141
0.81	14.69734
0.89	15.99226
0.97	17.15769
1.04	18.77634
1.13	20.07126
1.22	21.8194
1.31	23.24381
1.4	24.73297
1.49	26.7401
1.59	28.22926
1.67	29.78316
1.75	31.01333
1.84	32.63198
1.94	34.31538
2.04	36.12827
2.14	37.55268
2.22	38.97709
2.3	40.20727
2.39	41.69642
2.49	43.31507
2.59	44.99847
2.7	46.74661
2.81	48.23577
2.91	49.78967
2.99	51.21408
3.07	52.44426
3.18	54.38664
3.29	55.81105
3.37	57.04123
3.45	58.2714
3.53	59.82531
3.61	61.05548
3.72	62.73888
3.83	64.16328
3.91	65.39346
4.02	66.81787
4.1	68.04805
4.21	69.86094
4.33	71.09111
4.41	72.58027
4.52	73.93993
4.63	75.62333
4.84	76.65926
4.97	78.08368
5.05	79.44334
5.17	80.86776
5.32	82.93961
5.43	84.10506
5.57	85.8532
5.68	87.21286
5.8	88.63728
5.97	90.32067
6.08	91.68034
6.26	93.55797
6.4	95.04713
6.55	96.21255
6.7	97.63696
6.83	99.06139
6.96	99.83833
7.07	100.8743
7.23	102.4929
7.39	103.9821
7.57	105.795
7.74	107.2194
7.93	108.6438
8.09	109.9387
8.23	111.1689
8.38	112.5285
8.54	114.0177
8.84	115.4421
9.04	116.8018
9.24	117.9025
9.4	119.1326
9.56	120.2981
9.74	121.7225
9.96	123.0174
10.14	124.3771
10.39	125.672
10.59	127.0964
10.81	128.4561
11.03	129.8805
11.25	131.3696
11.53	132.794
11.8	134.2832
12.02	135.5134
12.22	137.0673
12.45	138.3622
12.7	139.7219
12.96	141.1463
13.19	142.7649
13.45	143.8656
13.66	145.2253
13.9	146.326
14.16	147.6856
14.37	148.9806
14.63	150.146
14.89	151.5704
15.12	152.9948
15.41	154.4192
15.75	155.8436
16.08	157.268
16.44	156.5558
16.84	157.527
17.26	157.8508
17.61	159.3399
18.03	160.3758
18.39	162.1887
18.82	163.2247
19.37	156.6853
19.58	154.6134
19.64	152.8653
19.64	151.5704
19.51	150.146
19.37	148.4626
19.18	146.9087
19.05	145.2253
18.88	143.4771
18.73	141.988
18.55	140.3693
18.39	138.8802
18.22	137.2615
18.07	135.8371
17.9	134.4127
17.76	132.7293
17.58	131.1754
17.43	129.8805
17.27	128.2618
17.11	126.9022
16.95	125.2835
16.79	123.9886
16.61	122.5642
16.46	120.9455
16.29	119.6506
16.13	118.2262
15.96	116.6723
15.82	115.2479
15.68	113.5645
15.49	112.5285
15.32	111.1041
15.17	109.6797
14.99	108.2553
14.83	106.8956
14.68	105.6007
14.51	104.1763
14.34	102.7519
14.2	101.3275
14.03	100.0326
13.87	98.80238
13.71	97.18375
13.55	95.82408
13.39	94.33493
13.24	93.10474
13.06	91.74508
12.92	90.32067
12.75	89.02574
12.59	87.66608
12.43	86.24168
12.12	85.01151
11.88	83.39285
11.77	81.96843
11.6	80.67352
11.44	79.24911
11.26	77.88943
11.12	76.59452
10.95	75.10536
10.8	73.74569
10.63	72.45078
10.48	70.89687
10.33	69.6667
10.17	68.24228
10.01	66.94736
9.87	65.52295
9.7	64.09854
9.56	62.73888
9.4	61.31446
9.24	60.01954
9.1	58.59513
8.93	57.36495
8.8	55.81105
8.64	54.58088
8.48	53.15647
8.35	51.73205
8.2	50.50188
8.05	49.01272
7.91	47.45882
7.75	46.35814
7.6	44.80423
7.45	43.50931
7.31	42.0849
7.14	40.66049
6.99	39.36557
6.88	37.81166
6.75	36.71098
6.6	35.35132
6.48	34.0564
6.31	32.43775
6.19	31.07808
6.01	29.45943
5.88	28.03502
5.72	26.54586
5.62	25.38043
5.44	24.15026
5.28	22.92008
5.1	21.43093
5	20.20075
4.89	18.77634
4.74	17.22244
4.62	15.66853
4.48	14.11463
4.34	12.88445
4.21	11.3953
4.08	10.03563
3.95	8.805456
3.85	7.316298
3.73	5.891886
3.62	4.661712
3.49	3.302046
3.36	2.007126
3.2	0.453222
3	-0.776952
2.92	-2.26611
2.78	-3.690522
2.66	-5.114934
2.51	-6.604092
2.41	-7.704774
2.29	-9.193932
2.19	-10.5536
2.09	-11.78377
1.96	-13.33768
1.86	-14.69734
1.75	-16.38074
1.63	-17.80515
1.5	-19.55329
1.4	-20.9777
1.3	-22.20788
1.16	-23.89127
1.06	-25.38043
0.95	-26.61061
0.83	-28.03502
0.76	-29.39468
0.63	-30.8191
0.5	-32.11402
0.38	-33.47368
0.28	-34.7686
0.18	-35.99878
0.07	-37.35844
-0.06	-38.65336
-0.15	-40.07777
-0.3	-41.82591
-0.41	-43.05609
-0.5	-44.4805
-0.68	-45.96966
-0.88	-47.45882
-1.03	-49.27171
-1.13	-50.63137
-1.23	-51.86154
-1.39	-53.15647
-1.49	-54.58088
-1.64	-56.32902
-1.82	-57.62394
-1.99	-58.98361
-2.16	-60.47276
-2.25	-61.89718
-2.43	-63.38634
-2.57	-65.00497
-2.73	-66.36465
-2.89	-68.04805
-3	-69.40771
-3.17	-70.89687
-3.31	-72.51552
-3.47	-74.13417
-3.65	-75.55858
-3.75	-76.78875
-3.91	-78.47215
-4.06	-79.83182
-4.18	-81.062
-4.33	-82.68063
-4.5	-84.29929
-4.63	-85.8532
-4.81	-87.47185
-4.95	-89.21999
-5.1	-90.70914
-5.28	-92.26305
-5.42	-93.81696
-5.58	-95.24136
-5.75	-96.86002
-5.91	-98.60816
-6.06	-100.0973
-6.24	-101.457
-6.38	-102.9461
-6.54	-104.4353
-6.71	-105.8597
-6.88	-107.4136
-7.03	-108.7085
-7.21	-110.1329
-7.42	-111.8811
-7.57	-113.176
-7.75	-114.6004
-7.91	-116.0248
-8.1	-117.1903
-8.26	-118.6147
-8.46	-120.1686
-8.65	-121.7225
-8.85	-123.1469
-9.06	-124.636
-9.28	-126.19
-9.45	-127.4201
-9.68	-129.0388
-9.88	-130.4632
-10.1	-131.7581
-10.33	-133.1178
-10.55	-134.6069
-10.78	-135.9019
-11.01	-137.2615
-11.32	-138.6859
-11.54	-140.1103
-11.77	-141.3405
-12.02	-142.7649
-12.3	-144.3836
-12.63	-146.0022
-12.91	-147.4914
-13.17	-148.8511
-13.46	-150.0812
-13.79	-151.6351
-14.08	-153.0595
-14.32	-154.2897
-14.69	-155.5199
-15.05	-156.8148
-15.41	-158.1097
-15.8	-159.5341
-16.11	-160.9586
-16.44	-162.2535
-16.85	-163.4837
-17.19	-165.0376
-17.65	-166.1382
-18.13	-166.8504
-18.54	-167.6921
-18.84	-164.2606
-18.99	-162.9657
-19.01	-161.606
-19.05	-159.9874
-18.94	-158.4982
-18.82	-157.1385
-18.69	-155.9084
-18.49	-154.1602
-18.32	-152.1531
-18.14	-150.405
-17.97	-148.8511
-17.79	-147.1029
-17.68	-145.8727
-17.49	-144.3836
-17.38	-142.9592
-17.2	-141.3405
-17.03	-139.7219
-16.85	-138.2327
-16.68	-136.6788
-16.56	-135.3839
-16.38	-133.6357
-16.2	-132.3408
-16.02	-130.5927
-15.85	-129.1683
-15.67	-127.6144
-15.48	-125.8015
-15.31	-124.4418
-15.12	-122.8232
-14.94	-121.334
-14.77	-119.7154
-14.59	-118.2909
-14.42	-116.8018
-14.24	-115.2479
-14.12	-114.0177
-13.95	-112.5933
-13.77	-111.1689
-13.6	-109.7445
-13.42	-108.1258
-13.24	-106.6367
-13.07	-104.9533
-12.89	-103.5936
-12.72	-102.1692
-12.53	-100.3563
-12.33	-98.6729
-12.13	-96.86002
-11.98	-95.62984
-11.78	-93.81696
-11.56	-92.13356
-11.37	-90.45016
-11.17	-88.70202
-11.05	-87.47185
-10.83	-85.65896
-10.64	-84.10506
-10.45	-82.16267
-10.24	-80.34979
-10.05	-78.60164
-9.85	-76.78875
-9.72	-75.62333
-9.53	-73.74569
-9.34	-72.12704
-9.21	-70.83212
-9.03	-69.01924
-8.83	-67.40058
-8.7	-66.04092
-8.51	-64.29278
-8.3	-62.54464
-8.12	-60.667
-7.93	-58.85411
-7.72	-57.23547
-7.6	-55.94054
-7.4	-54.32189
-7.28	-53.09172
-7.08	-51.34358
-6.89	-49.66018
-6.69	-48.04153
-6.51	-46.42288
-6.32	-44.67474
-6.12	-43.05609
-5.92	-41.2432
-5.74	-39.62455
-5.55	-38.0059
-5.36	-36.32251
-5.16	-34.50962
-4.98	-32.82622
-4.79	-31.20757
-4.62	-29.58892
-4.43	-27.84078
-4.23	-26.09264
-4.06	-24.3445
-3.88	-22.72585
-3.71	-20.9777
-3.52	-19.03532
-3.34	-17.0282
-3.18	-15.3448
-3.07	-13.92039
-2.96	-12.69022
-2.79	-10.81258
-2.64	-8.934948
-2.47	-7.12206
-2.37	-5.762394
-2.21	-3.88476
-2.05	-2.071872
-1.92	-0.388476
-1.73	1.230174
-1.59	2.784078
-1.46	4.467474
-1.31	6.345108
-1.16	7.963758
-1.03	9.647154
-0.88	11.20106
-0.77	12.62547
-0.61	14.04988
-0.48	15.28006
-0.33	16.70447
-0.23	17.93464
-0.11	19.16482
0.05	20.78346
0.17	22.01364
0.28	23.43805
0.42	25.31569
0.58	27.12857
0.75	28.94146
0.9	30.8191
1.07	32.63198
1.21	34.12114
1.39	35.86928
1.57	37.61743
1.76	39.43031
1.9	40.78998
2.03	42.0849
2.17	43.44457
2.29	44.67474
2.43	45.90491
2.58	47.19984
2.79	49.14221
2.95	50.37239
3.08	51.7968
3.23	53.02697
3.45	54.96935
3.6	56.19953
3.75	57.55919
3.91	58.78937
4.05	60.08429
4.21	61.44395
4.36	62.73888
4.6	64.55176
4.84	66.36465
4.99	67.59482
5.14	69.01924
5.37	70.63788
5.61	72.64501
5.85	74.39315
6.07	76.1413
6.32	77.5657
6.56	79.3786
6.8	81.12674
7.06	83.13386
7.3	84.75251
7.45	85.9827
7.7	87.60133
7.95	89.47897
8.21	91.29185
8.45	92.97525
8.69	94.78814
8.94	96.53629
9.19	98.02544
9.43	100.0326
9.7	101.5217
9.94	103.2699
10.19	105.018
10.43	106.5719
10.67	108.0611
10.94	109.874
11.2	111.3631
11.44	112.9818
11.7	114.7299
11.96	116.2191
12.2	117.9025
12.46	119.5211
12.7	121.075
12.95	122.7584
13.21	123.9886
13.46	125.7367
13.72	126.9669
13.97	128.6503
14.31	130.6574
14.56	132.0818
14.82	133.3768
15.07	134.6069
15.41	136.3551
15.67	137.7147
16.02	139.3334
16.37	141.1463
16.61	142.3117
16.89	143.6066
17.16	144.7721
17.49	146.2612
17.83	147.8799
18.18	149.4338
18.55	150.8582
18.98	152.4121
19.45	153.966
19.87	155.3904
20.34	156.8148
20.78	158.2392
21.35	159.2752
21.92	160.3758
22.48	161.5413
23.04	162.5125
23.63	163.3541
24.21	164.0016
24.79	164.5843
25.37	164.9728
26	165.3613
26.6	165.4908
27.22	165.167
27.92	164.5843
28.66	163.1599
29.45	161.8003
30.1	160.3111
30.67	158.9514
31.11	157.527
31.55	156.1674
31.98	154.8724
32.4	153.6423
33.01	152.0884
33.55	150.7287
34.25	149.4985
34.65	148.4626
35.37	146.8439
36.08	145.4195
36.66	144.3188
37.22	143.1534
37.88	142.1822
38.57	140.8873
39.27	139.7219
39.93	138.6859
40.76	137.2615
41.59	135.9666
42.42	134.5422
42.6	132.9883
42.67	132.5998
42.61	131.4991
42.45	129.6215
42.27	128.0028
42.09	126.2547
41.86	124.7655
41.66	123.0821
41.49	121.6577
41.31	120.0391
41.12	118.4852
40.96	117.1903
40.77	115.5716
40.59	114.2119
40.4	112.7875
40.2	111.2336
40.03	109.9387
39.85	108.4496
39.67	106.9604
39.48	105.6007
39.3	104.3058
39.12	102.6872
38.86	100.7448
38.67	99.6441
38.49	98.09019
38.32	96.73053
38.14	95.37086
37.89	93.49323
37.72	91.93932
37.52	90.64439
37.34	89.0905
37.16	87.79557
36.97	86.43591
36.71	84.36404
36.51	82.93961
36.32	81.64471
36.04	79.63758
35.78	78.21317
35.58	76.52977
35.37	75.10536
35.12	73.35722
34.93	71.73857
34.73	70.24941
34.48	68.56601
34.27	67.01211
34.08	65.52295
33.81	63.77481
33.63	62.47989
33.43	60.99073
33.23	59.56632
32.97	58.01241
32.78	56.52326
32.58	54.96935
32.39	53.73918
32.13	52.12053
31.94	50.63137
31.75	49.20696
31.5	47.78255
31.31	46.1639
31.11	44.86898
30.93	43.50931
30.67	41.89066
30.42	40.4015
30.18	38.32963
29.94	37.09946
29.69	35.09233
29.45	33.86216
29.23	31.91978
29	30.6896
28.77	28.94146
28.53	27.5818
28.3	25.96315
28.08	24.66823
27.87	22.92008
27.59	21.43093
27.37	20.07126
27.13	18.77634
26.91	16.96345
26.65	15.08582
26.41	13.66141
26.18	12.23699
25.99	11.00682
25.76	9.647154
25.59	8.41698
25.34	6.79833
25.08	5.50341
24.79	4.337982
24.51	2.91357
24.23	1.424412
23.93	0.129492
23.73	-1.29492
23.49	-2.719332
23.2	-4.143744
22.98	-5.762394
22.7	-6.927822
22.44	-8.352234
22.17	-9.841393
21.86	-11.3953
21.55	-12.9492
21.24	-14.30887
20.95	-15.92752
20.63	-17.22244
20.28	-19.22956
19.96	-20.84821
19.65	-22.33737
19.33	-24.08551
19.01	-25.8984
18.71	-27.5818
18.48	-28.81197
18.21	-30.23638
17.96	-31.46656
17.7	-32.76148
17.44	-34.18589
17.2	-35.41606
16.94	-36.84047
16.68	-38.20014
16.34	-39.88353
16.01	-41.43744
15.76	-42.47338
15.5	-43.96254
15.22	-45.12796
14.97	-46.61712
14.63	-48.17102
14.31	-49.59544
13.99	-51.14934
13.63	-52.57375
13.29	-53.99817
12.95	-55.42258
12.55	-57.04123
12.2	-58.46564
11.85	-59.69581
11.51	-61.12022
11.08	-62.47989
10.74	-63.96905
10.4	-65.3287
10.05	-66.55889
9.42	-67.46533
9.05	-68.825
8.69	-70.11992
8.36	-71.35009
8.01	-72.904
7.59	-74.19892
7.22	-75.62333
6.8	-77.04774
6.36	-78.40741
5.76	-79.50809
5.41	-80.9325
5.07	-82.35691
4.72	-83.71658
4.31	-85.33523
3.96	-86.88913
3.56	-88.31354
2.96	-89.54372
2.65	-90.96813
2.29	-92.58678
1.96	-94.20543
1.64	-95.5651
1.33	-97.18375
0.98	-98.47867
0.68	-99.6441
0.41	-101.0685
0.08	-102.4929
-0.3	-104.2411
-0.86	-105.6655
-1.09	-106.8309
-1.36	-108.2553
-1.67	-110.0682
-1.99	-111.5574
-2.25	-112.9818
-2.58	-114.6004
-2.87	-116.0896
-3.19	-117.6435
-3.56	-119.3269
-3.81	-120.5571
-4.28	-121.7872
-4.51	-123.2116
-4.78	-124.5713
-5.02	-125.672
-5.3	-127.2259
-5.55	-128.6503
-5.84	-130.1395
-6.06	-131.6934
-6.37	-133.2473
-6.66	-134.8659
-6.97	-136.0313
-7.26	-137.65
-7.58	-139.2686
-7.87	-140.8873
-8.36	-141.5995
-8.65	-143.0239
-8.86	-144.5778
-9.18	-146.067
-9.45	-147.6209
-9.77	-149.0453
-10.15	-150.5992
-10.5	-152.2178
-10.79	-153.5775
-11.01	-155.0019
-11.51	-155.3904
-11.81	-153.5775
-12.1	-154.8724
-12.34	-156.2968
-12.64	-157.8508
-12.94	-159.2752
-13.3	-160.7643
-13.65	-162.2535
-14.14	-162.124
-14.51	-163.6779
-14.88	-165.2965
-15.23	-166.6562
-15.72	-167.9511
-16.22	-169.3108
-16.66	-168.5338
-17.1	-169.8935
-17.55	-170.9294
-17.97	-171.9654
-18.41	-172.5481
-18.55	-171.1237
-19	-171.9654
-19.44	-172.7423
-19.94	-173.0661
-20.37	-171.3179
-21.29	-161.347
-21.54	-159.5341
-21.9	-157.9155
-22.76	-157.6565
-23.57	-157.268
-24.22	-156.4263
-25	-156.8148
-25.68	-156.9443
-26.47	-157.0738
-26.89	-155.5846
-27.7	-155.3904
-28.42	-155.0667
-29.17	-154.8724
-30	-153.0595
-30.92	-151.5704
-31.74	-150.146
-32.72	-148.4626
-33.47	-145.8727
-34.2	-144.0598
-35.01	-142.5707
-35.81	-140.6931
-36.5	-139.0744
-36.66	-137.7147
-37.28	-135.7724
-37.79	-134.4127
-38.29	-132.5998
-38.9	-130.9164
-39.52	-129.2978
-40.21	-127.6144
-40.52	-125.9957
-41.28	-124.3771
-41.39	-123.0174
-41.52	-122.8232
-41.41	-120.6865
-41.26	-119.3269
-41.03	-117.8377
-40.83	-116.0248
-40.67	-114.6652
-40.5	-112.7875
-40.39	-111.1689
-40.28	-109.874
-40.1	-107.6079
-39.96	-106.3777
-39.75	-104.5648
-39.54	-103.1404
-39.31	-101.3922
-39.09	-99.90308
-38.87	-98.47867
-38.64	-96.79527
-38.4	-95.37086
-38.17	-93.75221
-37.94	-92.06882
-37.71	-90.70914
-37.49	-89.28474
-37.26	-87.66608
-37.03	-86.17693
-36.81	-84.62302
-36.58	-83.19862
-36.35	-81.57996
-36.12	-80.2203
-35.89	-78.79588
-35.66	-77.24198
-35.45	-76.01181
-35.21	-74.32841
-34.98	-72.77451
-34.75	-71.47958
-34.52	-70.11992
-34.3	-68.50127
-34.06	-67.20635
-33.84	-65.84668
-33.61	-64.42227
-33.38	-62.93311
-33.15	-61.70294
-32.92	-60.21378
-32.7	-58.78937
-32.46	-57.36495
-32.22	-55.81105
-32.01	-54.58088
-31.77	-53.28596
-31.52	-51.92629
-31.3	-50.50188
-31.07	-49.27171
-30.83	-47.97678
-30.51	-46.22864
-30.2	-44.60999
-29.95	-43.31507
-29.64	-41.82591
-29.41	-40.531
-29.17	-39.30082
-28.86	-37.61743
-28.61	-36.51675
-28.38	-35.09233
-28.14	-33.86216
-27.92	-32.56724
-27.6	-30.88384
-27.29	-29.39468
-27.06	-27.97027
-26.83	-26.41637
-26.6	-25.12145
-26.38	-23.76178
-26.14	-22.53161
-25.93	-20.91296
-25.69	-19.61804
-25.46	-18.19363
-25.24	-16.83396
-25.01	-15.40955
-24.78	-14.04988
-24.55	-12.75496
-24.33	-11.3953
-24.1	-9.970883
-23.87	-8.611217
-23.64	-7.186806
-23.42	-5.956632
-23.2	-4.661712
-22.97	-3.2373
-22.75	-2.071872
-22.53	-0.776952
-22.25	0.841698
-21.89	2.395602
-21.65	3.625776
-21.46	5.050188
-21.27	6.280362
-20.96	7.899012
-20.66	9.582408
-20.38	10.81258
-20.12	12.17225
-19.8	13.66141
-19.47	14.95633
-19.21	16.1865
-18.93	17.48142
-18.66	19.22956
-18.4	20.2655
-18.09	21.88415
-17.82	23.30856
-17.5	25.12145
-17.16	26.80484
-16.92	28.42349
-16.6	29.78316
-16.27	31.27232
-16.03	32.43775
-15.77	33.86216
-15.5	35.15708
-15.16	36.77573
-14.79	38.39438
-14.51	39.81879
-14.21	41.17846
-13.9	42.60287
-13.62	43.70355
-13.32	45.12796
-12.91	46.81136
-12.61	48.36526
-12.3	49.66018
-12.01	50.89036
-11.7	52.25002
-11.39	53.67444
-11.07	54.90461
-10.78	56.39377
-10.45	57.62394
-10.05	59.04835
-9.74	60.60225
-9.41	61.89718
-8.99	63.51583
-8.57	64.94024
-8.25	66.29991
-7.82	68.04805
-7.37	69.40771
-6.95	70.63788
-6.52	72.32128
-6.07	73.68095
-5.64	74.91113
-5.19	76.33554
-4.75	77.75995
-4.19	79.05487
-3.6	80.28504
-3.02	81.70945
-2.56	82.93961
-1.85	84.29929
-1.27	85.72371
-0.57	87.14812
0.02	88.57253
0.73	89.67322
1.3	91.03288
2.03	92.26305
2.73	93.8817
3.5	94.78814
4.24	95.62984
4.98	96.79527
5.72	97.37799
6.47	98.09019
7.11	98.80238
8.01	98.09019
8.67	96.86002
9.32	95.4356
10.15	95.75934
10.98	94.52916
11.36	93.10474
11.93	91.4861
12.37	89.8027
12.73	88.37829
13.7	87.34236
14.29	85.27048
14.68	83.91082
15.07	82.6159
15.83	81.51521
16.69	81.38572
17.28	79.44334
17.71	77.37147
18.14	75.36434
18.59	73.48671
19.04	71.60909
19.41	69.99043
20.18	68.825
21.08	66.36465
21.54	63.83955
21.9	61.5087
22.48	60.21378
22.52	59.43683
