Galeota 1996 Specimen CB1	
2891	
0.13	2.574144
0.27	5.524992
0.49	8.538624
0.57	10.10822
0.65	11.67782
0.82	14.62867
1.01	17.6423
1.1	19.08634
1.14	20.4048
1.37	23.79514
1.61	27.37382
1.73	28.69229
1.79	29.88518
1.98	32.45933
2.18	35.28461
2.27	36.72864
2.36	38.10989
2.55	41.43744
2.74	44.76499
2.92	46.33459
3.03	48.72038
3.35	52.73856
3.51	54.87321
3.61	56.12889
3.91	59.51923
4.01	61.02605
4.15	62.59565
4.42	65.73485
4.57	67.17888
4.7	68.74848
4.99	71.57376
5.1	73.14336
5.23	74.65018
5.49	77.53824
5.64	78.91949
5.75	80.23795
6.06	83.06323
6.19	84.3817
6.35	85.76295
6.59	88.52544
6.75	89.78112
6.92	91.16237
7.19	93.79929
7.32	95.11776
7.67	96.87571
7.82	98.06861
7.98	99.44986
8.390001	103.0913
8.55	104.4726
8.7	105.6027
9.12	108.8047
9.24	110.1231
9.49	111.9439
9.74	111.5672
10.11	115.5853
10.32	117.72
10.44	118.4734
10.79	121.2359
10.92	122.0521
11.18	123.8728
11.5	126.3842
11.6	127.3887
11.98	129.7745
12.18	131.3441
12.42	133.0393
12.75	135.3623
12.9	136.1157
13.28	138.3759
13.35	139.2549
13.8	141.8918
13.91	142.6452
14.24	144.8427
14.46	145.91
14.8	147.8563
15	149.0492
15.22	150.3677
15.55	152.0629
15.75	153.193
16.15	155.5788
16.28	155.9555
16.71	158.5924
16.76	158.2785
17.41	161.9199
17.62	162.8617
17.97	164.4313
18.38	159.3458
18.62	158.9063
19.17	160.727
19.67	161.3549
19.87	162.0455
19.79	158.2785
19.37	153.8208
19.01	149.4887
18.84	147.6052
18.62	145.5961
18.2	141.264
18.01	139.2549
17.82	137.3714
17.46	133.7299
17.26	131.7208
17.06	129.8373
16.78	126.8237
16.53	124.6262
16.26	122.0521
16.02	119.8547
15.83	118.0967
15.45	114.3297
15.24	112.3834
15.06	110.3743
14.64	106.4189
14.47	104.7865
14.31	102.7146
13.9	99.32429
13.68	97.3152
13.46	95.68282
13.09	91.60185
12.89	89.96947
12.67	88.39987
12.27	84.63284
12.06	82.87488
11.86	81.05415
11.52	77.34989
11.3	75.65472
11.1	73.58285
10.71	70.69479
10.52	68.56013
10.3	66.61382
9.890001	63.34906
9.74	61.5911
9.47	60.08429
9.140001	56.31725
8.93	54.49651
8.729999	52.86413
8.29	49.59936
8.16	48.09254
7.91	46.33459
7.56	42.94426
7.4	41.24909
7.22	39.6167
6.83	36.41472
6.65	34.46841
6.47	33.14995
6.1	30.07354
5.94	28.50394
5.76	26.80877
5.47	23.73235
5.34	21.84883
5.14	20.84429
4.91	18.20736
4.74	16.63776
4.59	15.3193
4.31	12.43123
4.23	11.74061
3.99	9.480384
3.67	6.59232
3.56	5.148288
3.43	3.390336
3.11	0.753408
3.04	-0.188352
2.79	-3.1392
2.46	-5.776128
2.31	-7.282944
2.11	-8.852544
1.81	-13.05907
1.66	-14.44032
1.5	-15.82157
1.23	-18.96077
1.11	-20.4048
0.92	-22.16275
0.63	-25.1136
0.53	-26.74598
0.36	-28.12723
0.08	-31.32922
-0.11	-33.08717
-0.23	-34.46841
-0.54	-37.98432
-0.79	-37.79597
-1.13	-41.24909
-1.37	-44.63942
-1.54	-46.02067
-1.69	-47.59027
-2.01	-50.47834
-2.16	-52.1735
-2.33	-53.68032
-2.66	-56.31725
-2.78	-58.01242
-2.98	-58.89139
-3.28	-62.15616
-3.4	-63.53741
-3.63	-64.7303
-3.88	-67.80672
-4.04	-69.18797
-4.43	-71.51098
-4.72	-74.33626
-4.84	-75.46637
-5.04	-76.84762
-5.42	-79.42176
-5.55	-81.05415
-5.7	-82.18426
-6.03	-84.82118
-6.18	-85.82573
-6.54	-88.21152
-6.7	-89.40442
-6.88	-90.78567
-7.23	-93.17146
-7.38	-94.48992
-7.9	-97.88026
-8.08	-99.01037
-8.47	-101.0822
-8.640001	-102.2751
-8.99	-104.1587
-9.229999	-104.2214
-9.79	-107.7373
-9.939999	-108.7419
-10.32	-111.1905
-10.49	-112.3206
-10.81	-114.0785
-11.04	-114.9575
-11.38	-117.0922
-11.56	-117.9084
-11.98	-119.9174
-12.19	-120.1058
-12.74	-123.1822
-12.92	-124.0612
-13.31	-125.8819
-13.49	-127.0748
-13.87	-128.9583
-14.05	-129.8373
-14.39	-131.7208
-14.57	-132.7254
-15.08	-133.7927
-15.28	-134.3578
-15.74	-136.8691
-16.02	-137.9364
-16.36	-139.9455
-16.58	-140.6989
-16.96	-142.5197
-17.18	-143.0847
-17.73	-145.9728
-17.91	-146.8518
-18.57	-148.233
-18.73	-149.0492
-19.08	-151.1839
-19.32	-151.8117
-19.7	-153.1302
-20.1	-154.5742
-20.33	-155.202
-20.93	-156.5833
-21.55	-155.8927
-22.24	-157.4623
-22.36	-158.2785
-22.97	-160.162
-23.16	-160.8526
-23.66	-161.1037
-24.27	-161.8571
-24.89	-161.5432
-25.27	-163.05
-25.51	-163.8035
-26.09	-165.1847
-26.27	-165.6242
-26.66	-166.1893
-27.16	-165.8125
-27.4	-162.485
-27.1	-159.6597
-26.74	-157.1483
-26.59	-155.7671
-26.28	-153.3185
-26.09	-152.1256
-26.01	-150.7444
-25.45	-146.9773
-25.32	-146.0356
-25.04	-143.4614
-24.72	-141.1384
-24.53	-139.9455
-24.07	-136.4924
-23.92	-135.2995
-23.57	-133.1021
-23.42	-131.7836
-23.28	-130.5907
-22.83	-127.2004
-22.64	-125.8819
-22.31	-123.8101
-22.1	-122.4916
-21.85	-120.2314
-21.51	-117.9084
-21.33	-116.6527
-20.91	-113.3879
-20.77	-111.8183
-20.4	-109.8092
-20.27	-108.8047
-19.94	-106.6072
-19.58	-104.1587
-19.48	-103.2169
-19.01	-99.82656
-18.84	-98.50809
-18.51	-96.31065
-18.32	-95.30611
-18.01	-92.92032
-17.73	-90.91123
-17.59	-89.71834
-17.2	-87.39532
-17.08	-86.328
-16.61	-83.1888
-16.44	-82.18426
-16.11	-79.6729
-15.78	-77.72659
-15.66	-76.65926
-15.27	-74.5246
-15.15	-73.45728
-14.71	-70.19251
-14.53	-68.99962
-14.19	-67.17888
-14.03	-65.98598
-13.73	-63.66298
-13.37	-61.96781
-13.24	-60.8377
-12.82	-59.20531
-12.66	-58.0752
-12.17	-55.3127
-11.99	-54.62208
-11.65	-52.29907
-11.46	-51.48288
-11.14	-49.72493
-10.94	-48.72038
-10.57	-46.96243
-10.38	-45.76954
-10.07	-43.82323
-9.88	-42.75591
-9.520001	-40.87238
-9.21	-38.80051
-9.05	-37.60762
-8.58	-34.40563
-8.41	-33.27552
-8.100001	-30.88973
-7.79	-28.75507
-7.63	-27.56218
-7.2	-24.54854
-7.01	-23.60678
-6.73	-21.15821
-6.33	-18.96077
-6.28	-17.89344
-5.78	-14.5031
-5.65	-13.24742
-5.32	-11.04998
-5.03	-9.10368
-4.96	-7.973568
-4.43	-4.520448
-4.29	-3.1392
-4.13	-1.444032
-3.78	-0.188352
-3.65	1.757952
-3.2	5.02272
-3.1	6.215616
-2.93	7.53408
-2.59	10.54771
-2.48	11.11277
-2.22	13.31021
-1.97	15.13094
-1.94	15.82157
-1.61	18.39571
-1.39	20.46758
-1.31	21.40934
-0.92	24.42298
-0.78	25.36474
-0.57	27.49939
-0.24	29.69683
-0.14	30.70138
0.24	34.09171
0.43	35.47296
0.71	37.85875
1.02	40.55846
1.14	41.75136
1.48	44.3255
1.67	45.76954
1.86	47.21357
2.21	49.91328
2.35	51.10617
2.55	52.73856
2.85	55.43827
3.02	56.88231
3.19	58.20077
3.59	60.64935
3.69	62.4073
4.25	66.23712
4.42	67.43002
4.74	70.00416
4.97	70.50643
5.31	73.26893
5.51	74.65018
5.85	77.09875
6.01	78.22887
6.21	79.61012
6.58	82.05869
6.73	82.24704
7.08	84.94675
7.27	86.45357
7.44	87.5209
7.89	91.16237
8.12	92.92032
8.51	94.176
8.770001	95.3689
8.850001	96.68736
9.26	99.26151
9.42	100.266
9.770001	102.024
10.01	103.0913
10.18	104.5981
10.52	106.7956
10.71	107.9257
11.08	109.3697
11.25	110.751
11.59	113.1368
11.73	114.518
12.1	116.6527
12.45	118.2851
12.67	119.478
12.99	122.0521
13.18	122.9939
13.79	125.6308
13.93	127.0748
14.29	129.2095
14.43	130.4024
14.78	132.537
15.01	132.9765
15.3	135.174
15.54	136.4924
15.86	138.5015
16.05	139.6944
16.36	141.0129
16.56	142.2058
16.93	144.0893
17.13	145.2822
17.47	147.2285
17.66	147.4168
17.97	149.7398
18.36	151.435
18.51	152.6279
18.93	153.3813
19.26	155.516
19.43	156.081
20.05	157.1483
20.19	158.0901
20.72	160.727
20.93	160.727
21.47	163.2384
21.65	164.0546
22.17	165.2475
22.37	166.0637
22.81	167.2566
23.52	168.9517
23.73	169.3912
24.27	171.0236
24.87	171.4003
25.06	171.5259
25.56	171.212
26.3	170.5841
27.03	169.454
27.71	169.9563
28.27	168.7634
28.57	168.7634
29.26	168.8262
29.79	167.7589
30.49	168.0728
31.02	167.2566
31.76	167.8216
32.29	166.6287
33.01	166.6915
33.31	165.687
33.58	165.687
34.24	166.1893
34.81	165.1847
35.55	164.3057
36.1	164.6196
36.84	163.8662
37.55	163.6151
38.31	164.1174
38.54	163.1128
38.84	163.2384
39.58	162.6106
40.09	162.9245
40.61	162.2966
41.27	162.8617
41.86	162.0455
42.54	161.4177
43.34	160.9154
43.69	160.5387
43.46	157.5251
43.08	152.314
42.95	149.0492
42.77	147.2285
42.63	145.5961
42.17	142.0174
41.97	140.2595
41.78	137.8737
41.36	134.6717
41.14	132.4115
40.89	130.5907
40.49	127.2632
40.26	125.0029
40.04	123.3078
39.61	119.5407
39.39	117.6572
39.18	116.1504
38.73	112.195
38.53	110.9393
38.32	108.7419
37.88	105.4771
37.64	103.2169
37.43	101.3962
37	97.88026
36.77	95.93395
36.54	94.74106
36.12	90.59731
35.9	88.83936
35.65	87.1442
35.35	85.38624
35.09	82.8121
34.81	80.11238
34.54	78.22887
34.35	77.03596
33.92	73.58285
33.7	71.51098
33.5	70.19251
33.03	66.7394
32.79	65.16979
32.59	63.78854
32.15	60.46099
31.93	58.70304
31.7	57.13344
31.27	54.24538
31.03	52.55021
30.82	50.91782
30.35	48.15533
30.15	46.52295
29.94	44.82778
29.46	42.3792
29.24	40.55846
28.8	37.60762
28.62	36.60307
28.4	34.90791
27.96	31.89427
27.76	30.70138
27.32	28.50394
27.15	27.31104
26.95	25.74144
26.67	23.23008
26.51	22.3511
26.02	20.27923
25.81	18.89798
25.63	17.6423
25.24	15.06816
25.05	14.1264
24.64	12.24288
24.52	12.05453
24.13	9.543168
23.87	7.973568
23.6	6.717888
23.26	5.148288
23.08	3.641472
22.71	2.323008
22.18	0.816192
22.05	0
21.63	-2.009088
21.41	-3.1392
21.03	-5.33664
20.84	-6.2784
20.24	-8.726976
20.01	-9.857088
19.54	-11.86618
19.33	-12.9335
18.9	-14.81702
18.67	-15.25651
18.18	-17.45395
17.96	-18.27014
17.66	-20.46758
17.44	-21.5977
16.8	-23.79514
16.62	-24.7369
16.12	-26.6832
15.92	-28.06445
15.47	-30.45024
15.22	-30.70138
14.57	-33.46387
14.3	-34.02893
13.88	-36.41472
13.59	-37.04256
13.18	-38.98886
12.92	-39.6167
12.21	-42.00249
12	-42.81869
11.48	-44.57664
11.29	-45.70675
10.53	-46.96243
10.33	-47.90419
9.8	-49.47379
9.34	-51.10617
9.08	-51.35731
8.36	-53.11526
8.05	-53.86867
7.6	-55.50106
7.07	-56.06611
6.86	-56.81952
6.3	-58.38912
5.57	-59.77037
5.34	-60.64935
4.83	-61.84224
4.34	-62.84678
4.08	-63.34906
3.31	-65.16979
3.08	-65.60928
2.54	-66.92774
2.1	-68.56013
1.81	-68.6857
1.13	-70.94592
0.83	-71.57376
0.59	-72.07603
-0.13	-74.08512
-0.34	-74.71296
-0.86	-76.34534
-1.06	-77.09875
-1.51	-78.41721
-2.02	-79.79846
-2.26	-80.0496
-2.96	-82.56096
-3.16	-83.1888
-3.62	-85.44902
-3.83	-85.63737
-4.53	-88.14874
-4.73	-88.77657
-5.18	-90.91123
-5.4	-91.28793
-6.03	-93.92487
-6.28	-94.92941
-6.86	-96.68736
-7.16	-97.6919
-7.6	-100.0149
-7.77	-100.58
-8.41	-103.1541
-8.649999	-103.782
-9.3	-106.2305
-9.520001	-106.9212
-9.97	-108.8047
-10.17	-109.5581
-10.59	-111.5672
-10.79	-112.3206
-11.44	-114.7691
-11.64	-115.2714
-12.29	-118.0339
-12.5	-118.8501
-13.15	-121.0476
-13.33	-121.9893
-13.79	-123.6217
-13.96	-124.3751
-14.61	-126.7609
-14.84	-126.9492
-15.51	-129.9629
-15.68	-130.7163
-16.38	-132.3487
-16.56	-132.9765
-16.99	-135.0484
-17.26	-135.4879
-17.67	-137.1203
-18.09	-138.4387
-18.32	-138.941
-18.96	-141.2012
-19.2	-141.264
-19.84	-143.4614
-20.05	-144.2148
-20.52	-145.5961
-21.22	-147.0401
-21.39	-147.7308
-21.91	-148.547
-22.3	-149.8026
-22.52	-150.556
-23.25	-151.6234
-23.49	-152.314
-23.9	-153.193
-24.4	-154.1347
-24.88	-155.4532
-25.19	-155.5788
-25.77	-156.7717
-26.49	-157.9018
-26.75	-158.5296
-26.99	-158.9063
-27.5	-159.2202
-28.19	-160.2248
-28.72	-160.2876
-29.66	-160.4759
-30	-161.2293
-30.5	-160.6015
-31.06	-161.2293
-31.6	-160.7898
-32.27	-160.7898
-33.02	-160.2248
-33.99	-159.8481
-34.64	-159.0947
-35.22	-159.4086
-35.88	-158.9063
-36.59	-158.3412
-36.61	-158.2157
-37.37	-158.2785
-37.98	-157.4623
-38.53	-156.8972
-39.4	-156.1438
-39.9	-156.2694
-40.3	-155.7043
-40.47	-155.6415
-41.12	-155.8299
-42.03	-155.0765
-42.92	-150.9327
-43.33	-148.9236
-43.95	-149.4259
-44.56	-148.9864
-45.36	-149.4259
-45.99	-148.4214
-46.31	-148.4214
-47.08	-147.9819
-47.62	-148.1075
-48.29	-147.2285
-48.94	-147.4168
-49.46	-146.5379
-49.95	-145.5961
-50.38	-145.5333
-51.09	-145.1566
-51.86	-144.9683
-52.52	-144.1521
-53.35	-143.2731
-54.01	-143.2731
-54.11	-142.4569
-54.56	-142.3941
-55.17	-141.6407
-55.72	-141.8918
-56.48	-140.8873
-57.03	-140.8245
-57.38	-139.6944
-57.53	-139.82
-58.29	-138.8782
-58.84	-138.8782
-59.34	-135.9274
-58.72	-130.9674
-58.17	-127.012
-57.88	-125.0657
-57.52	-123.4333
-56.88	-120.2314
-56.67	-118.3478
-56.54	-116.7155
-56.16	-115.3342
-55.91	-113.5763
-55.41	-110.3115
-55.16	-108.6163
-54.93	-107.0467
-54.61	-105.6027
-54.35	-104.0331
-54.03	-102.5891
-53.8	-100.8939
-53.22	-97.88026
-53.05	-96.05952
-52.69	-94.5527
-52.53	-93.17146
-52.28	-91.47629
-52.02	-89.90668
-51.73	-88.21152
-51.44	-86.76749
-51.28	-85.32346
-50.71	-82.3726
-50.44	-80.67744
-50.17	-79.10784
-49.94	-77.60102
-49.68	-76.03143
-49.4	-74.71296
-49.14	-73.14336
-48.64	-70.12973
-48.4	-68.56013
-48.11	-66.99052
-47.83	-65.60928
-47.56	-64.16525
-47.32	-62.59565
-47.01	-61.46553
-46.72	-60.0215
-46.5	-58.57747
-45.97	-55.68941
-45.71	-54.43373
-45.45	-53.05248
-45.06	-51.73402
-44.78	-50.54112
-44.53	-49.28544
-44.25	-47.90419
-43.96	-46.7113
-43.38	-44.38829
-43.08	-42.94426
-42.8	-41.75136
-42.5	-40.55846
-41.95	-38.0471
-41.58	-36.85421
-41.1	-34.28006
-40.76	-33.08717
-40.44	-31.64314
-40.26	-30.26189
-39.95	-28.94342
-39.69	-27.56218
-39.46	-26.11814
-38.91	-23.41843
-38.65	-22.16275
-38.35	-20.84429
-38.11	-19.58861
-37.83	-18.27014
-37.51	-17.01446
-37.25	-15.63322
-36.97	-14.1264
-36.7	-13.05907
-36.43	-11.67782
-36.18	-10.29658
-35.88	-8.915328
-35.6	-7.722432
-35.37	-6.466752
-35.06	-5.148288
-34.81	-3.76704
-34.27	-1.192896
-34.01	0
-33.56	1.5696
-33.39	2.448576
-32.99	4.206528
-32.72	5.524992
-32.47	6.969024
-32.19	8.099136
-31.85	10.10822
-31.47	11.3639
-30.96	13.12186
-30.87	13.81248
-30.26	16.00992
-30.12	16.63776
-29.58	18.89798
-29.37	20.21645
-28.87	22.03718
-28.55	22.53946
-28.02	24.61133
-27.71	25.17638
-27.11	26.93434
-26.82	28.00166
-26.46	28.94342
-25.84	31.07808
-25.49	31.7687
-24.85	33.52666
-24.51	34.5312
-24.18	35.47296
-23.5	37.10534
-23.19	38.10989
-22.43	39.99341
-22.08	40.68403
-21.36	42.44198
-20.98	43.5721
-20.65	44.01159
-19.86	45.58118
-19.5	46.33459
-19.11	47.52749
-18.34	48.53203
-17.95	49.72493
-17.57	50.47834
-16.81	51.54567
-16.44	52.67578
-16.07	53.30362
-15.26	54.49651
-14.88	55.43827
-14.45	56.25446
-13.68	57.32179
-13.31	58.0752
-12.95	59.07974
-12.15	60.08429
-11.75	60.8377
-11.36	61.77946
-10.62	62.84678
-10.22	63.41184
-9.82	64.16525
-9.05	65.73485
-8.67	66.23712
-8.26	67.1161
-7.52	68.30899
-7.11	69.18797
-6.73	70.19251
-5.98	71.51098
-5.6	72.13882
-5.19	72.89223
-4.42	74.33626
-4.03	75.46637
-3.68	76.15699
-2.91	77.66381
-2.54	78.22887
-2.15	79.10784
-1.46	80.99136
-1.06	81.68198
-0.33	83.37715
0.06	84.19334
0.43	85.07232
1.19	86.95584
1.55	88.02317
2.52	90.53453
3	91.41351
3.72	93.48537
4.08	94.5527
4.85	96.43623
5.2	97.3152
5.89	100.0149
6.24	101.5845
6.61	103.4053
7.03	104.1587
7.69	106.5444
8.08	107.4234
8.75	109.9976
9.109999	111.0021
9.8	113.3251
10.17	114.3924
10.88	116.276
11.22	117.6572
11.62	118.8501
11.96	119.4152
12.61	121.4243
13	122.1149
13.78	124.2495
14.07	125.1913
14.8	127.2632
15.15	128.0166
15.87	129.5862
16.26	130.7791
16.6	131.5953
17.38	133.416
17.75	134.295
18.44	135.6762
18.82	136.6808
19.16	137.3714
19.93	138.5015
20.35	139.6316
20.71	140.1339
21.48	141.264
21.83	142.2058
22.24	142.708
22.98	144.0893
23.78	145.031
24.18	145.2822
24.88	146.789
25.7	147.6052
26.06	148.547
26.82	149.3631
27.62	150.4305
28.03	150.556
28.79	151.6234
29.65	152.5651
30.39	152.9418
30.76	153.1302
31.57	154.0092
32.41	154.6998
33.18	155.0137
33.59	155.516
34.01	155.7671
34.81	156.1438
35.67	156.081
36.48	156.5205
37.3	156.3949
38.1	156.7717
38.98	156.3949
39.81	156.8972
40.61	156.96
41.47	156.2694
42.03	156.3322
42.58	157.1483
43.14	156.7717
44.01	156.1438
44.59	155.5788
44.19	151.7489
43.89	148.4214
43.56	145.6589
43.22	142.4569
42.91	139.6944
42.56	136.8691
42.24	133.981
41.88	131.4069
41.6	128.77
41.27	125.8191
40.89	122.6799
40.58	119.8547
40.25	117.1549
39.89	114.518
39.57	111.6927
39.25	108.7419
38.9	106.0422
38.56	103.0285
38.27	100.5172
37.9	97.6919
37.59	95.05498
37.23	92.54362
36.92	89.78112
36.56	86.83027
36.21	84.3817
35.88	81.6192
35.55	79.04506
35.21	76.5337
34.91	73.70842
34.58	71.51098
34.26	68.93683
33.88	66.36269
33.54	63.78854
33.2	61.27718
32.85	58.82861
32.53	56.5056
32.19	54.24538
31.85	51.73402
31.52	49.47379
31.18	47.02522
30.87	44.63942
30.52	42.25363
30.18	40.05619
29.88	37.85875
29.55	35.84966
29.25	33.71501
28.92	31.70592
28.61	29.75962
28.39	27.93888
28.14	26.62042
27.62	23.79514
27.34	22.03718
27.05	20.27923
26.73	18.4585
26.41	16.51219
26.17	15.00538
25.91	13.62413
25.6	11.92896
25.41	11.04998
24.91	8.78976
24.65	7.408512
24.34	6.341184
24.02	4.897152
23.76	3.641472
23.37	2.19744
23.25	1.757952
22.63	-1.192896
22.37	-2.699712
22.08	-3.955392
21.73	-5.587776
21.39	-6.90624
21.08	-8.099136
20.76	-9.668736
20.43	-10.86163
20.14	-12.68237
19.81	-14.25197
19.5	-15.696
19.16	-16.82611
18.49	-19.46304
18.08	-21.15821
17.63	-22.91616
17.23	-25.17638
16.86	-26.3065
16.53	-27.75053
15.84	-30.51302
15.5	-32.01984
15.14	-33.08717
14.8	-34.59398
14.1	-37.04256
13.75	-38.17267
13.39	-39.55392
13.02	-40.4329
12.27	-42.63034
11.92	-43.82323
11.18	-45.95789
10.8	-46.77408
10.09	-48.97152
9.689999	-50.10163
8.97	-52.04794
8.58	-52.73856
7.92	-55.12435
7.5	-55.87776
6.74	-57.51014
6.39	-59.01696
5.99	-59.58202
5.22	-61.2144
4.82	-62.15616
4.44	-63.03514
3.66	-64.7303
3.25	-65.35815
2.47	-67.30445
2.1	-67.99507
1.37	-69.37632
0.94	-70.12973
0.58	-71.32262
-0.21	-72.76665
-0.55	-74.08512
-1.35	-75.52915
-1.73	-76.21977
-2.5	-77.85216
-2.89	-78.66835
-3.27	-79.61012
-4	-81.36806
-4.39	-82.05869
-5.1	-84.3817
-5.48	-85.32346
-6.21	-87.39532
-6.59	-87.96038
-7.31	-90.09504
-7.67	-91.09959
-8.38	-92.92032
-8.74	-94.05043
-9.47	-95.93395
-9.82	-97.06406
-10.52	-99.19872
-10.88	-99.70099
-11.61	-101.7729
-11.98	-102.8402
-12.73	-104.6609
-13.11	-105.3516
-13.8	-107.549
-14.16	-108.3024
-14.92	-110.1859
-15.25	-111.1905
-15.98	-112.5717
-16.35	-113.8902
-16.69	-114.8947
-17.44	-116.4643
-17.83	-117.0922
-18.55	-119.2268
-18.96	-119.478
-19.72	-120.8592
-20.07	-121.8637
-20.6	-122.4916
-21.57	-124.4379
-21.94	-125.568
-22.76	-126.7609
-23.14	-127.2004
-23.54	-127.9538
-24.27	-129.0211
-24.71	-129.7745
-25.11	-130.214
-25.89	-131.1558
-26.68	-132.2859
-27.11	-132.9765
-27.9	-133.5416
-28.74	-134.3578
-29.09	-135.0484
-29.49	-135.739
-30.3	-136.3669
-31.12	-137.0575
-31.97	-137.497
-32.38	-138.2504
-32.82	-138.1248
-33.55	-138.8782
-34.52	-139.3177
-35.34	-139.6316
-36.13	-140.8245
-36.56	-140.6362
-37.35	-140.5106
-37.87	-141.0129
-38.73	-141.4523
-39.54	-141.0129
-40.26	-142.0174
-40.88	-141.6407
-41.79	-141.6407
-42.66	-142.2685
-43.4	-142.2058
-44.36	-141.8918
-45.18	-141.5151
-46.05	-142.3941
-46.99	-141.8918
-47.84	-141.264
-48.82	-140.8873
-49.64	-141.4523
-50.14	-140.6989
-50.87	-140.3222
-51.47	-140.3222
-52.3	-139.82
-52.8	-140.0083
-53.35	-139.1293
-54.16	-139.506
-54.7	-138.8154
-55.52	-138.1248
-56.14	-137.9364
-57.07	-137.1203
-57.93	-136.4924
-58.5	-136.3669
-59	-135.9274
-59.61	-135.1112
-59.75	-134.3578
-59.64	-130.9674
-59.09	-127.5771
-58.76	-125.568
-58.48	-123.4333
-58.21	-121.6754
-57.86	-120.1058
-57.45	-118.2223
-57.24	-116.1504
-56.62	-111.9439
-56.14	-109.3697
-55.63	-107.1095
-55.48	-105.3516
-55.13	-103.782
-54.82	-101.6473
-54.48	-99.82656
-54.15	-98.19418
-53.77	-96.12231
-53.54	-94.48992
-53	-90.78567
-52.69	-88.96493
-52.36	-87.01862
-52.15	-85.38624
-51.88	-83.75385
-51.4	-81.9959
-51.16	-80.17517
-50.83	-78.29165
-50.6	-76.5337
-50.33	-74.83853
-49.96	-73.08057
-49.64	-71.13427
-49.42	-69.69024
-49.07	-67.80672
-48.81	-66.17434
-48.48	-64.54195
-48.22	-62.59565
-47.76	-61.02605
-47.57	-59.20531
-47.24	-57.51014
-46.92	-56.19168
-46.52	-54.49651
-46.28	-52.73856
-45.62	-49.85049
-45.31	-48.15533
-44.99	-46.7113
-44.7	-45.20448
-44.3	-43.76045
-43.97	-42.25363
-43.44	-40.74681
-43.26	-39.55392
-42.97	-38.17267
-42.67	-36.60307
-42.36	-35.09626
-42.07	-33.65223
-41.68	-32.33376
-41.3	-30.76416
-41.11	-29.32013
-40.64	-27.56218
-40.31	-26.3065
-40.12	-24.61133
-39.72	-23.1673
-39.36	-21.40934
-39.2	-19.96531
-38.75	-18.27014
-38.5	-16.8889
-38.09	-15.44486
-37.86	-13.87526
-37.54	-12.49402
-37.2	-10.92442
-36.86	-9.543168
-36.58	-7.973568
-36.25	-6.529536
-35.95	-5.085504
-35.63	-3.515904
-35.32	-2.009088
-35.04	-0.62784
-34.65	0.62784
-34.48	1.632384
-33.97	4.206528
-33.64	5.587776
-33.32	7.094592
-33.01	8.287488
-32.37	10.35936
-32.1	11.67782
-31.79	13.05907
-31.51	13.62413
-31.04	15.88435
-30.93	16.19827
-30.53	18.58406
-30.29	19.40026
-29.85	21.47213
-29.56	22.60224
-28.91	24.61133
-28.53	25.36474
-27.79	28.31558
-27.4	29.06899
-26.61	31.45478
-26.24	32.52211
-25.5	34.71955
-25.15	35.84966
-24.41	37.79597
-24.02	39.05165
-23.2	41.24909
-22.81	42.19085
-22.04	44.01159
-21.56	45.1417
-20.72	46.7113
-20.3	47.96698
-19.51	49.91328
-19.08	50.66669
-18.25	52.36185
-17.82	53.30362
-17.41	53.93146
-16.52	55.43827
-16.09	56.25446
-15.66	57.13344
-14.8	58.51469
-14.39	59.83315
-13.96	60.39821
-13.08	62.03059
-12.65	62.784
-12.21	63.66298
-11.35	64.98144
-10.9	65.60928
-10.47	66.36269
-9.59	67.99507
-9.17	68.81126
-8.770001	69.56467
-7.9	71.13427
-7.43	71.88768
-6.99	72.26438
-6.14	73.7712
-5.75	74.46182
-5.31	75.27802
-4.42	77.03596
-4.03	77.66381
-3.15	79.23341
-2.7	80.30074
-2.26	81.24249
-1.39	83.37715
-0.96	84.06778
-0.13	85.82573
0.27	86.83027
0.67	87.83482
1.09	89.34163
1.54	90.09504
2.31	91.97856
2.73	92.9831
3.56	95.05498
3.95	96.12231
4.77	97.94304
5.21	99.26151
5.98	101.4589
6.44	102.5891
7.22	104.4726
7.63	105.6027
8.399999	107.7373
8.82	108.5535
9.609999	111.1277
10.05	112.0067
10.83	114.0785
11.24	115.3342
12.05	117.2805
12.47	118.2851
13.24	120.2941
13.66	121.2359
14.52	123.1822
14.91	124.1868
15.88	126.447
16.42	127.7654
16.95	128.8328
17.4	129.5862
17.8	130.3396
18.66	131.7836
19.04	132.9765
19.47	133.7927
20.33	135.174
20.75	135.8646
21.16	136.4924
22.02	137.7481
22.48	138.4387
22.9	139.506
23.74	140.3222
24.18	141.2012
24.63	141.7035
25.49	142.6452
26.38	143.0847
27.25	144.5916
27.67	144.8427
28.63	145.4705
29.45	146.0356
30.37	146.789
30.78	147.2285
31.26	147.7935
32.17	148.1702
33.1	148.7353
34.01	149.0492
34.45	149.7398
34.91	149.7398
35.83	149.9282
36.75	150.556
37.72	150.3677
38.63	151.1211
39.56	151.3094
40.1	151.4978
40.99	151.3094
41.5	151.7489
42.44	151.5606
43.41	151.5606
44.3	151.9373
44.09	146.6634
43.74	143.3987
43.39	140.3222
43.03	137.2458
42.67	134.295
42.32	131.2186
41.98	128.3305
41.6	125.3796
41.28	122.3032
40.92	119.2268
40.49	116.276
40.17	113.5135
39.8	110.3115
39.49	107.3606
39.08	104.4726
38.75	101.5845
38.35	98.50809
38.01	95.55725
37.64	92.73197
37.28	89.78112
36.92	87.01862
36.56	84.06778
36.17	81.36806
35.84	78.60557
35.48	75.90585
35.12	73.14336
34.78	70.38087
34.35	67.80672
34.01	64.98144
33.66	62.59565
33.29	60.0215
32.95	57.32179
32.58	54.5593
32.2	52.29907
31.88	49.72493
31.5	47.33913
31.16	44.82778
30.74	42.25363
30.31	39.6167
29.85	36.41472
29.44	33.46387
29.11	31.32922
28.81	29.19456
28.6	27.75053
28.3	26.18093
28.02	24.36019
27.69	22.60224
27.35	20.65594
27.03	18.58406
26.64	16.51219
26.33	14.69146
26.12	13.31021
25.72	11.23834
25.49	10.54771
24.95	7.910784
24.65	6.403968
24.32	5.211072
24.15	4.520448
23.69	2.636928
23.6	2.009088
23.1	0.376704
23	0
22.44	-2.950848
22.15	-4.583232
21.71	-5.901696
21.4	-7.345728
21.01	-8.852544
20.69	-10.29658
20.32	-12.05453
20.01	-13.49856
19.61	-15.00538
19.27	-16.44941
18.93	-18.01901
18.57	-19.65139
18.23	-21.15821
17.83	-22.72781
17.51	-24.10906
17.13	-25.74144
16.74	-26.99712
16.4	-28.75507
16.03	-30.07354
15.62	-31.32922
15.28	-33.02438
14.88	-34.21728
14.48	-35.78688
14.09	-37.16813
13.72	-38.61216
13.3	-39.80506
12.55	-42.56755
12.08	-43.38374
11.33	-45.95789
10.9	-47.33913
10.11	-49.53658
9.68	-50.35277
8.93	-52.86413
8.46	-53.61753
7.71	-55.81498
7.26	-57.00787
6.41	-58.82861
6.02	-60.0215
5.19	-61.5911
4.78	-62.84678
3.9	-64.41638
3.48	-65.54649
2.63	-67.1161
2.15	-67.99507
1.36	-69.87859
0.95	-70.56921
0.1	-72.45274
-0.32	-73.14336
-1.18	-75.08966
-1.62	-75.84307
-2.46	-77.60102
-2.89	-78.41721
-3.73	-80.36352
-4.22	-81.74477
-4.83	-82.8121
-5.32	-84.31891
-5.77	-85.00954
-6.64	-86.95584
-7.01	-88.08595
-7.82	-89.96947
-8.19	-90.91123
-9.020001	-92.92032
-9.479999	-93.86208
-10.27	-95.87117
-10.7	-96.62457
-11.49	-98.44531
-11.9	-99.38707
-12.71	-101.4589
-13.1	-102.5891
-13.97	-104.2214
-14.37	-105.226
-15.19	-106.6072
-15.54	-107.9257
-16.03	-108.7419
-16.8	-110.4998
-17.21	-111.5044
-18.05	-112.7601
-18.43	-113.8902
-18.9	-114.4552
-19.73	-115.8993
-20.14	-116.9038
-20.58	-117.4689
-21.44	-119.1012
-21.92	-119.478
-22.27	-120.4825
-23.15	-121.801
-23.63	-122.2404
-23.98	-123.0566
-24.5	-123.5589
-25.35	-124.6262
-25.78	-125.0029
-26.22	-125.7564
-27.1	-126.8237
-28.07	-127.5143
-28.46	-128.1422
-29.33	-129.1467
-29.83	-129.2095
-30.24	-130.0885
-30.76	-130.2768
-31.71	-131.093
-32.5	-131.7208
-33.09	-132.0975
-33.97	-132.6626
-34.4	-132.6626
-35.34	-133.1649
-36.28	-133.5416
-37.25	-133.9183
-38.15	-134.295
-39.1	-134.5461
-40.05	-134.9228
-40.43	-135.4251
-40.91	-135.2995
-41.86	-135.4879
-42.39	-135.2995
-43.32	-135.4879
-43.86	-135.8646
-44.76	-136.0529
-45.26	-135.9274
-45.76	-135.6762
-46.27	-135.9274
-46.78	-135.6762
-47.67	-135.5507
-48.67	-135.8646
-49.68	-135.0484
-50.72	-134.5461
-51.29	-134.7345
-51.89	-134.6717
-52.43	-134.6717
-53.34	-134.6717
-53.93	-134.1694
-54.46	-133.6671
-55.41	-133.3532
-56.41	-132.9765
-56.92	-133.2904
-57.46	-132.6626
-57.97	-131.9092
-58.99	-131.7208
-59.51	-131.5325
-60.15	-130.0885
-60.23	-129.5862
-59.92	-126.1331
-59.58	-124.0612
-59.36	-121.9893
-58.96	-119.7919
-58.72	-117.8456
-58.36	-115.8993
-58.05	-113.953
-57.75	-112.0694
-57.44	-110.1859
-57.08	-108.3024
-56.68	-106.3561
-56.49	-104.4098
-56.11	-102.4635
-55.73	-100.6428
-55.39	-98.63367
-55.06	-96.81293
-54.81	-94.92941
-54.4	-93.04589
-54.11	-91.16237
-53.78	-89.15328
-53.5	-87.1442
-53.09	-85.32346
-52.85	-83.62829
-52.52	-81.55642
-52.17	-79.79846
-51.84	-77.78938
-51.55	-76.03143
-51.26	-74.27348
-50.86	-72.45274
-50.65	-70.50643
-50.3	-68.87405
-49.9	-66.80218
-49.52	-64.98144
-49.16	-63.03514
-48.88	-61.33997
-48.56	-59.2681
-48.23	-57.44736
-47.84	-55.68941
-47.59	-53.86867
-47.28	-52.04794
-46.9	-50.47834
-46.5	-48.72038
-46.22	-47.088
-45.85	-45.58118
-45.52	-43.9488
-45.05	-42.25363
-44.75	-40.74681
-44.39	-39.17722
-43.97	-37.48205
-43.68	-35.91245
-43.25	-34.46841
-42.85	-32.89882
-42.48	-31.83149
-42.12	-30.26189
-41.86	-28.69229
-41.5	-26.87155
-41.15	-25.1136
-40.83	-23.41843
-40.49	-21.78605
-40.14	-20.21645
-39.78	-18.39571
-39.44	-16.82611
-39.05	-15.25651
-38.76	-13.81248
-38.41	-12.11731
-37.95	-10.54771
-37.72	-8.915328
-37.28	-7.345728
-36.88	-5.901696
-36.58	-4.332096
-36.32	-2.762496
-35.98	-1.192896
-35.52	-0.125568
-35.47	0.565056
-34.88	3.578688
-34.52	5.148288
-34.15	6.717888
-33.83	8.350272
-33.49	9.73152
-33.13	11.04998
-32.83	12.30566
-32.63	13.24742
-32.1	15.3193
-31.97	15.63322
-31.4	18.01901
-31.17	19.58861
-30.87	20.65594
-30.64	21.5977
-29.98	23.9207
-29.58	25.23917
-29.2	26.55763
-28.84	27.81331
-28	30.13632
-27.58	31.26643
-27.21	32.64768
-26.8	33.84058
-25.93	36.1008
-25.5	37.2937
-24.62	39.67949
-24.17	40.87238
-23.22	43.25817
-22.77	44.38829
-21.82	46.77408
-21.38	47.59027
-20.42	49.72493
-19.94	50.72947
-18.98	52.86413
-18.45	53.68032
-17.54	55.62663
-17.05	56.63117
-16.53	57.07066
-16.03	58.20077
-15.52	59.07974
-14.54	61.02605
-14.04	61.5911
-13.03	63.41184
-12.57	64.3536
-12.05	65.04423
-11.06	66.7394
-10.59	67.61837
-10.07	68.30899
-9.560001	69.18797
-8.57	70.69479
-8.100001	71.69933
-7.6	72.5783
-7.08	73.26893
-6.6	74.1479
-6.1	75.02688
-5.65	75.84307
-5.14	76.84762
-4.64	77.60102
-4.14	78.48
-3.65	79.42176
-2.69	81.17971
-2.17	82.05869
-1.2	83.81664
-0.7	84.94675
0.23	86.95584
0.74	87.70925
1.69	90.09504
2.12	91.35072
2.62	91.79021
3.1	92.92032
3.57	94.23878
4.52	96.12231
4.99	98.13139
5.5	99.44986
5.97	100.2033
6.88	102.5891
7.37	103.468
7.84	105.4143
8.28	105.9794
8.8	107.3606
9.24	108.2396
9.72	109.5581
10.66	111.6927
11.11	112.8856
11.59	114.2669
12.08	115.1459
12.66	117.0922
13.32	118.6618
13.92	119.4152
14.4	120.6081
14.87	121.6754
15.8	123.5589
16.28	124.7518
17.23	126.3842
17.75	127.3887
18.71	129.335
19.14	130.3396
19.64	130.9674
20.65	132.7254
21.14	133.5416
22.1	134.9228
22.61	135.739
23.06	136.3669
23.57	137.2458
24.08	137.6225
24.55	138.2504
25.08	138.8154
26.06	140.0083
26.59	140.2595
27.09	140.6989
27.6	141.3896
28.11	141.8918
28.61	142.4569
29.11	143.022
29.61	143.4614
30.16	143.2731
30.68	143.8382
31.17	144.0893
31.7	144.6543
32.22	145.1566
32.72	145.4705
33.25	145.7845
33.79	146.1611
34.33	146.1611
34.87	146.3495
35.38	146.6634
35.88	146.9773
36.43	147.1657
36.94	147.5424
37.45	147.6052
38	147.7935
38.53	148.0447
39.03	148.1702
39.59	148.3586
40.11	148.3586
40.65	148.6097
41.21	148.547
41.73	148.7981
42.27	148.547
42.79	148.7353
43.36	148.6097
43.87	148.7981
44.39	148.7981
44.93	148.6097
44.58	141.8291
44.26	138.941
43.97	136.2413
43.64	133.6671
43.32	131.3441
43	128.77
42.7	125.8191
42.37	123.1822
42.08	120.4197
41.73	117.72
41.45	115.2714
41.11	112.5717
40.79	109.9976
40.47	107.6118
40.18	104.8493
39.86	102.4007
39.56	99.63821
39.22	97.12685
38.88	94.67827
38.6	92.29248
38.31	89.59277
37.91	87.01862
37.61	84.57005
37.32	82.18426
37.03	79.86124
36.72	77.2871
36.36	75.02688
36.04	72.70387
35.73	70.12973
35.37	68.12064
35.12	65.60928
34.76	63.34906
34.45	61.08883
34.14	58.89139
33.83	56.69395
33.48	54.74765
33.16	52.1735
32.77	49.72493
32.35	46.7113
31.9	43.5721
31.64	41.81414
31.36	39.86784
31.04	37.85875
30.69	35.72409
30.44	33.90336
30.16	32.27098
29.94	30.57581
29.7	29.06899
29.19	25.80422
28.89	24.04627
28.61	22.41389
28.34	20.7815
28.04	19.02355
27.78	17.45395
27.46	16.00992
27.2	14.31475
27.05	13.31021
26.69	11.48947
26.52	10.48493
26.06	8.47584
25.78	7.345728
25.52	6.403968
25.14	4.7088
24.98	3.829824
24.5	1.946304
24.46	2.009088
23.88	-0.565056
23.63	-1.820736
23.27	-3.390336
23	-4.520448
22.39	-6.969024
22.07	-8.350272
21.77	-9.543168
21.45	-10.67328
20.91	-13.62413
20.57	-14.62867
19.98	-17.01446
19.68	-18.58406
19.36	-20.0281
19.09	-20.96986
18.43	-23.98349
18.14	-25.17638
17.49	-27.49939
17.2	-29.32013
16.84	-30.26189
16.5	-31.26643
15.85	-34.09171
15.54	-34.84512
14.87	-37.41927
14.54	-38.23545
13.86	-40.37011
13.56	-41.75136
12.86	-43.82323
12.48	-44.76499
11.79	-47.088
11.49	-48.09254
10.81	-50.10163
10.43	-51.04339
9.74	-53.05248
9.43	-53.49197
8.74	-55.43827
8.38	-56.5056
8.04	-57.19622
7.3	-59.01696
6.94	-59.45645
6.19	-61.33997
5.89	-62.03059
5.47	-63.03514
4.65	-64.41638
4.13	-65.54649
3.71	-66.80218
2.95	-68.56013
2.59	-69.25076
1.84	-70.31808
1.47	-71.51098
1.13	-72.13882
0.38	-73.52007
-0.03	-74.27348
-0.35	-74.83853
-1.06	-76.40813
-1.45	-76.97318
-1.81	-78.04051
-2.56	-79.17062
-2.87	-80.23795
-3.23	-80.55187
-3.97	-81.93312
-4.72	-83.31437
-5.03	-84.19334
-5.74	-85.51181
-6.11	-86.89306
-6.51	-87.08141
-7.17	-88.77657
-7.52	-90.15782
-7.89	-90.28339
-8.58	-92.04134
-8.939999	-93.04589
-9.229999	-93.10867
-9.95	-94.86662
-10.35	-95.68282
-10.73	-96.81293
-11.38	-98.19418
-11.75	-98.57088
-12.49	-100.0777
-12.83	-101.0195
-13.23	-101.2078
-13.85	-103.1541
-14.25	-104.0331
-14.61	-104.347
-15.31	-106.105
-15.65	-106.6072
-16	-106.9212
-16.77	-108.1768
-17.07	-109.3697
-17.44	-109.872
-18.19	-111.2533
-18.54	-111.8811
-18.91	-112.0694
-19.62	-113.5135
-20.34	-114.4552
-20.68	-115.2714
-21.38	-116.4643
-22.18	-117.0294
-22.56	-118.0967
-23.31	-118.599
-23.66	-119.6663
-24.03	-119.8547
-24.81	-120.7964
-25.61	-121.6754
-26.44	-122.1777
-26.81	-122.9939
-27.7	-123.7473
-28.52	-124.4379
-28.93	-124.8146
-29.35	-125.0029
-30.19	-126.0075
-31.07	-126.3214
-31.85	-127.1376
-32.32	-127.5143
-32.69	-127.5143
-33.19	-128.0166
-33.94	-128.2049
-34.57	-128.7072
-35.7	-129.335
-36.41	-129.3978
-37.02	-129.7117
-37.86	-130.4651
-38.26	-130.3396
-39.22	-130.5279
-39.99	-130.7163
-40.86	-131.093
-41.43	-131.093
-42.16	-130.9674
-42.73	-131.1558
-43.6	-131.3441
-44.62	-131.2813
-45.42	-131.4697
-46.37	-131.3441
-47.31	-131.1558
-48.1	-131.4697
-48.96	-131.093
-49.47	-131.093
-50.03	-130.9674
-50.95	-130.9674
-51.85	-130.7163
-52.81	-130.3396
-53.76	-130.5279
-54.71	-129.7745
-55.63	-129.335
-56.14	-129.5234
-57.18	-129.0839
-57.9	-128.3933
-58.43	-128.3933
-58.97	-128.3305
-59.43	-127.7027
-59.85	-127.5771
-59.94	-124.4379
-59.38	-120.1686
-58.96	-118.0339
-58.68	-116.0248
-58.37	-113.8274
-57.98	-111.8811
-57.59	-109.872
-57.21	-107.8001
-56.92	-105.9166
-56.55	-103.8447
-56.29	-101.9612
-55.89	-99.82656
-55.53	-97.88026
-55.32	-95.99673
-54.85	-94.05043
-54.53	-92.10413
-54.14	-89.96947
-53.87	-88.27431
-53.45	-86.13965
-53.23	-84.19334
-52.88	-82.24704
-52.62	-80.23795
-52.16	-78.48
-51.79	-76.59648
-51.43	-74.5246
-51.16	-72.64109
-50.79	-70.75757
-50.51	-68.87405
-50.22	-66.99052
-49.89	-65.16979
-49.57	-63.16071
-49.16	-61.40275
-48.83	-59.58202
-48.37	-57.63571
-48.27	-55.68941
-47.84	-53.93146
-47.43	-52.11072
-47.08	-50.35277
-46.81	-48.6576
-46.34	-46.89965
-46.04	-45.39283
-45.76	-43.76045
-45.36	-42.19085
-44.97	-40.55846
-44.54	-39.05165
-44.19	-37.35648
-43.8	-34.90791
-43.18	-33.65223
-42.87	-31.32922
-42.56	-30.13632
-42.11	-28.56672
-41.79	-26.93434
-41.4	-25.4903
-41.06	-23.73235
-40.73	-22.03718
-40.36	-20.34202
-39.99	-18.64685
-39.66	-17.07725
-39.33	-15.38208
-38.95	-13.81248
-38.59	-12.24288
-38.25	-10.54771
-37.87	-9.040896
-37.55	-7.471296
-37.18	-5.776128
-36.86	-4.206528
-36.52	-2.699712
-36.16	-1.192896
-35.89	-0.188352
-35.49	1.381248
-35.38	1.757952
-34.8	4.959936
-34.46	6.529536
-34.11	7.910784
-33.8	9.480384
-33.43	10.73606
-33.19	11.74061
-32.66	13.49856
-32.51	14.44032
-32.1	16.26106
-31.92	17.2656
-31.44	19.40026
-31.17	20.46758
-30.66	22.41389
-30.37	23.41843
-29.63	25.99258
-29.26	27.18547
-28.49	29.19456
-28.13	30.32467
-27.33	32.89882
-26.9	33.84058
-26.09	36.28915
-25.69	37.2937
-24.86	39.80506
-24.43	40.99795
-23.52	43.13261
-23.07	44.3255
-22.2	46.33459
-21.72	47.33913
-20.81	49.34822
-20.37	50.54112
-19.41	52.36185
-18.97	53.24083
-18.03	55.06157
-17.56	55.87776
-16.61	57.6985
-16.15	58.64025
-15.65	59.2681
-15.17	60.39821
-14.69	61.08883
-13.72	62.65843
-13.26	63.53741
-12.79	64.54195
-12.29	65.16979
-11.37	66.61382
-10.84	67.30445
-9.87	68.93683
-9.38	69.87859
-8.91	70.31808
-7.97	71.95046
-7.51	72.89223
-7.01	73.89677
-6.5	74.5246
-5.9	75.65472
-5.29	76.72205
-4.61	77.47546
-4.15	78.48
-3.66	79.10784
-2.72	81.36806
-2.26	81.80755
-1.31	83.56551
-0.83	84.44448
-0.36	85.26067
0.57	87.20698
1.05	88.02317
1.98	89.59277
2.43	90.91123
2.9	91.97856
3.81	93.86208
4.29	94.5527
5.2	96.87571
5.68	97.6919
6.59	99.82656
7.04	101.3962
7.98	102.9658
8.41	103.8447
9.34	105.791
9.8	107.0467
10.7	108.993
11.14	109.9348
12.08	111.6927
12.53	112.9484
13.45	115.0831
13.91	115.8993
14.83	117.72
15.31	118.6618
16.23	120.4825
16.69	121.2987
17.62	123.1822
18.08	123.8728
19	125.8191
19.5	126.3842
20.43	128.0166
20.88	129.335
21.35	130.1512
21.86	131.093
22.8	132.2859
23.28	132.9765
23.78	133.2904
24.7	134.5461
25.19	135.1112
25.68	135.8646
26.19	136.1157
27.14	137.1203
27.62	137.8737
28.13	138.3132
29.13	138.8154
30.13	139.82
31.08	140.5106
31.61	140.8245
32.58	141.6407
33.08	141.8918
33.6	141.8291
34.59	142.7708
35.09	143.2103
35.6	143.3987
36.17	143.6498
37.16	143.8382
38.16	144.2148
38.67	144.5916
39.17	144.8427
39.71	144.5916
40.23	144.8427
40.75	145.031
41.77	145.4077
42.27	145.5961
42.78	145.4077
43.32	145.4705
43.88	145.4705
44.51	145.9728
45.21	145.6589
45.9	145.6589
46.46	145.6589
47.43	146.0356
48.03	145.8472
49.06	145.9728
49.57	145.6589
50.08	145.6589
50.62	145.5961
51.15	145.4705
51.69	145.345
52.71	145.2194
53.25	145.031
53.79	144.8427
54.33	144.9683
54.83	144.5916
55.36	144.466
55.88	144.2148
56.42	144.2776
56.96	143.9637
57.5	143.9637
58.03	143.7754
58.57	143.587
59.12	143.2731
59.68	143.0847
60.2	142.5825
60.71	142.8964
61.21	142.7708
61.82	142.0174
62.37	141.6407
62.87	141.7035
63.43	141.3896
63.96	141.2012
64.47	141.264
65.04	141.0129
65.61	140.5106
66.12	140.2595
66.7	139.8828
67.23001	139.6316
67.76	139.0666
68.34	139.1293
68.85	138.3132
69.4	137.9364
69.91001	137.6225
70.45	137.4342
70.99	137.1203
71.56	137.0575
72.08	136.4924
72.62	136.3041
73.15	135.739
73.71	135.3623
74.28	135.1112
74.82	134.6717
75.36	134.4833
75.91001	133.8555
76.45	133.5416
76.98001	132.9765
77.55	132.7882
78.08	132.2859
78.6	131.7208
79.13	131.9092
79.74	131.1558
80.29	130.5907
80.79	130.214
81.21	129.3978
82	129.0211
82.32	127.2004
82.34	124.0612
82.01	121.4243
81.72	118.8501
81.4	116.1504
81.03	113.5135
80.73001	110.8765
80.37	108.3024
80.09	106.0422
79.73001	103.5936
79.42	101.3962
79.07	98.82201
78.73001	96.05952
78.41001	93.35981
78.08	91.28793
77.75	88.90215
77.28	85.76295
76.87	82.74931
76.45	78.91949
76.12	76.47091
75.8	74.27348
75.42	71.95046
75.12	69.31354
74.77	66.7394
74.48001	64.41638
74.14	62.28173
73.79	60.0215
73.4	57.00787
73.03	54.30816
72.6	51.48288
72.21	48.72038
71.81	46.02067
71.43	43.25817
71.06	40.68403
70.67	38.0471
70.27	35.47296
69.99	33.27552
69.66001	31.07808
69.37	28.75507
69.05	26.74598
68.66001	24.54854
68.29	22.60224
67.93	20.27923
67.55	18.01901
67.22	15.82157
66.89	13.93805
66.67	12.9335
66.33	10.92442
66.09	9.480384
65.75	7.722432
65.49	6.215616
65.23001	5.148288
64.81	3.013632
64.58	2.260224
64.28	1.067328
63.82	-1.004544
63.47	-2.950848
63.09	-4.583232
62.67	-6.529536
62.26	-8.350272
61.85	-10.04544
61.47	-11.86618
61.05	-13.49856
60.61	-15.25651
60.23	-17.07725
59.83	-18.96077
59.43	-20.96986
59.04	-22.72781
58.61	-24.7369
58.24	-26.6832
57.82	-28.50394
57.4	-30.70138
57	-32.27098
56.58	-34.40563
56.15	-36.22637
55.74	-38.17267
55.31	-39.99341
54.89	-41.81414
54.58	-43.5721
54.17	-45.33005
53.7	-46.89965
53.29	-48.6576
52.85	-50.35277
52.39	-51.85958
51.96	-53.30362
51.58	-55.18714
51.09	-56.63117
50.67	-58.01242
50.22	-59.77037
49.75	-61.02605
49.29	-62.59565
48.81	-63.60019
48.36	-65.16979
47.89	-66.2999
47.39	-67.17888
46.43	-69.56467
45.96	-70.75757
44.97	-73.01779
44.5	-73.70842
43.53	-75.84307
43.02	-76.78483
42.52	-77.41267
42	-77.97773
41.54	-79.17062
41	-79.61012
40.46	-80.55187
39.91	-80.86579
39.25	-81.24249
38.72	-82.62374
38.06	-83.1888
37.53	-84.00499
37.01	-84.3817
36.44	-84.94675
35.93	-85.19789
35.39	-85.76295
34.88	-86.57914
34.36	-86.95584
33.81	-87.33254
33.27	-87.58368
32.73	-88.39987
32.23	-88.58823
31.65	-88.77657
31.13	-89.15328
30.63	-89.71834
30.04	-89.96947
29.52	-90.15782
28.99	-90.97401
28.43	-91.09959
27.84	-91.28793
27.34	-91.91578
26.8	-92.04134
26.22	-92.2297
25.71	-92.73197
25.16	-93.04589
24.61	-93.04589
24.03	-93.10867
23.52	-93.73651
22.95	-93.86208
22.41	-94.11321
21.86	-94.61549
21.33	-94.74106
20.77	-94.92941
20.26	-95.62003
19.71	-95.49446
19.15	-95.68282
18.62	-96.31065
18.07	-96.31065
17.5	-96.62457
16.99	-97.18963
16.43	-97.3152
15.88	-97.3152
15.37	-98.06861
14.81	-98.19418
14.25	-98.38253
13.69	-98.57088
13.19	-99.19872
12.63	-99.26151
12.09	-99.38707
11.58	-100.0149
11.05	-100.0777
10.47	-100.266
9.43	-101.2078
8.88	-101.4589
8.36	-102.2123
7.83	-102.4007
7.24	-102.4635
6.21	-103.4053
5.71	-103.782
5.2	-104.4098
4.62	-104.7237
4.1	-104.7865
3.59	-105.9166
3.07	-105.9794
2.53	-106.1677
2.04	-107.2979
1.5	-107.3606
0.95	-107.549
0.45	-108.3652
-0.08	-108.7419
-0.61	-109.1186
-1.11	-109.9348
-1.62	-110.3115
-2.13	-111.0649
-2.67	-111.5044
-3.19	-111.7555
-3.68	-112.6345
-4.2	-112.8856
-4.75	-113.3251
-5.74	-114.4552
-6.27	-115.4598
-6.78	-115.6481
-7.28	-116.5271
-7.8	-116.9038
-8.32	-117.2177
-8.770001	-118.2851
-9.310001	-118.599
-9.850001	-119.0385
-10.83	-120.1686
-11.35	-121.0476
-11.87	-121.3615
-12.38	-121.6126
-12.9	-122.5544
-13.41	-122.7427
-13.93	-123.1822
-14.39	-123.9356
-14.93	-124.1868
-15.45	-124.9402
-15.99	-125.3169
-16.52	-125.568
-17.17	-126.3842
-17.86	-126.8237
-18.39	-127.2004
-18.9	-127.7654
-19.91	-128.5188
-20.46	-128.77
-20.97	-129.335
-21.49	-129.335
-22.05	-130.2768
-23.06	-130.4024
-23.57	-131.093
-24.1	-131.093
-24.69	-130.9674
-25.74	-131.9092
-26.24	-131.972
-26.81	-131.9092
-27.38	-132.7254
-27.88	-132.537
-28.42	-132.537
-28.96	-132.6626
-29.54	-132.8509
-30.58	-133.4788
-31.11	-133.2904
-31.71	-133.2904
-32.75	-133.8555
-33.33	-133.8555
-33.88	-133.5416
-34.46	-133.8555
-35.38	-133.8555
-36.02	-134.0438
-36.64	-133.6671
-37.15	-133.6671
-37.76	-133.5416
-38.3	-133.4788
-38.91	-133.2904
-39.44	-133.4788
-39.98	-133.4788
-40.63	-133.1649
-41.72	-132.8509
-42.24	-133.1021
-42.81	-132.9137
-43.85	-132.537
-44.47	-132.3487
-45.04	-132.0975
-45.55	-131.972
-46.17	-131.7208
-46.84	-131.2813
-47.99	-130.9046
-48.99	-130.4024
-49.59	-129.9629
-50.15	-129.9629
-51.33	-129.1467
-51.84	-128.8956
-52.5	-128.8956
-53.01	-128.5188
-53.68	-128.1422
-54.18	-127.8282
-54.9	-127.2004
-55.97	-126.5098
-56.6	-125.9447
-57.73	-125.1285
-58.39	-125.3796
-59.01	-124.7518
-59.99	-123.7473
-60.68	-123.245
-61.31	-122.8055
-61.82	-122.4288
-62.43	-121.801
-63.1	-121.8637
-63.75	-121.3615
-64.26	-120.6708
-64.81	-120.2314
-65.43	-119.9802
-66.12	-119.478
-66.62	-118.9129
-67.23001	-118.2851
-67.93	-118.0339
-68.47	-117.4689
-69.03	-117.2177
-69.65	-116.3388
-70.36	-116.0876
-70.99	-115.7109
-71.53	-115.5226
-71.98001	-114.8319
-72.72	-114.4552
-73.32	-113.639
-74.38	-113.3251
-74.97	-112.5089
-75.69	-112.3206
-76.31	-111.5672
-76.95	-110.751
-77.99	-110.3743
-78.35	-109.872
-79.02	-109.3697
-79.77	-108.8047
-81.01	-108.114
-81.56	-107.549
-82	-107.3606
-82.73001	-106.7328
-83.95	-102.8402
-84.47	-102.7774
-85.14	-102.4635
-85.69	-102.7774
-86.26999	-102.4007
-86.79	-102.1496
-87.31	-101.8356
-87.98001	-101.7729
-88.55	-101.3962
-89.12	-101.145
-89.71	-100.7683
-90.35	-100.58
-91.42	-100.0777
-92.01999	-99.57542
-92.39	-96.31065
-91.71	-91.47629
-91.33	-89.4672
-91.01999	-86.76749
-90.51999	-84.19334
-90.18	-81.93312
-89.78	-79.48454
-89.41001	-77.2871
-88.95	-75.02688
-88.51999	-73.01779
-88.18	-70.69479
-87.76999	-68.49734
-87.38	-66.48826
-86.95	-64.10246
-86.56	-62.21894
-86.24	-60.14707
-85.72	-57.76128
-85.33999	-55.68941
-84.92	-53.49197
-84.53	-51.23174
-84.14	-49.15987
-83.7	-46.89965
-83.29	-44.95334
-82.88	-42.75591
-82.5	-40.8096
-82.01	-38.67495
-81.57	-36.97977
-81.18	-35.09626
-80.72	-33.21273
-80.24	-31.51757
-79.81	-29.63405
-79.38	-27.93888
-78.91001	-25.99258
-78.46	-24.10906
-78.05	-22.53946
-77.64	-20.59315
-77.13	-18.8352
-76.67	-17.07725
-76.15	-16.0727
-75.71	-14.00083
-75.35	-11.86618
-74.88	-10.04544
-74.47	-8.099136
-74.02	-5.96448
-73.62	-4.206528
-73.22	-2.51136
-72.8	-0.62784
-72.51	0.376704
-72.21	2.19744
-72.01	3.201984
-71.54	5.02272
-71.12	6.90624
-70.77	8.726976
-70.33	10.48493
-70	11.67782
-69.76	12.05453
-69.12	15.00538
-69.06	15.44486
-68.65	18.08179
-68.25	19.83974
-67.94	21.34656
-67.6	22.66502
-67.23001	24.04627
-66.78	25.80422
-66.36	27.18547
-65.92	28.94342
-65.48001	30.13632
-64.96	31.7687
-64.43	34.09171
-63.77	36.22637
-63.28	37.41927
-62.73	38.8633
-62.33	40.8096
-61.72	42.3792
-61.17	44.13715
-60.65	45.83232
-60.13	47.40192
-59.58	49.09709
-58.99	50.28999
-58.41	51.67123
-57.83	52.86413
-57.31	54.05702
-56.7	55.3127
-56.1	56.31725
-55.5	57.6985
-54.95	58.64025
-54.38	60.0215
-53.77	60.77491
-53.19	62.03059
-52.57	63.16071
-51.97	63.97689
-51.4	65.04423
-50.76	65.54649
-50.13	66.61382
-49.58	67.43002
-49	68.30899
-48.4	68.99962
-47.72	69.94138
-47.17	70.88313
-46.52	71.32262
-45.94	72.26438
-45.32	72.76665
-44.71	73.83398
-44.06	74.08512
-43.43	74.90131
-42.79	75.52915
-42.17	76.21977
-41.57	76.72205
-40.92	77.2871
-40.32	77.85216
-39.67	76.28256
-39.1	77.03596
-38.52	78.10329
-37.87	79.04506
-37.26	79.42176
-36.6	80.23795
-35.99	80.86579
-35.39	81.17971
-34.8	81.87034
-34.16	82.18426
-33.5	83.00045
-32.88	83.37715
-32.27	84.06778
-31.62	84.3817
-30.97	85.00954
-30.35	85.44902
-29.69	85.76295
-29.09	86.328
-28.49	87.01862
-27.82	87.20698
-27.22	87.96038
-26.6	88.14874
-25.93	88.90215
-25.27	89.09049
-24.66	89.59277
-24.07	90.28339
-23.42	90.53453
-22.82	91.09959
-22.17	91.47629
-21.55	91.97856
-20.9	92.54362
-20.29	93.10867
-19.63	93.17146
-19.03	94.05043
-18.38	94.23878
-17.75	94.86662
-17.13	95.49446
-16.47	95.49446
-15.79	96.12231
-15.24	96.62457
-14.62	97.3152
-13.96	97.6919
-13.35	98.63367
-12.73	98.8848
-12.07	99.63821
-11.46	99.82656
-10.84	100.4544
-10.23	100.8939
-9.560001	101.5845
-8.95	101.9612
-8.34	102.4635
-7.67	103.0285
-7.03	103.4053
-6.39	104.1587
-5.82	104.5354
-5.17	105.226
-4.58	105.6027
-3.96	106.2305
-3.35	106.7328
-2.71	107.549
-2.08	108.1768
-1.41	108.428
-0.79	109.3069
-0.01	109.9976
0.81	111.0021
1.47	111.1277
2.05	111.9439
2.67	112.1322
3.28	113.1368
3.89	113.2623
4.51	114.3297
5.12	114.3297
5.73	115.0831
6.34	116.0876
7	116.1504
7.6	117.0294
8.22	117.4689
8.810001	118.0967
9.43	118.6618
10.05	119.2268
10.69	119.6663
11.29	120.2941
11.91	120.7964
12.49	121.2987
13.09	121.9893
13.73	122.2404
14.36	122.8683
14.96	123.4333
15.62	124.0612
16.23	124.6262
16.84	125.1913
17.44	125.6308
18.1	126.1331
18.72	126.2586
19.36	126.7609
19.95	127.2004
20.6	127.5143
21.21	127.9538
21.85	128.0166
22.49	128.7072
23.09	128.7072
23.73	129.2095
24.36	129.335
24.99	129.7745
25.62	129.7117
26.25	130.3396
26.94	129.335
27.57	129.5234
28.21	129.9001
28.89	130.5279
29.5	130.0257
30.15	130.214
30.81	130.5907
31.43	130.7791
32.1	130.7791
32.73	130.3396
33.39	130.7163
34.02	130.7163
34.67	130.7791
35.34	130.5907
36.02	130.9046
36.64	130.7791
37.28	130.7791
37.95	130.9046
38.62	130.9674
39.26	130.9046
39.97	130.3396
40.58	130.4024
41.23	130.3396
41.87	130.3396
42.55	130.3396
43.24	129.7745
43.9	130.4024
44.57	129.7117
45.24	129.5862
45.88	129.5234
46.54	129.3978
47.22	129.0211
47.89	128.9583
48.55	128.7072
49.22	128.7072
49.84	128.3933
50.52	128.0166
51.23	127.9538
51.87	127.3887
52.54	127.3887
53.21	126.9492
53.88	127.1376
54.6	126.1958
55.26	126.1958
55.95	125.7564
56.63	125.6308
57.27	125.0029
57.98	124.5635
58.64	124.4379
59.36	123.8728
60.02	123.8101
60.69	123.4333
61.37	122.6171
62.06	122.4916
62.75	122.0521
63.4	121.9893
64.1	121.487
64.78	121.2987
65.49	120.6708
66.16001	119.7919
66.85	119.2896
67.61	118.7245
68.46	118.7245
69.18	117.8456
69.98001	117.8456
70.71	116.6527
