Galeota 1996 Specimen CB3	
3956	
0.04	1.004544
0.11	2.323008
0.18	3.641472
0.26	5.085504
0.33	6.2784
0.4	7.53408
0.47	8.78976
0.56	10.29657
0.64	11.48947
0.73	12.87072
0.81	14.31475
0.89	15.88435
0.96	17.14003
1.03	18.39571
1.1	19.46304
1.19	20.78151
1.27	22.22553
1.34	23.35565
1.41	24.42297
1.49	25.49031
1.57	26.62041
1.66	28.31559
1.75	29.75961
1.83	30.82695
1.92	32.33376
2.02	33.90336
2.1	35.28461
2.19	36.66585
2.28	37.98432
2.37	39.55392
2.46	40.68403
2.55	42.19085
2.64	43.63488
2.73	44.82778
2.83	46.46016
2.93	47.71584
3.02	49.28544
3.11	50.72947
3.21	52.11072
3.3	53.55475
3.37	54.62208
3.47	55.94055
3.56	57.44736
3.66	58.51469
3.76	60.0215
3.85	61.27719
3.97	62.784
4.07	64.10246
4.16	65.48372
4.29	66.99052
4.42	68.62292
4.51	69.62745
4.62	70.94592
4.74	72.45274
4.86	73.95956
4.96	75.02688
5.09	76.47091
5.19	77.47546
5.32	78.98228
5.44	80.30073
5.56	81.68198
5.69	83.12601
5.81	84.3817
5.93	85.51181
6.06	86.95584
6.17	88.08595
6.32	89.59277
6.47	91.09959
6.56	92.10413
6.7	93.54816
6.84	94.86662
7.2	95.99674
7.34	97.18962
7.5	98.50813
7.62	99.76379
7.79	101.0823
7.93	102.1495
8.17	103.468
8.31	104.9121
8.48	106.2933
8.62	107.549
8.79	108.9931
8.96	110.4999
9.15	111.8183
9.32	113.0739
9.5	114.4553
9.72	115.9621
9.89	117.1549
10.1	118.5361
10.27	119.7919
10.49	121.2359
10.71	122.5544
10.92	123.81
11.13	125.1285
11.34	126.2586
11.54	127.6399
11.72	128.9583
11.97	130.214
12.16	131.4697
12.41	132.7882
12.66	134.295
12.92	135.5506
13.19	136.7436
13.43	138.1248
13.68	139.506
13.95	140.5106
14.21	141.829
14.5	143.3987
14.77	144.7799
15.29	144.5915
15.5	146.1612
15.94	147.8563
16.23	149.1748
16.63	150.6816
16.95	152.0628
17.46	151.6234
17.91	152.7534
18.42	153.0046
18.93	153.8208
19.3	155.2649
19.71	156.8344
20.21	158.4041
20.52	159.4086
21.08	161.2921
21.6	162.3595
22.13	163.3011
22.66	164.3685
23.19	165.2475
23.74	166.252
24.26	167.3194
24.81	168.01
25.37	168.7634
25.9	169.2029
26.4	169.2657
26.85	167.5077
26.87	168.2611
26.75	166.6288
26.63	164.9964
26.51	163.4895
26.38	162.0455
26.19	159.9109
25.99	157.9018
25.85	156.5833
25.66	154.637
25.54	153.3813
25.39	152.1257
25.27	150.8072
25.07	148.9236
24.93	147.668
24.75	145.91
24.54	143.9637
24.4	142.7081
24.19	141.0128
24.06	139.9455
23.87	137.9992
23.67	136.2413
23.46	134.5461
23.26	132.7882
23.07	130.8419
22.86	129.0211
22.66	127.4515
22.45	125.6936
22.26	123.81
22.06	122.1776
21.85	120.4197
21.66	118.6617
21.46	117.1549
21.25	115.2715
21.06	113.7018
20.85	111.8811
20.65	110.1859
20.45	108.6163
20.32	107.549
20.11	105.8539
19.92	104.2842
19.72	102.7774
19.59	101.3962
19.37	99.76379
19.18	98.3197
18.98	96.62458
18.78	95.05497
18.57	93.42259
18.36	91.91578
18.17	90.47175
17.98	88.90215
17.77	87.26976
17.58	85.76295
17.37	84.25613
17.16	82.74931
16.97	81.17972
16.75	79.67289
16.57	78.41721
16.43	77.34988
16.21	75.84308
16.03	74.33626
15.83	72.76665
15.62	71.51098
15.42	70.06695
15.21	68.49735
15.01	67.24165
14.82	65.9232
14.61	64.29081
14.41	63.03513
14.21	61.65388
14.01	60.14707
13.81	58.8914
13.61	57.44736
13.4	55.94055
13.19	54.68486
13	53.30361
12.79	51.98516
12.6	50.60391
12.4	49.53657
12.2	48.15533
12	46.71129
11.81	45.39283
11.6	44.13715
11.41	42.81868
11.22	41.62579
11.02	40.24455
10.83	38.98887
10.64	37.73319
10.45	36.47751
10.26	35.28461
10.08	34.02893
9.89	32.77325
9.7	31.51757
9.52	30.45024
9.27	28.75507
9.07	27.62496
8.84	26.05536
8.59	24.48576
8.35	22.85337
8.17	21.47213
7.97	20.15367
7.76	18.64685
7.55	17.14003
7.4	16.19827
7.19	14.75424
6.98	13.24743
6.8	11.92896
6.63	10.54771
6.42	8.915328
6.26	7.848
6.06	6.403968
5.88	4.959936
5.67	3.45312
5.46	2.385792
5.33	1.25568
5.15	-0.188352
4.99	-1.318464
4.85	-2.762496
4.65	-4.269312
4.37	-6.152832
4.23	-7.157376
4.07	-8.852544
3.92	-10.04544
3.78	-11.30112
3.64	-12.49401
3.5	-13.87527
3.31	-15.63321
3.17	-16.76333
3.03	-18.01901
2.88	-19.46304
2.73	-20.53036
2.59	-21.91161
2.44	-23.35565
2.3	-24.61133
2.15	-25.92979
2	-27.43661
1.86	-28.69229
1.66	-30.45024
1.51	-31.7687
1.36	-33.21273
1.21	-34.78234
1.07	-36.28915
0.93	-37.6704
0.79	-39.17721
0.64	-40.49568
0.49	-42.00249
0.35	-43.44653
0.13	-45.07891
-0.01	-46.71129
-0.15	-48.15533
-0.3	-49.66214
-0.45	-51.0434
-0.59	-52.67578
-0.74	-53.99424
-0.89	-55.50105
-1.03	-56.81952
-1.18	-58.32633
-1.33	-59.58201
-1.48	-61.15161
-1.63	-62.53286
-1.76	-63.72577
-1.91	-65.42093
-2.07	-66.67661
-2.22	-68.30899
-2.36	-69.8158
-2.51	-71.32262
-2.66	-72.70387
-2.8	-74.21069
-2.95	-75.59194
-3.1	-76.97318
-3.26	-78.41721
-3.46	-80.11239
-3.62	-81.43085
-3.77	-82.87488
-3.93	-84.19334
-4.08	-85.51181
-4.29	-87.20698
-4.45	-88.651
-4.6	-89.8439
-4.76	-91.22516
-4.92	-92.6064
-5.13	-94.30157
-5.34	-96.18509
-5.5	-97.44078
-5.71	-99.07316
-5.87	-100.4544
-6.03	-101.6473
-6.25	-103.1541
-6.47	-104.9748
-6.64	-106.1049
-6.86	-107.7373
-7.08	-109.2441
-7.31	-110.8138
-7.54	-112.4462
-7.76	-113.7647
-7.98	-115.5225
-8.21	-116.841
-8.44	-118.4734
-8.68	-119.7919
-8.91	-121.2359
-9.14	-122.7427
-9.38	-124.0612
-9.62	-125.4424
-9.86	-126.8237
-10.1	-128.1422
-10.33	-129.5861
-10.64	-131.1558
-10.94	-132.6626
-11.18	-134.1067
-11.48	-135.6135
-11.72	-136.8691
-11.97	-137.9365
-12.28	-139.506
-12.58	-141.0128
-12.83	-142.3313
-13.14	-143.587
-13.51	-145.2822
-13.89	-146.9774
-14.27	-148.3586
-14.65	-149.8654
-15.02	-151.6861
-15.33	-153.1929
-15.71	-154.5114
-16.1	-156.0182
-16.61	-157.4623
-17.13	-159.1574
-17.65	-160.4759
-18.2	-155.0765
-18.76	-156.2694
-19.02	-157.7762
-19.31	-159.4086
-19.68	-160.9781
-20.09	-162.4222
-20.64	-163.929
-21.17	-164.808
-21.71	-165.6241
-22.21	-166.4403
-23.23	-155.1393
-23.6	-154.3231
-23.59	-152.7534
-23.42	-150.8699
-23.29	-149.7398
-23.14	-148.233
-23	-146.8518
-22.8	-145.1566
-22.61	-143.5243
-22.47	-142.0802
-22.26	-140.6361
-22.12	-139.3177
-21.93	-137.7481
-21.79	-136.4924
-21.59	-134.7345
-21.39	-133.2276
-21.19	-131.5952
-21	-130.0257
-20.8	-128.5189
-20.65	-127.2631
-20.45	-125.6307
-20.26	-124.0612
-20.06	-122.6171
-19.85	-121.1103
-19.66	-119.5407
-19.46	-118.0339
-19.25	-116.5271
-19.11	-115.2715
-18.91	-113.6391
-18.71	-112.2577
-18.52	-110.7509
-18.31	-109.1185
-18.12	-107.6117
-17.92	-106.0422
-17.72	-104.7237
-17.52	-103.1541
-17.33	-101.5845
-17.18	-100.4544
-16.98	-99.01033
-16.78	-97.44078
-16.58	-95.87117
-16.38	-94.30157
-16.19	-92.98309
-15.99	-91.47629
-15.84	-90.2206
-15.64	-88.71379
-15.45	-87.39532
-15.25	-85.88852
-15.06	-84.3817
-14.86	-82.87488
-14.66	-81.36806
-14.47	-79.92403
-14.27	-78.41721
-14.08	-76.9104
-13.88	-75.46637
-13.69	-73.95956
-13.49	-72.51552
-13.3	-71.13428
-13.1	-69.50188
-12.9	-68.12064
-12.71	-66.80218
-12.5	-65.16978
-12.3	-63.47463
-12.03	-61.71667
-11.82	-60.08429
-11.62	-58.57747
-11.4	-57.25901
-11.18	-55.87776
-10.96	-54.49652
-10.74	-53.30361
-10.52	-51.85959
-10.29	-50.54112
-10.07	-49.09709
-9.85	-47.65306
-9.62	-46.33459
-9.4	-45.01612
-9.18	-43.57209
-8.97	-42.3792
-8.74	-40.99796
-8.53	-39.49113
-8.33	-37.92153
-8.13	-36.41472
-7.98	-35.15904
-7.78	-33.58944
-7.58	-31.95706
-7.44	-30.82695
-7.24	-29.13177
-7.05	-27.49939
-6.85	-25.92979
-6.66	-24.29741
-6.47	-22.79059
-6.32	-21.59769
-6.13	-19.90253
-5.94	-18.39571
-5.75	-16.76333
-5.61	-15.44487
-5.41	-13.93805
-5.23	-12.36845
-5.04	-10.73607
-4.86	-9.166464
-4.72	-7.973568
-4.53	-6.403968
-4.35	-4.897152
-4.22	-3.829824
-4.04	-2.19744
-3.86	-0.878976
-3.7	0.376704
-3.46	1.946304
-3.31	3.201984
-3.16	4.520448
-3	6.027264
-2.83	7.471296
-2.67	8.915328
-2.5	10.23379
-2.35	11.48947
-2.16	12.5568
-2	13.74969
-1.84	15.38208
-1.71	16.63776
-1.57	17.83065
-1.44	19.02355
-1.29	20.34201
-1.13	21.78605
-1	22.85337
-0.84	24.17184
-0.67	25.49031
-0.5	26.55763
-0.34	27.81331
-0.18	29.19456
-0.02	30.57581
0.15	32.08263
0.32	33.40108
0.5	34.97068
0.68	36.41472
0.81	37.6704
0.95	39.05165
1.1	40.55847
1.25	42.00249
1.4	43.63488
1.55	44.95335
1.71	46.2718
1.87	47.59027
2.03	48.90873
2.19	50.28999
2.36	51.48288
2.52	52.92691
2.68	54.18259
2.84	55.50105
3.02	56.75673
3.18	58.20076
3.41	59.95872
3.57	61.2144
3.8	62.90956
3.97	64.03967
4.15	65.35815
4.32	66.61382
4.55	68.12064
4.72	69.4391
4.96	70.94592
5.13	72.13881
5.37	73.64563
5.54	74.77575
5.78	76.28256
6.01	77.91493
6.25	79.42175
6.49	80.80301
6.72	82.30982
6.97	83.75385
7.2	85.19788
7.44	86.57914
7.74	88.3371
7.98	89.78112
8.22	91.22516
8.46	92.54361
8.71	93.79929
8.95	95.11776
9.26	96.68736
9.5	98.13139
9.74	99.38705
9.99	100.7683
10.23	102.0239
10.48	103.2797
10.78	104.7865
11.08	106.4189
11.39	107.9257
11.74	109.2441
11.94	110.7509
12.18	111.8183
12.48	113.3879
12.79	114.7692
13.09	116.3387
13.4	117.6572
13.64	118.9129
13.95	120.4197
14.26	121.8638
14.62	123.5589
14.92	125.1913
15.29	126.5725
15.59	127.7654
15.89	129.1467
16.19	130.4652
16.49	131.7208
16.8	133.0393
17.1	134.295
17.41	135.6135
17.75	137.1203
18.06	138.2504
18.41	139.8828
18.78	141.264
19.13	142.6452
19.51	144.0265
19.85	145.4077
20.21	146.7889
20.58	148.1074
20.95	149.4887
21.35	150.9955
21.77	152.3767
22.21	153.8208
22.57	155.0765
22.91	156.2065
23.33	157.525
23.76	158.9063
24.23	160.4759
24.72	161.7943
25.25	163.2384
25.73	164.4941
26.27	165.687
26.77	166.9426
27.3	167.7588
27.81	168.1983
28.32	169.0145
28.86	169.8307
29.38	170.2703
29.91	170.3957
30.43	170.0818
30.96	169.8307
31.5	169.3285
32.05	168.7634
32.62	167.8217
33.18	167.1311
33.68	166.3149
34.18	165.6241
34.75	164.808
35.25	164.1802
35.8	163.4895
36.31	162.7989
36.82	162.1711
37.39	161.5433
37.96	160.8527
38.55	160.0365
39.06	159.4713
39.58	158.9063
40.11	158.1529
40.67	157.6506
41.21	156.8972
41.76	156.395
42.32	155.7671
42.89	155.2649
43.43	154.5114
43.96	154.072
44.46	153.5696
45.03	152.9419
45.54	152.6907
45.7	150.556
46.3	149.9281
46.81	149.3004
47.38	148.9236
47.91	148.8609
48.41	148.5469
48.98	148.1074
49.55	147.668
50.09	147.4796
50.44	144.7799
50.94	145.0311
51.44	145.0938
51.94	145.0311
52.45	144.7799
52.96	144.4659
53.46	144.2149
54	143.9637
54.51	143.587
55.03	143.1475
55.56	142.8336
56.1	142.4569
56.6	142.2058
56.87	141.0128
56.92	140.1339
57.45	140.1339
57.78	139.0666
57.8	141.8919
57.68	140.1967
57.49	138.6898
57.39	137.3713
57.24	135.9901
57.07	134.5461
56.88	132.8509
56.73	131.4069
56.54	129.8373
56.34	128.0793
56.16	126.5725
55.96	125.1285
55.7	123.245
55.51	121.6753
55.35	120.4197
55.14	118.7246
54.98	117.4689
54.75	115.8365
54.59	114.4553
54.38	112.8856
54.23	111.6927
53.97	110.1859
53.82	108.8047
53.6	107.1095
53.36	105.4771
53.16	104.1586
53.02	102.8401
52.81	101.2706
52.55	99.57547
52.3	97.88025
52.11	96.18509
51.93	95.05497
51.69	93.42259
51.46	91.72742
51.24	90.15783
51.02	88.46265
50.83	87.26976
50.61	85.76295
50.43	84.57005
50.19	83.06323
49.97	81.6192
49.73	79.92403
49.49	78.35443
49.29	76.9104
49.05	75.3408
48.82	73.7712
48.58	72.38995
48.35	70.75757
48.11	69.37632
47.86	67.74393
47.66	66.36269
47.41	64.91865
47.18	63.41184
46.93	61.90503
46.73	60.64935
46.48	59.14252
46.25	57.63571
46.02	56.19168
45.77	54.87322
45.52	53.55475
45.3	52.23629
45.06	50.79225
44.84	49.4738
44.61	48.21811
44.36	46.89965
44.1	45.26727
43.85	43.9488
43.56	42.3792
43.29	40.74681
42.99	39.36557
42.77	37.98432
42.54	36.85421
42.25	35.41017
41.95	33.84057
41.69	32.27098
41.4	30.88973
41.13	29.38291
40.81	27.87609
40.55	26.36928
40.24	25.05081
39.98	23.73235
39.68	22.09997
39.38	20.59315
39.06	19.21191
38.82	18.14457
38.48	16.88889
38.14	15.57043
37.83	14.37753
37.45	12.87072
37.09	11.55225
36.71	10.04544
36.33	8.601408
35.91	7.094592
35.53	5.776128
35.1	4.269312
34.66	3.013632
34.34	1.506816
33.93	0.062784
33.59	-1.25568
33.33	-2.574144
33.03	-3.892608
32.74	-5.211072
32.42	-6.59232
32.12	-7.785216
31.59	-7.53408
31.32	-8.978112
31	-10.29657
30.68	-11.74061
30.34	-13.24743
29.96	-14.62867
29.63	-15.82157
29.09	-16.57497
28.82	-17.76787
28.48	-19.14912
28.16	-20.53036
27.74	-22.03719
27.34	-23.41843
26.94	-24.92525
26.51	-26.18093
26.09	-27.68775
25.68	-28.88064
25.16	-28.88064
24.81	-30.26188
24.39	-31.7687
23.97	-33.14996
23.47	-34.46842
23.04	-35.72409
22.51	-35.72409
22.08	-37.04256
21.65	-38.42381
21.14	-39.80506
20.65	-40.93517
20.15	-42.19085
19.63	-42.19085
19.2	-43.50932
18.76	-44.76499
18.25	-46.02068
17.74	-47.15078
17.11	-47.33914
16.63	-48.40647
16.16	-49.78771
15.6	-51.16896
15.09	-51.85959
14.57	-51.48288
14.11	-52.86412
13.64	-54.18259
13.09	-55.43827
12.54	-56.75673
11.98	-57.88684
11.48	-57.6985
11	-58.8914
10.48	-60.46099
10.01	-61.71667
9.46	-62.97235
8.91	-62.97235
8.43	-64.22803
7.98	-65.60928
7.52	-66.92774
7.06	-68.18343
6.43	-68.37177
5.96	-69.8158
5.58	-71.19706
5.21	-72.38995
4.83	-73.7712
4.38	-75.15245
3.94	-76.5337
3.55	-77.78938
3.02	-77.97774
2.65	-79.48454
2.29	-80.80301
1.93	-82.12147
1.62	-83.31436
1.26	-84.57005
0.83	-86.07687
0.47	-87.39532
-0.03	-87.8976
-0.33	-89.21606
-0.68	-90.6601
-0.97	-91.91578
-1.26	-93.23425
-1.61	-94.5527
-1.97	-95.99674
-2.31	-97.44078
-2.86	-98.19414
-3.14	-99.44989
-3.48	-101.0823
-3.82	-102.5891
-4.16	-104.0959
-4.5	-105.4771
-4.85	-106.9211
-5.19	-108.1769
-5.72	-109.307
-5.99	-110.5626
-6.33	-112.1323
-6.61	-113.3251
-6.95	-114.7063
-7.22	-115.9621
-7.56	-117.2805
-7.9	-118.7246
-8.43	-119.3523
-8.71	-120.6708
-9.03	-122.1776
-9.36	-123.6845
-9.64	-124.8774
-9.97	-126.133
-10.31	-127.5143
-10.64	-128.9583
-11.04	-130.2767
-11.42	-131.5952
-11.96	-132.1603
-12.28	-133.6671
-12.61	-134.9229
-12.94	-136.2413
-13.26	-137.5598
-13.65	-139.0037
-14.04	-140.385
-14.49	-141.7035
-14.9	-143.2731
-15.3	-144.4659
-15.84	-144.3405
-16.23	-145.6589
-16.62	-146.9774
-17.06	-148.2959
-17.52	-149.5515
-18.03	-150.8072
-18.56	-152.0628
-19.06	-151.4351
-19.58	-152.6279
-20.1	-154.1975
-20.62	-155.3904
-21.14	-156.2065
-21.64	-156.8344
-22.17	-156.5833
-22.69	-157.7135
-23.22	-158.5924
-23.76	-159.3457
-24.3	-159.9109
-24.8	-158.8435
-25.35	-159.6597
-25.89	-160.4131
-26.42	-160.9781
-27.05	-160.2248
-27.59	-160.4759
-28.13	-161.1037
-28.67	-161.606
-29.2	-161.7943
-29.6	-160.5387
-30.15	-160.9781
-30.69	-161.3549
-31.23	-161.5433
-31.78	-161.606
-31.99	-160.0365
-32.5	-160.2875
-33	-160.4759
-33.55	-160.6642
-34.05	-160.5387
-34.52	-158.9691
-35.04	-158.5924
-35.57	-158.7807
-36.1	-158.5924
-36.62	-158.4041
-37.2	-156.8344
-37.74	-156.395
-38.26	-156.2694
-38.81	-156.1438
-39.36	-155.9555
-39.58	-154.4487
-40.08	-154.1975
-40.61	-154.1975
-41.15	-154.072
-41.79	-152.5651
-42.34	-152.1257
-42.87	-152.1257
-43.41	-151.9373
-43.96	-151.6234
-44.1	-150.1793
-44.65	-149.9281
-45.17	-149.9281
-45.75	-149.7398
-46.26	-148.233
-46.79	-147.9819
-46.98	-146.7262
-47.01	-146.5379
-46.88	-145.0938
-46.7	-143.587
-46.57	-142.3313
-46.35	-140.699
-46.14	-139.0037
-45.96	-137.7481
-45.77	-136.2413
-45.62	-134.9229
-45.44	-133.5415
-45.21	-131.972
-45.02	-130.4652
-44.82	-128.9583
-44.59	-127.326
-44.37	-125.7563
-44.15	-124.3123
-43.99	-123.0567
-43.75	-121.6753
-43.53	-120.043
-43.36	-118.8501
-43.11	-117.2177
-42.94	-115.8993
-42.7	-114.2669
-42.47	-112.76
-42.23	-111.1905
-41.98	-109.4953
-41.74	-108.0513
-41.5	-106.4816
-41.26	-104.7865
-41.04	-103.2797
-40.78	-101.7729
-40.52	-99.88936
-40.26	-98.3197
-40.01	-96.62458
-39.74	-94.86662
-39.49	-93.23425
-39.31	-91.97856
-39.07	-90.40896
-38.79	-88.71379
-38.54	-87.01862
-38.28	-85.32345
-38.03	-83.75385
-37.77	-82.05869
-37.51	-80.36352
-37.25	-78.79392
-36.99	-77.09875
-36.73	-75.40359
-36.47	-73.89677
-36.21	-72.2016
-35.96	-70.69479
-35.66	-69.06239
-35.42	-67.43002
-35.15	-65.9232
-34.89	-64.3536
-34.63	-62.84679
-34.36	-61.52832
-34.08	-59.83316
-33.81	-58.32633
-33.53	-57.07065
-33.25	-55.87776
-32.87	-53.99424
-32.58	-52.86412
-32.28	-51.42009
-31.98	-50.16442
-31.69	-48.84595
-31.32	-47.088
-31.03	-45.83232
-30.75	-44.63942
-30.46	-43.25817
-30.19	-41.81414
-29.91	-40.30732
-29.64	-38.80051
-29.36	-37.48204
-29.11	-35.97523
-28.83	-34.78234
-28.56	-33.21273
-28.3	-31.7687
-28.04	-30.38745
-27.76	-29.0062
-27.49	-27.62496
-27.23	-26.18093
-26.96	-24.86247
-26.59	-23.10452
-26.32	-21.66048
-25.96	-19.96531
-25.69	-18.64685
-25.42	-17.32839
-25.15	-16.07271
-24.87	-14.81703
-24.6	-13.49856
-24.33	-12.24288
-23.96	-10.54771
-23.69	-9.229248
-23.33	-7.659648
-22.96	-5.838912
-22.6	-4.332096
-22.24	-2.762496
-21.89	-1.25568
-21.55	0.062784
-21.07	1.444032
-20.81	2.636928
-20.58	4.018176
-20.24	5.399424
-19.88	6.90624
-19.53	8.413056
-19.21	9.668736
-18.9	10.92441
-18.47	11.99175
-18.09	13.31021
-17.73	14.94259
-17.43	16.26105
-16.91	16.32384
-16.57	17.83065
-16.24	19.27469
-15.9	20.53036
-15.53	21.78605
-15.06	23.16729
-14.69	24.3602
-14.31	25.42752
-13.74	26.05536
-13.39	27.24825
-13.05	28.31559
-12.69	29.63405
-12.21	31.07808
-11.72	32.52211
-11.21	33.90336
-10.65	34.71955
-10.26	35.97523
-9.87	37.41927
-9.35	38.92608
-8.83	40.43289
-8.4	41.62579
-7.98	42.88147
-7.4	43.76044
-7.09	44.95335
-6.67	46.2718
-6.25	47.59027
-5.82	48.84595
-5.29	50.35276
-4.71	51.23175
-4.4	52.55021
-3.98	54.18259
-3.55	55.50105
-3.13	56.94509
-2.55	57.82407
-2.23	59.07975
-1.92	60.33543
-1.5	61.90503
-1.07	63.47463
-0.7	64.66752
-0.11	65.98598
0.29	67.68115
0.71	69.25076
1.11	70.94592
1.7	72.26437
1.96	73.45728
2.38	74.96409
2.79	76.5337
3.2	77.91493
3.62	79.2962
4.19	80.92859
4.6	82.49817
5.02	84.005
5.61	85.19788
6.01	86.83027
6.43	88.27431
6.87	90.34617
7.42	91.72742
7.82	93.17146
8.41	94.30157
8.83	95.80839
9.26	97.25246
9.68	98.69643
10.25	100.3288
10.85	101.3962
11.26	102.8401
11.69	104.0959
12.12	105.4143
12.73	106.0422
13.15	107.6117
13.57	109.1185
14	110.3115
14.59	111.63
15.19	112.4462
15.62	113.7647
16.05	114.8947
16.63	116.4016
17.22	117.6572
17.82	118.2851
18.26	119.6035
18.84	120.6708
19.42	122.1149
19.92	121.6753
20.34	123.1194
20.93	124.4379
21.51	125.568
22.12	126.6353
22.76	126.8865
23.35	128.2677
23.94	129.3978
24.53	130.4652
25.15	131.093
25.77	131.5952
26.37	132.6626
26.98	133.6671
27.49	133.5415
28.08	134.7973
28.69	135.4251
29.2	135.3623
29.8	136.4297
30.41	137.183
30.93	136.6807
31.53	137.9365
32.16	138.5643
32.79	139.0037
33.3	138.6271
33.92	139.4433
34.55	140.1339
35.18	140.3222
35.69	139.9455
36.33	140.7617
36.97	141.1384
37.64	140.5734
38.28	141.5779
38.93	141.8919
39.57	142.2685
40.08	141.829
40.6	142.2685
41.25	142.5197
41.91	142.8336
42.43	142.7081
43.1	142.5197
43.6	142.9591
44.1	142.8336
44.6	142.8964
45.11	142.8336
45.64	142.9591
46.15	142.9591
46.7	142.8964
47.23	142.5197
47.74	142.8336
48.25	142.2685
48.76	142.7081
49.31	142.3941
49.85	142.3941
50.37	142.2058
50.9	141.8919
51.44	141.6407
51.99	141.7663
52.54	141.3896
53.07	141.2013
53.65	140.699
54.17	140.5106
54.92	140.2595
55.45	139.8199
56	139.506
56.53	139.1921
57.09	138.8154
57.62	138.6271
58.2	138.2504
58.73	137.3086
58.78	136.2413
58.85	139.6944
58.75	137.9992
58.53	135.8646
58.32	134.1067
58.12	132.1603
57.88	130.214
57.66	128.5816
57.47	126.5725
57.25	124.8774
57.05	123.1194
56.8	121.2359
56.62	119.5407
56.38	117.8455
56.14	116.276
55.91	114.6436
55.68	113.0739
55.48	111.3788
55.25	109.872
55.02	108.1769
54.82	106.5445
54.59	104.9121
54.36	103.2797
54.14	101.5845
53.9	99.88936
53.68	98.38255
53.48	96.68736
53.25	95.18054
53	93.61095
52.8	91.97856
52.56	90.5973
52.36	88.90215
52.12	87.45811
51.91	85.88852
51.69	84.25613
51.44	82.87488
51.22	81.17972
51	79.86124
50.78	78.22887
50.53	76.84762
50.34	75.3408
50.11	73.95956
49.89	72.45274
49.66	71.07149
49.44	69.4391
49.22	67.9323
48.97	66.55104
48.77	65.10701
48.55	63.47463
48.31	62.15616
48.09	60.77491
47.87	59.39367
47.62	58.01241
47.44	56.69395
47.2	55.31271
46.99	53.93145
46.77	52.67578
46.54	51.35732
46.18	49.22265
45.97	47.96697
45.64	46.08345
45.4	44.57664
45.21	43.32096
44.99	42.12806
44.66	40.30732
44.42	39.05165
44.25	37.92153
43.91	35.97523
43.6	34.28006
43.28	32.52211
42.96	30.82695
42.72	29.63405
42.42	27.81331
42.1	26.18093
41.78	24.48576
41.47	22.91616
41.14	20.96985
40.8	19.08633
40.51	18.01901
40.23	16.88889
39.95	15.82157
39.61	14.37753
39.2	12.61959
38.87	11.36391
38.49	10.04544
38.14	8.538624
37.79	7.22016
37.33	5.776128
36.83	4.332096
36.49	2.950848
36.15	1.506816
35.74	0
35.51	-1.130112
35.25	-2.385792
34.92	-3.641472
34.56	-5.524992
34.15	-7.094592
33.85	-8.538624
33.53	-9.794308
33.21	-10.9872
32.93	-12.36845
32.49	-13.93805
32.19	-15.25651
31.76	-16.76333
31.34	-18.45849
31.01	-19.71417
30.56	-21.40935
30.16	-19.96531
29.83	-21.40935
29.52	-22.72781
29.19	-24.17184
28.87	-25.74144
28.33	-26.30649
28.01	-27.62496
27.67	-29.06899
27.24	-30.82695
26.79	-32.39655
26.24	-32.77325
25.9	-34.09172
25.46	-35.59853
25.01	-37.10534
24.54	-38.61216
24	-39.05165
23.53	-40.49568
23.06	-42.06528
22.52	-42.63034
22.05	-44.19993
21.57	-45.70675
21.1	-47.15078
20.53	-47.33914
20.04	-48.78316
19.43	-50.28999
18.87	-50.72947
18.39	-52.23629
17.78	-53.80589
17.09	-54.24537
16.58	-55.43827
16.09	-56.94509
15.53	-57.19622
15.03	-58.45191
14.55	-59.77037
14.05	-60.90048
13.54	-61.96781
12.94	-62.09337
12.46	-63.34906
11.95	-64.54195
11.38	-64.47916
10.87	-65.73485
10.37	-67.05331
9.86	-68.18343
9.28	-68.30899
8.76	-69.4391
8.15	-71.07149
7.64	-72.2016
7.06	-72.38995
6.57	-73.52007
6.08	-74.77575
5.51	-75.21522
5.01	-76.47091
4.52	-77.78938
4.04	-79.10784
3.47	-79.10784
2.98	-80.55186
2.51	-82.05869
2.02	-83.12601
1.46	-83.31436
0.98	-84.82118
0.51	-86.39078
-0.17	-86.76749
-0.64	-88.3371
-1.1	-89.71834
-1.57	-90.91122
-2.14	-91.22516
-2.59	-92.79475
-2.94	-93.86208
-3.4	-95.49447
-3.98	-97.12688
-4.52	-97.62909
-4.86	-98.6337
-5.32	-100.0777
-5.79	-101.5217
-6.33	-101.5845
-6.79	-103.2797
-7.24	-104.5354
-7.59	-105.8539
-8.12	-106.984
-8.69	-107.8001
-9.15	-109.2441
-9.6	-110.6255
-10.13	-110.9393
-10.59	-112.2577
-11.05	-113.8274
-11.5	-115.2715
-11.96	-116.5899
-12.48	-116.9666
-12.94	-118.4107
-13.39	-119.7291
-14.05	-120.2314
-14.5	-121.6753
-14.96	-122.8055
-15.53	-124.6891
-16.06	-124.5006
-16.53	-125.9447
-17.1	-127.2004
-17.56	-128.5189
-18.1	-128.3933
-18.57	-129.8373
-19.15	-131.093
-19.74	-132.4114
-20.29	-131.9091
-20.88	-133.416
-21.47	-134.7973
-22.15	-134.7345
-22.77	-136.1157
-23.32	-137.183
-23.93	-138.2504
-24.5	-137.9365
-25.09	-139.0666
-25.7	-139.9455
-26.25	-139.506
-26.85	-140.5734
-27.45	-141.829
-28.01	-141.2013
-28.51	-141.8919
-29.11	-142.8964
-29.61	-143.3987
-30.18	-142.8964
-30.68	-143.587
-31.29	-144.4032
-31.8	-145.0938
-32	-143.8382
-32.5	-144.4659
-33.12	-145.2822
-33.63	-145.91
-34.2	-144.8427
-34.72	-145.5333
-35.35	-146.1612
-35.86	-146.5379
-36.46	-145.6589
-36.97	-145.9729
-37.6	-146.4751
-38.2	-145.5333
-38.73	-145.91
-39.35	-146.3495
-39.89	-146.5379
-40.46	-145.4705
-41.01	-145.6589
-41.52	-145.9729
-42.04	-146.2867
-42.52	-144.7799
-43.06	-145.0311
-43.59	-145.4705
-44.19	-144.3405
-44.69	-144.3405
-45.21	-144.5915
-45.79	-143.3987
-46.29	-143.587
-46.81	-143.587
-47.36	-142.2058
-47.45	-140.8245
-47.53	-140.699
-47.34	-138.6271
-47.18	-137.3713
-47.02	-135.9901
-46.84	-134.6089
-46.6	-132.7882
-46.43	-131.4069
-46.26	-130.0884
-45.99	-128.2677
-45.83	-127.0121
-45.58	-125.1913
-45.38	-123.81
-45.13	-122.1149
-44.87	-120.4825
-44.61	-118.7246
-44.35	-116.9666
-44.07	-115.2086
-43.82	-113.5135
-43.58	-111.6927
-43.32	-110.0603
-43.03	-108.3652
-42.87	-107.1095
-42.62	-105.6027
-42.44	-104.347
-42.18	-102.6518
-41.93	-101.0823
-41.66	-99.38705
-41.41	-97.69193
-41.14	-96.05952
-40.88	-94.30157
-40.62	-92.73196
-40.35	-91.22516
-40.11	-89.52998
-39.83	-87.77203
-39.58	-86.13965
-39.35	-84.44447
-39.07	-82.93765
-38.81	-81.2425
-38.56	-79.67289
-38.3	-78.16608
-38.04	-76.5337
-37.78	-74.83852
-37.52	-73.33171
-37.25	-71.76211
-36.99	-70.12973
-36.75	-68.62292
-36.46	-67.11609
-36.21	-65.60928
-35.93	-64.10246
-35.68	-62.59566
-35.4	-61.02605
-35.15	-59.58201
-34.89	-58.0752
-34.62	-56.75673
-34.32	-55.50105
-34.05	-54.24537
-33.76	-52.98969
-33.47	-51.60845
-33.2	-50.35276
-32.91	-49.03431
-32.62	-47.77863
-32.33	-46.52295
-32.04	-45.26727
-31.67	-43.57209
-31.28	-41.81414
-31	-40.43289
-30.73	-38.98887
-30.47	-37.54483
-30.21	-36.16359
-29.92	-34.65677
-29.65	-33.21273
-29.37	-31.7687
-29.09	-30.19911
-28.81	-28.75507
-28.52	-27.43661
-28.25	-25.99257
-27.97	-24.61133
-27.66	-23.16729
-27.4	-21.78605
-27	-20.09088
-26.72	-18.70963
-26.42	-17.32839
-26.04	-15.63321
-25.67	-13.87527
-25.39	-12.43123
-25.1	-11.17555
-24.82	-9.919874
-24.43	-8.413056
-24.14	-7.094592
-23.86	-5.96448
-23.49	-4.269312
-23.12	-2.636928
-22.75	-1.25568
-22.49	0.062784
-22.04	1.130112
-21.75	2.51136
-21.51	3.892608
-21.15	5.399424
-20.78	6.843456
-20.41	8.287488
-20.06	9.668736
-19.66	11.11277
-19.23	12.05453
-18.9	13.49856
-18.4	13.68691
-18.02	15.00537
-17.75	16.32384
-17.45	17.76787
-16.92	18.58407
-16.56	19.96531
-16.2	21.40935
-15.83	22.85337
-15.44	24.17184
-14.87	24.79968
-14.5	25.99257
-14.14	27.24825
-13.77	28.50393
-13.22	29.13177
-12.82	30.63859
-12.43	32.1454
-12.04	33.40108
-11.63	34.71955
-11.04	35.59853
-10.64	36.91699
-10.23	38.4866
-9.8	39.80506
-9.3	40.24455
-8.98	41.56301
-8.56	43.00704
-8.12	44.3255
-7.62	44.70221
-7.19	46.2718
-6.86	47.52748
-6.42	48.78316
-5.92	49.41101
-5.49	50.98061
-5.05	52.48743
-4.45	53.3664
-4.01	54.81043
-3.67	56.19168
-3.34	57.38458
-2.74	58.20076
-2.41	59.51923
-1.96	60.90048
-1.52	62.53286
-1.02	63.16071
-0.59	64.91865
-0.13	66.42547
0.47	67.11609
0.79	68.56013
1.13	69.87859
1.73	70.75757
2.06	72.13881
2.5	73.89677
3.1	74.71296
3.43	76.09421
3.87	77.72659
4.37	78.22887
4.7	79.48454
5.13	81.11693
5.48	82.49817
6.08	83.31436
6.41	84.63284
6.75	85.76295
7.2	87.20698
7.8	88.21152
8.25	89.78112
8.8	90.47175
9.2	92.04134
9.67	93.61095
10.2	94.48992
10.71	96.24788
11.22	97.69193
11.77	98.3197
12.28	100.0149
12.8	101.3962
13.34	102.0239
13.69	103.0913
14.19	104.5354
14.77	105.1632
15.27	106.6701
15.84	106.8584
16.35	108.6791
16.86	109.9347
17.43	110.0603
17.94	111.7555
18.46	112.8856
19.04	113.1368
19.57	114.4553
20.09	115.8365
20.66	115.9621
21.19	117.3433
21.76	117.2177
22.29	118.6617
22.83	119.9175
23.42	119.7291
23.95	121.2359
24.54	121.2987
25.06	122.4915
25.6	123.6217
26.18	123.4333
26.74	124.6891
27.26	125.5053
27.86	125.568
28.41	126.5725
28.95	127.3887
29.57	127.3887
30.11	128.3933
30.69	127.891
31.26	129.2095
31.87	129.7746
32.42	129.8373
32.96	130.4652
33.58	130.6535
34.13	131.4697
34.75	131.1558
35.3	131.972
35.92	131.7208
36.47	132.537
37.1	132.2231
37.65	133.1021
38.26	132.7882
38.84	133.6044
39.46	133.416
40.01	134.1694
40.65	133.8555
41.22	134.5461
41.85	134.1694
42.43	134.9229
43.03	134.4833
43.64	135.3623
44.26	134.7973
44.83	135.5506
45.46	135.1112
46.07	135.6762
46.7	135.3623
47.28	135.8018
47.93	135.3623
48.52	136.0529
49.14	135.4251
49.75	135.8646
50.38	135.2368
51.12	135.6762
51.72	135.2368
52.32	135.6135
52.98	134.9856
53.57	135.2368
54.22	134.4833
54.83	134.9856
55.49	134.1694
56.11	134.3577
56.75	133.9182
57.42	133.2905
58.01	133.4788
58.66	132.7882
59.24	132.9765
59.55	131.9091
59.6	134.5461
59.4	132.2231
59.16	129.9629
59.03	128.5816
58.77	126.133
58.47	123.6845
58.2	121.2987
57.92	118.9129
57.61	116.9039
57.34	114.8319
57.04	112.5089
56.75	110.3115
56.45	108.2396
56.15	106.0422
55.87	103.9703
55.56	101.9612
55.29	99.88936
55	97.75467
54.7	95.7456
54.43	93.61095
54.13	91.53908
53.83	89.52998
53.57	87.45811
53.26	85.44903
52.96	83.50272
52.68	81.43085
52.39	79.67289
52.08	77.72659
51.81	75.65472
51.52	73.83398
51.25	71.95046
50.94	69.87859
50.64	67.9323
50.36	66.23712
50.09	64.29081
49.78	62.34451
49.5	60.64935
49.22	58.76583
48.9	57.00787
48.61	55.12435
48.32	53.55475
48.06	51.67123
47.76	49.97607
47.49	48.21811
47.2	46.64851
46.91	44.82778
46.62	43.19539
46.35	41.62579
46.06	39.9934
45.8	38.29824
45.52	36.79142
45.22	35.15904
44.93	33.46387
44.64	31.89427
44.41	30.38745
44.13	28.88064
43.87	27.37383
43.61	25.86701
43.31	24.42297
43.07	23.10452
42.78	20.96985
42.48	19.52583
42.12	17.76787
41.77	16.51219
41.41	14.94259
41.07	13.43577
40.67	11.74061
40.23	9.857086
39.85	8.601408
39.52	7.282944
39.05	5.587776
38.54	4.269312
38.15	2.385792
37.83	1.067328
37.43	-0.439488
37.08	-2.19744
36.73	-3.892608
36.35	-5.587776
35.96	-7.22016
35.55	-8.78976
35.15	-10.48493
34.77	-12.05453
34.32	-13.49856
33.93	-15.19373
33.37	-14.81703
33.11	-16.26105
32.71	-18.01901
32.31	-19.71417
31.79	-20.53036
31.39	-22.09997
30.98	-24.04627
30.56	-25.74144
29.92	-27.05991
29.51	-28.94343
29.08	-30.57581
28.58	-30.88973
28.16	-32.58489
27.75	-34.21728
27.31	-35.59853
26.89	-37.10534
26.36	-37.85875
25.92	-39.42835
25.48	-41.06073
24.94	-41.50023
24.5	-43.00704
24.05	-44.70221
23.6	-45.89511
23.07	-46.33459
22.62	-47.8414
22	-49.53657
21.47	-49.91328
21.01	-51.23175
20.56	-52.67578
19.85	-53.30361
19.39	-54.68486
18.93	-55.94055
18.38	-56.31725
17.74	-58.01241
17.11	-59.51923
16.55	-59.70758
15.92	-61.2144
15.44	-62.53286
14.87	-62.59566
14.4	-63.85133
13.76	-65.35815
13.2	-65.54651
12.56	-67.24165
11.91	-68.56013
11.34	-68.49735
10.85	-69.87859
10.21	-71.32262
9.63	-71.32262
8.99	-72.76665
8.27	-73.33171
7.77	-74.5246
7.31	-75.84308
6.58	-77.16153
5.94	-77.72659
5.46	-78.8567
4.73	-79.48454
4.09	-80.80301
3.46	-82.43539
2.91	-83.56551
2.27	-84.13056
1.8	-85.44903
1.09	-85.88852
0.61	-87.14419
-0.01	-88.83936
-0.63	-90.2206
-1.18	-90.5973
-1.64	-91.91578
-2.26	-93.35982
-2.8	-93.42259
-3.26	-94.86662
-3.72	-96.12231
-4.25	-96.37344
-4.7	-97.69193
-5.15	-99.01033
-5.68	-99.01033
-6.3	-100.9567
-6.75	-102.3379
-7.27	-102.4635
-7.73	-103.9075
-8.18	-104.9748
-8.85	-105.6655
-9.32	-107.1723
-9.91	-108.6791
-10.36	-109.9347
-10.89	-110.1232
-11.35	-111.4416
-11.79	-112.6973
-12.47	-113.3251
-12.92	-114.6436
-13.52	-116.4016
-14.2	-116.5899
-14.8	-118.4734
-15.4	-119.9802
-15.93	-120.043
-16.54	-121.6753
-16.99	-122.9311
-17.51	-122.7427
-17.98	-124.2495
-18.59	-125.3168
-19.11	-125.3797
-19.87	-127.0748
-20.5	-128.3933
-21.04	-128.0793
-21.5	-129.2095
-22.12	-130.4652
-22.65	-130.4023
-23.27	-131.7208
-23.88	-132.8509
-24.44	-132.4114
-25.04	-133.9182
-25.75	-133.6671
-26.39	-134.7973
-27.02	-135.8646
-27.57	-135.6135
-28.19	-136.7436
-28.92	-136.4297
-29.54	-137.3086
-30.2	-138.3759
-30.75	-137.6853
-31.42	-138.6898
-32.04	-139.4433
-32.61	-138.8783
-33.25	-139.6944
-33.91	-140.5106
-34.47	-139.506
-34.99	-139.9455
-35.64	-140.8245
-36.21	-140.1339
-36.71	-140.7617
-37.37	-141.3896
-37.96	-140.5734
-38.61	-140.8245
-39.12	-141.4523
-39.7	-140.3222
-40.21	-140.8245
-40.71	-141.3896
-41.3	-140.2595
-41.81	-140.9501
-42.31	-141.1384
-42.92	-140.0711
-43.43	-140.385
-43.94	-140.699
-44.52	-139.506
-45.03	-139.7572
-45.57	-140.0711
-46.16	-139.0666
-46.67	-139.2549
-47.34	-139.2549
-47.62	-137.7481
-47.65	-137.1203
-47.44	-135.5506
-47.25	-133.8555
-47.06	-132.2231
-46.84	-130.4652
-46.63	-128.9583
-46.4	-127.326
-46.2	-125.7563
-45.98	-124.3123
-45.77	-122.7427
-45.54	-121.2359
-45.35	-119.7291
-45.13	-118.2851
-44.9	-116.9666
-44.7	-115.5225
-44.47	-114.0157
-44.26	-112.6973
-44.04	-111.2532
-43.81	-109.9347
-43.6	-108.5535
-43.4	-107.1095
-43.07	-105.0377
-42.85	-103.6563
-42.66	-102.2124
-42.45	-100.8939
-42.21	-99.57547
-41.99	-98.19414
-41.78	-96.68736
-41.57	-95.36889
-41.34	-93.98765
-41.12	-92.6064
-40.92	-91.41351
-40.7	-89.96947
-40.49	-88.651
-40.26	-87.20698
-40.06	-85.9513
-39.85	-84.57005
-39.63	-83.1888
-39.43	-81.87034
-39.22	-80.55186
-39	-79.2962
-38.77	-77.91493
-38.56	-76.5337
-38.35	-75.3408
-38.02	-73.26892
-37.81	-71.95046
-37.57	-70.50642
-37.35	-69.25076
-37.11	-67.86951
-36.87	-66.42547
-36.66	-64.98144
-36.3	-62.97235
-35.96	-61.02605
-35.71	-59.70758
-35.48	-58.26355
-35.24	-57.13344
-35	-55.75219
-34.77	-54.37095
-34.41	-52.48743
-34.04	-50.79225
-33.66	-49.09709
-33.25	-47.15078
-32.88	-45.70675
-32.52	-44.07437
-32.13	-42.44199
-31.74	-40.68403
-31.37	-39.17721
-30.97	-37.48204
-30.56	-35.34739
-30.31	-34.09172
-30.05	-32.71047
-29.78	-31.32921
-29.53	-29.94797
-29.26	-28.56672
-29	-27.24825
-28.6	-25.30195
-28.33	-23.98349
-28.07	-22.72781
-27.81	-21.47213
-27.41	-19.71417
-27.13	-18.27015
-26.73	-16.51219
-26.33	-14.62867
-25.93	-12.93351
-25.52	-11.17555
-25.25	-9.919874
-24.85	-8.287488
-24.45	-6.466752
-24.06	-4.7088
-23.67	-3.013632
-23.29	-1.444032
-22.92	0.062784
-22.49	1.506816
-22.17	2.82528
-21.94	4.08096
-21.55	5.713344
-21.17	7.282944
-20.8	8.726975
-20.45	10.10823
-20.12	11.48947
-19.64	12.61959
-19.29	14.31475
-18.7	14.81703
-18.42	16.13549
-18.06	17.70509
-17.69	19.08633
-17.08	20.15367
-16.82	21.22099
-16.43	22.66503
-16.03	24.04627
-15.41	25.1136
-15.02	26.49484
-14.61	27.81331
-14.01	28.94343
-13.61	30.38745
-13.2	31.95706
-12.7	33.40108
-12.15	34.65677
-11.73	36.16359
-11.3	37.54483
-10.79	38.17267
-10.35	39.80506
-9.89	41.50023
-9.37	42.19085
-8.92	43.76044
-8.46	45.1417
-7.94	45.89511
-7.48	47.59027
-6.97	48.34368
-6.5	49.97607
-5.98	50.60391
-5.67	51.67123
-5.21	53.55475
-4.68	54.05703
-4.22	55.87776
-3.75	57.44736
-3.24	58.45191
-2.76	60.0215
-2.25	60.90048
-1.93	61.96781
-1.45	63.66298
-0.93	64.41638
-0.46	66.04877
0.06	66.67661
0.53	68.56013
1.05	69.4391
1.37	70.50642
1.68	71.76211
2.2	72.38995
2.68	74.27348
3.15	75.65472
3.68	76.5337
3.99	77.78938
4.51	78.35443
4.99	80.0496
5.51	80.92859
5.99	82.68652
6.51	83.31436
6.83	84.57005
7.31	86.13965
7.82	86.76749
8.31	88.52544
8.83	89.15328
9.32	90.78567
9.84	91.28795
10.33	93.23425
10.85	93.67372
11.34	95.36889
11.86	96.12231
12.35	97.50352
12.87	98.25697
13.36	99.82652
13.89	100.4544
14.37	101.9612
14.91	102.5891
15.4	103.9703
15.93	104.5354
16.43	105.9793
16.97	106.2933
17.47	107.7373
17.99	108.3652
18.53	108.6163
19.03	110.1232
19.54	111.2532
20.08	111.4416
20.63	111.8811
21.13	113.3251
21.67	113.5135
22.19	114.8319
22.75	114.7692
23.25	116.276
23.8	116.276
24.3	117.4689
24.89	118.7246
25.39	118.9129
25.9	119.9175
26.45	119.9802
26.96	121.0476
27.52	121.1103
28.06	122.1776
28.62	122.1776
29.15	122.9311
29.73	122.9938
30.25	123.8729
30.81	123.6845
31.36	124.7518
31.92	124.4379
32.47	125.568
33.03	125.1285
33.56	126.1959
34.16	125.9447
34.67	126.8237
35.27	126.5725
35.81	127.4515
36.4	127.326
36.92	128.1422
37.5	127.9537
38.06	128.7072
38.66	128.3305
39.21	129.2095
39.78	128.8955
40.33	129.649
40.93	129.3978
41.49	130.4023
42.09	129.9629
42.64	130.8419
43.23	130.2767
43.76	130.9675
44.4	130.4652
44.95	131.3441
45.56	130.4652
46.11	131.1558
46.67	131.7837
47.29	131.3441
47.85	131.9091
48.46	131.4697
49.02	131.972
49.65	131.5325
50.22	131.9091
50.86	131.3441
51.42	131.972
52.04	131.3441
52.63	131.9091
53.24	131.1558
53.81	131.5325
54.47	130.6535
55.06	131.1558
55.68	130.2767
56.28	130.6535
56.93	129.7746
57.51	130.214
58.14	129.3978
58.75	129.7746
59.4	128.9583
59.74	127.891
59.86	130.6535
59.71	128.0793
59.26	124.3123
59.15	122.9311
58.9	120.6708
58.61	118.4734
58.34	116.1504
58.04	113.953
57.77	111.8183
57.49	109.6837
57.17	107.6117
56.9	105.5399
56.61	103.468
56.34	101.3333
56.07	99.32432
55.79	97.25246
55.49	95.18054
55.22	93.17146
54.92	91.22516
54.63	89.27885
54.34	87.33254
54.07	85.32345
53.77	83.31436
53.49	81.43085
53.24	79.42175
52.94	77.53824
52.67	75.65472
52.39	73.70841
52.1	71.95046
51.8	69.87859
51.52	68.12064
51.25	66.36269
50.95	64.47916
50.69	62.72121
50.41	60.83769
50.12	59.14252
49.84	57.38458
49.53	55.62663
49.27	53.74311
48.98	52.04793
48.72	50.47833
48.43	48.6576
48.14	46.96244
47.89	45.39283
47.59	43.76044
47.33	42.25363
47.05	40.49568
46.78	39.05165
46.51	37.2937
46.24	35.78688
45.96	34.28006
45.68	32.71047
45.42	31.07808
45.16	29.57127
44.89	28.06445
44.65	26.55763
44.37	25.1136
44.09	23.73235
43.8	21.66048
43.54	19.96531
43.2	18.20736
42.97	17.20281
42.6	15.82157
42.28	14.31475
41.89	12.80793
41.57	11.30112
41.21	9.857086
40.84	8.413056
40.5	7.031808
40.05	5.33664
39.57	3.892608
39.19	2.134656
38.81	0.62784
38.49	-0.816192
38.13	-2.323008
37.78	-4.08096
37.4	-5.713344
37.02	-7.471296
36.62	-9.040896
36.21	-10.73607
35.83	-12.24288
35.42	-13.93805
35	-15.38208
34.6	-17.07725
34.04	-16.76333
33.77	-18.20736
33.36	-20.09088
32.96	-21.84883
32.34	-23.10452
31.94	-24.92525
31.51	-26.80877
31.01	-27.43661
30.59	-29.13177
30.17	-30.63859
29.78	-32.20819
29.35	-33.77779
28.83	-34.46842
28.43	-36.22637
27.98	-37.85875
27.54	-39.42835
27.03	-39.86784
26.59	-41.50023
26.15	-43.00704
25.55	-44.95335
25.02	-45.26727
24.59	-46.89965
24.13	-48.40647
23.61	-48.59481
23.16	-50.16442
22.71	-51.60845
22.25	-52.98969
21.71	-53.17804
21.25	-54.43373
20.79	-55.87776
20.17	-57.57293
19.61	-57.6985
19.15	-59.14252
18.49	-60.64935
17.97	-60.90048
17.5	-62.15616
16.86	-63.66298
16.31	-63.78854
15.83	-64.98144
15.2	-66.61382
14.62	-66.48826
14.14	-67.55557
13.49	-69.18797
12.93	-69.18797
12.29	-70.75757
11.64	-72.26437
11.09	-72.2016
10.44	-73.70841
9.71	-74.08512
9.06	-75.65472
8.57	-76.72205
8.02	-76.84762
7.51	-77.72659
6.88	-79.23341
6.15	-79.54733
5.5	-80.99136
4.86	-82.49817
4.3	-82.43539
3.66	-84.13056
3.02	-85.51181
2.46	-85.44903
1.82	-86.95584
1.19	-88.46265
0.64	-88.651
0.01	-90.15783
-0.69	-91.66464
-1.33	-92.16691
-1.95	-93.67372
-2.5	-93.86208
-3.12	-95.30611
-3.59	-96.37344
-4.12	-96.5618
-4.75	-98.19414
-5.36	-99.82652
-5.9	-99.82652
-6.37	-101.145
-6.83	-102.2124
-7.37	-102.3379
-7.98	-103.9075
-8.44	-105.1632
-9.14	-105.6655
-9.6	-106.7328
-10.21	-108.3652
-10.73	-108.5535
-11.35	-109.872
-11.97	-111.4416
-12.48	-111.8183
-13.1	-113.3251
-13.71	-114.8947
-14.25	-114.7692
-14.87	-116.276
-15.48	-117.6572
-16.01	-117.7828
-16.63	-118.9757
-17.24	-120.4197
-17.79	-120.3569
-18.39	-121.7382
-18.96	-121.8638
-19.55	-123.1823
-20.16	-124.4379
-20.88	-124.2495
-21.5	-125.5053
-22.11	-126.7609
-22.66	-126.7609
-23.29	-127.891
-24	-128.0793
-24.62	-129.3351
-25.23	-130.2767
-25.78	-129.8373
-26.41	-130.8419
-27.12	-130.8419
-27.77	-131.5952
-28.37	-132.8509
-28.91	-132.4114
-29.57	-133.4788
-30.11	-133.0393
-30.74	-134.1694
-31.39	-135.1112
-31.97	-134.3577
-32.62	-135.2368
-33.2	-134.7973
-33.83	-135.4251
-34.46	-136.2413
-35.05	-135.4251
-35.7	-136.3041
-36.25	-135.8018
-36.77	-136.2413
-37.42	-137.0574
-37.96	-136.2413
-38.47	-136.7436
-39.03	-136.2413
-39.7	-136.8691
-40.29	-136.2413
-40.79	-136.4924
-41.29	-136.9319
-41.85	-136.3041
-42.36	-136.4924
-42.89	-136.8691
-43.48	-135.8646
-43.99	-136.3041
-44.5	-136.4924
-45.11	-135.3623
-45.63	-135.6135
-46.16	-135.8646
-46.75	-134.9229
-47.26	-134.9856
-47.77	-135.1112
-47.89	-133.8555
-47.99	-133.7299
-47.97	-132.4114
-47.8	-130.9675
-47.63	-129.5861
-47.45	-128.0793
-47.22	-126.5725
-47.03	-124.9401
-46.85	-123.5589
-46.63	-122.1149
-46.44	-120.7964
-46.24	-119.3523
-46.05	-117.9711
-45.83	-116.5271
-45.61	-115.0203
-45.38	-113.3879
-45.09	-111.7555
-44.92	-110.4999
-44.72	-109.307
-44.54	-108.114
-44.31	-106.4816
-44.09	-105.1632
-43.85	-103.8447
-43.64	-102.4635
-43.42	-101.0823
-43.2	-99.63821
-42.99	-98.3197
-42.77	-96.81293
-42.43	-94.86662
-42.2	-93.42259
-42	-92.10413
-41.77	-90.6601
-41.55	-89.34164
-41.32	-87.8976
-41.09	-86.51636
-40.88	-85.26067
-40.69	-83.81664
-40.36	-81.87034
-40.14	-80.48909
-39.8	-78.41721
-39.61	-77.16153
-39.4	-75.78029
-39.17	-74.39904
-38.95	-73.20615
-38.74	-71.8249
-38.4	-69.8158
-38.08	-67.86951
-37.85	-66.61382
-37.64	-65.29536
-37.42	-64.03967
-37.19	-62.784
-36.99	-61.33997
-36.65	-59.39367
-36.42	-58.0752
-36.09	-56.38004
-35.76	-54.55929
-35.54	-53.3664
-35.19	-51.48288
-34.83	-49.8505
-34.47	-48.34368
-34.12	-46.71129
-33.76	-45.1417
-33.4	-43.50932
-33.05	-42.00249
-32.67	-40.30732
-32.32	-38.80051
-31.96	-37.2937
-31.6	-35.72409
-31.24	-34.21728
-30.89	-32.52211
-30.54	-30.38745
-30.2	-28.94343
-29.87	-27.18547
-29.52	-25.55309
-29.19	-23.92071
-28.84	-22.22553
-28.51	-20.59315
-28.16	-19.02355
-27.82	-17.39117
-27.46	-15.82157
-27.1	-14.31475
-26.76	-12.68237
-26.42	-11.17555
-26.06	-9.668736
-25.72	-8.16192
-25.4	-6.655104
-25.05	-5.148288
-24.72	-3.829824
-24.37	-2.385792
-24.03	-0.878976
-23.64	0.376704
-23.37	1.506816
-23.07	2.762496
-22.76	4.206528
-22.43	5.713344
-22.09	7.031808
-21.76	8.350272
-21.45	9.605952
-21.07	11.17555
-20.66	12.18009
-20.26	13.56135
-19.93	15.19373
-19.67	16.32384
-19.34	17.51673
-19.03	18.8352
-18.44	19.02355
-18.1	20.34201
-17.76	21.59769
-17.41	22.91616
-16.86	23.73235
-16.52	24.98803
-16.19	26.11815
-15.85	27.37383
-15.3	28.06445
-14.96	29.32013
-14.62	30.63859
-14.27	31.89427
-13.71	32.77325
-13.36	34.21728
-12.87	35.91245
-12.3	36.66585
-11.93	38.17267
-11.55	39.55392
-10.97	40.49568
-10.58	41.81414
-10.18	43.19539
-9.59	43.9488
-9.19	45.45561
-8.79	46.83686
-8.2	47.77863
-7.8	49.22265
-7.36	50.47833
-6.8	51.42009
-6.4	52.86412
-5.8	53.55475
-5.39	55.06157
-4.81	56.19168
-4.4	57.63571
-3.82	58.76583
-3.23	60.0215
-2.81	61.46553
-2.23	62.40729
-1.82	63.97689
-1.22	64.85587
-0.81	66.42547
-0.21	67.30444
0.2	68.81126
0.79	69.69024
1.21	71.25984
1.8	72.2016
2.22	73.70841
2.96	74.77575
3.37	76.28256
3.79	77.72659
4.4	78.41721
4.81	79.73568
5.41	80.61466
5.83	81.9959
6.25	83.31436
6.85	84.13056
7.27	85.51181
7.88	86.07687
8.3	87.45811
8.9	88.08595
9.33	89.52998
9.75	90.97402
10.36	91.66464
10.78	92.98309
11.4	93.61095
11.83	95.05497
12.42	95.55725
13	97.18962
13.61	97.75467
14.02	98.94759
14.64	99.38705
15.07	100.6427
15.5	101.9612
16.11	102.4635
16.54	103.8447
17.16	104.4725
17.78	105.8539
18.38	106.4189
19.02	106.7328
19.61	108.3652
20.25	108.6791
20.69	109.872
21.21	110.8138
21.79	111.1905
22.44	111.3788
22.88	112.6973
23.53	112.8229
24.16	114.2041
24.82	114.3924
25.42	115.7109
25.93	115.7109
26.55	117.0293
27.2	117.0293
27.82	118.4734
28.32	118.0967
28.94	119.2896
29.45	118.7246
30.08	120.1058
30.58	119.7919
31.22	121.2987
31.72	120.6081
32.37	121.7382
32.88	121.6126
33.51	122.68
34.02	122.3032
34.66	123.245
35.17	123.1194
35.82	124.2495
36.33	123.6217
36.84	124.6262
37.35	124.1868
37.98	125.0657
38.51	124.6891
39.14	125.8192
39.68	125.3168
40.33	126.3214
40.87	125.7563
41.51	126.8237
42.04	126.4469
42.7	127.2631
43.22	126.8237
43.86	127.7027
44.42	127.2004
45.13	126.8865
45.63	127.7027
46.32	127.2631
46.98	127.9537
47.51	127.6399
48.18	128.3305
48.72	127.8283
49.36	128.5189
49.93	128.1422
50.43	128.3933
50.98	127.9537
51.67	127.5143
52.19	128.2677
52.77	127.3887
53.27	127.9537
53.78	128.77
54.33	127.9537
54.89	128.1422
55.57	127.891
56.15	127.2004
56.67	127.7027
57.2	127.0121
57.75	127.3887
58.3	126.7609
58.83	127.0748
59.41	126.3842
59.93	126.6353
60.51	126.0075
61.03	126.1959
61.61	125.7563
62.16	125.2541
62.73	125.5053
63.3	124.5006
63.82	124.8774
64.35	125.0657
64.98	124.2495
65.55	123.6217
66.1	123.8729
66.67	123.1823
67.17	123.5589
67.77	122.8055
68.3	122.9311
68.91	122.3032
69.45	122.3661
70.09	121.6753
70.63	121.0476
71.16	121.2359
71.8	120.5453
72.31	120.7964
72.89	120.1685
73.46	119.6035
74.05	119.7919
74.63	119.164
75.25	118.5361
75.77	118.5361
76.41	117.7828
77	117.2177
77.57	117.3433
78.13	116.7154
78.73	116.1504
79.24	116.276
79.82	115.6481
80.45	115.0831
81.01	115.397
81.6	114.8947
82.16	114.2041
82.7	114.4553
83.25	113.953
83.84	113.3879
84.53	112.6345
85.13	112.6973
85.67	112.0067
86.42	112.0694
86.99	111.63
87.54	110.7509
88.23	111.1277
88.77	110.3115
89.3	110.4999
89.8	109.7464
90.53	109.4325
91.06	109.4325
91.71	108.9931
92.3	108.4279
92.82	107.1723
92.9	105.791
93.02	104.347
93.16	102.6518
93.26	105.0377
93.14	102.9657
92.94	101.0823
92.71	99.1359
92.48	96.81293
92.22	94.67828
91.97	92.48083
91.73	90.34617
91.47	88.39987
91.21	86.26523
90.98	84.25613
90.7	82.24704
90.48	80.30073
90.24	78.35443
89.94	76.5337
89.72	74.39904
89.47	72.57829
89.22	70.50642
88.97	68.56013
88.71	66.67661
88.45	64.91865
88.18	62.97235
87.91	61.2144
87.63	59.14252
87.41	57.38458
87.15	55.43827
86.85	53.74311
86.67	51.7968
86.42	49.91328
86.15	48.21811
85.87	46.46016
85.64	44.70221
85.4	43.06983
85.14	41.37465
84.88	39.67949
84.62	37.92153
84.36	36.22637
84.09	34.46842
83.85	32.83603
83.57	31.26644
83.36	29.63405
83.07	27.87609
82.87	26.49484
82.56	24.04627
82.33	22.22553
82.07	20.59315
81.86	19.33747
81.59	18.20736
81.3	16.51219
81	14.81703
80.74	13.31021
80.43	11.61504
80.16	9.668736
79.82	7.910784
79.51	6.215616
79.31	4.7088
78.98	2.762496
78.71	1.318464
78.44	-0.188352
78.14	-1.695168
77.79	-3.390336
77.41	-4.959936
77.03	-6.717888
76.63	-8.287488
76.21	-9.919874
75.86	-11.74061
75.48	-13.43577
75.07	-15.25651
74.72	-17.14003
74.34	-19.02355
73.94	-20.96985
73.52	-22.72781
73.26	-24.23463
72.89	-26.11815
72.48	-27.87609
72.09	-29.57127
71.75	-31.14087
71.33	-33.14996
70.97	-35.28461
70.59	-36.91699
70.12	-38.73773
69.77	-40.55847
69.33	-42.25363
68.9	-44.07437
68.51	-45.70675
68.09	-47.52748
67.69	-49.09709
67.27	-50.79225
66.84	-52.23629
66.43	-53.80589
65.99	-55.50105
65.57	-57.00787
65.18	-58.64025
64.76	-60.14707
64.33	-61.71667
63.88	-63.22348
63.46	-64.66752
63.02	-66.04877
62.57	-67.4928
62.14	-68.93684
61.67	-70.2553
61.24	-71.69933
60.67	-73.26892
60.17	-74.58739
59.62	-76.21978
59	-77.78938
58.39	-79.42175
57.76	-80.80301
57.23	-81.68198
56.6	-82.74931
55.97	-83.94221
55.46	-84.69561
54.82	-85.76295
54.14	-86.95584
53.51	-87.83482
53.01	-88.651
52.51	-89.52998
52	-90.2206
51.46	-90.91122
50.81	-91.85299
50.16	-92.79475
49.64	-93.35982
49.11	-93.98765
48.6	-94.5527
48.1	-95.11776
47.54	-95.62002
47.04	-96.18509
46.51	-96.5618
45.93	-95.93394
45.39	-95.80839
44.86	-96.37344
44.35	-96.87572
43.82	-97.3152
43.28	-97.75467
42.76	-98.19414
42.2	-98.50813
41.65	-98.94759
41.07	-99.44989
40.54	-99.82652
39.96	-100.2661
39.42	-100.6427
38.84	-100.7683
38.29	-101.2706
37.73	-101.5845
37.15	-101.8356
36.61	-102.1495
36.02	-102.4635
35.47	-102.7774
34.91	-103.0286
34.33	-103.2797
33.78	-103.5309
33.2	-103.8447
32.63	-103.9703
32.07	-104.347
31.51	-104.5354
30.93	-104.7865
30.37	-104.9748
29.81	-105.1632
29.23	-105.3516
28.8	-105.4143
28.29	-105.6027
27.72	-105.8539
27.14	-106.2305
26.57	-106.2933
25.99	-106.6701
25.45	-106.7328
24.87	-106.8584
24.31	-107.1723
23.75	-107.2978
23.17	-107.6117
22.6	-107.8001
22.04	-107.9257
21.49	-108.1769
20.91	-108.2396
20.35	-108.5535
19.79	-108.8047
19.22	-108.8047
18.66	-108.9931
18.11	-109.4325
17.55	-109.6208
16.99	-109.872
16.43	-110.0603
15.87	-110.1859
15.31	-110.5626
14.74	-110.6255
14.2	-110.9393
13.64	-111.2532
13.09	-111.6927
12.52	-111.6927
11.98	-111.8811
11.43	-112.2577
10.88	-112.6973
10.3	-112.9485
9.78	-113.2624
9.23	-113.3879
8.67	-113.8274
8.13	-114.0157
7.59	-114.5808
7.05	-114.7692
6.5	-115.0203
5.96	-115.6481
5.42	-115.8365
4.88	-116.1504
4.34	-116.5899
3.8	-116.9039
3.26	-117.3433
2.73	-117.5945
2.19	-118.2851
1.65	-118.4734
1.13	-118.9129
0.6	-119.3523
0.06	-119.7291
-0.46	-120.1685
-0.99	-120.4197
-1.52	-121.1103
-2.05	-121.487
-2.57	-121.8638
-3.09	-122.4915
-3.62	-122.8055
-4.14	-123.4333
-4.66	-123.6217
-5.36	-124.1868
-5.88	-124.9401
-6.41	-125.1285
-6.92	-125.568
-7.44	-126.2586
-7.96	-126.5725
-8.48	-126.8865
-8.99	-127.4515
-9.52	-127.9537
-10.03	-128.5189
-10.56	-128.77
-11.08	-129.1467
-11.6	-129.7746
-12.11	-130.0884
-12.63	-130.5279
-13.14	-130.8419
-13.66	-131.1558
-14.17	-131.7837
-14.69	-132.2231
-15.21	-132.537
-15.73	-132.9765
-16.24	-133.2905
-16.77	-133.5415
-17.28	-133.9182
-17.81	-134.4833
-18.31	-134.5461
-18.83	-134.9229
-19.35	-135.4251
-19.88	-135.6135
-20.39	-135.9901
-20.91	-136.2413
-21.42	-136.618
-21.95	-136.8691
-22.46	-137.0574
-22.99	-137.3713
-23.5	-137.4969
-24.02	-137.6853
-24.54	-137.8109
-25.07	-138.2504
-25.59	-138.3759
-26.12	-138.5643
-26.64	-138.5643
-27.16	-138.7527
-27.68	-139.0037
-28.21	-139.0037
-28.74	-139.0666
-29.27	-139.3177
-29.79	-139.4433
-30.33	-139.3177
-30.87	-139.3177
-31.4	-139.6316
-31.93	-139.506
-32.51	-136.7436
-33.04	-136.618
-33.54	-137.1203
-34.16	-136.3041
-34.68	-136.618
-35.18	-137.0574
-35.73	-137.0574
-36.33	-135.9901
-36.87	-136.4924
-37.54	-136.7436
-37.97	-135.4251
-38.49	-135.6762
-39.02	-136.1785
-39.64	-134.9856
-40.16	-135.5506
-40.72	-135.5506
-41.32	-134.295
-41.86	-134.5461
-42.46	-133.5415
-42.99	-133.5415
-43.54	-134.0438
-44.17	-132.8509
-44.71	-132.9765
-45.31	-131.972
-45.85	-132.1603
-46.38	-132.0347
-47.03	-130.9675
-47.55	-131.1558
-48.19	-129.9001
-48.71	-130.0884
-49.28	-130.214
-49.93	-128.77
-50.47	-128.8955
-51.1	-127.891
-51.64	-127.891
-52.28	-126.7609
-52.84	-126.6353
-53.4	-126.6353
-54.05	-125.3797
-54.61	-125.3168
-55.14	-125.2541
-55.45	-123.8729
-56	-124.0612
-56.65	-122.9938
-57.22	-122.9311
-57.8	-123.1194
-58.28	-121.6753
-58.8	-121.6126
-59.43	-120.5453
-60.01	-120.4197
-60.87	-118.9129
-61.42	-118.9757
-62.14	-118.2223
-62.66	-118.0339
-63.26	-117.9711
-63.73	-116.5271
-64.3	-116.5899
-65.02	-115.5225
-65.53	-115.2715
-66.09	-115.0203
-66.76	-113.7647
-67.27	-113.5762
-67.86	-112.5089
-68.54	-112.5089
-69.13	-111.1905
-69.72	-111.1277
-70.25	-111.0021
-70.87	-109.4953
-71.42	-109.4953
-71.93	-109.6208
-72.59	-108.1769
-73.12	-108.2396
-73.54	-106.8584
-74.08	-106.8584
-74.6	-106.9211
-74.7	-105.3516
-74.8	-103.9075
-74.91	-103.9703
-74.89	-102.3379
-74.76	-100.2032
-74.45	-97.88025
-74.1	-95.99674
-73.82	-93.86208
-73.51	-91.97856
-73.19	-89.90668
-73.06	-88.71379
-72.71	-87.14419
-72.36	-85.00953
-72.09	-83.1888
-71.75	-81.17972
-71.4	-79.42175
-71.13	-77.41267
-70.94	-76.21978
-70.69	-74.83852
-70.39	-73.20615
-70.11	-71.51098
-69.82	-69.8158
-69.49	-68.05785
-70.4	-67.05331
-70.3	-65.35815
-70.27	-63.60019
-70.01	-61.90503
-69.73	-60.14707
-69.44	-58.45191
-69.19	-56.75673
-68.89	-54.99878
-68.59	-53.17804
-68.21	-51.23175
-67.89	-49.34822
-67.53	-47.27635
-67.22	-45.45561
-66.86	-43.50932
-66.51	-41.81414
-66.17	-39.9934
-65.8	-38.36103
-65.42	-36.85421
-65.05	-35.15904
-64.67	-33.58944
-64.33	-32.1454
-63.94	-30.45024
-63.58	-29.06899
-63.19	-27.49939
-62.82	-25.86701
-62.37	-24.17184
-61.96	-22.09997
-61.56	-20.15367
-61.36	-19.02355
-60.92	-17.07725
-60.53	-15.00537
-60.14	-13.05907
-59.74	-10.9872
-59.33	-9.040896
-58.91	-7.345728
-58.46	-5.399424
-58.05	-3.704256
-57.64	-1.946304
-57.22	-0.439488
-56.87	0.565056
-56.59	1.946304
-56.21	3.578688
-55.61	6.152832
-55.21	7.659648
-54.81	9.166464
-54.46	10.48493
-54.12	11.30112
-53.72	12.87072
-53.33	14.50311
-53.09	15.63321
-52.74	16.88889
-52.33	18.64685
-51.92	20.15367
-51.49	21.47213
-51.08	23.29287
-50.64	24.42297
-50.23	25.74144
-49.78	27.24825
-49.34	28.62951
-48.93	30.13632
-48.46	31.70592
-48.05	32.9616
-47.59	34.5312
-47.13	36.03801
-46.65	37.48204
-46.19	38.92608
-45.66	40.43289
-45.19	41.93972
-44.69	43.06983
-44.06	43.32096
-43.51	43.88601
-43.01	45.45561
-42.43	47.088
-41.92	47.59027
-41.4	49.28544
-40.83	49.66214
-40.31	51.0434
-39.75	51.7968
-39.16	53.74311
-38.62	53.74311
-38.07	55.12435
-37.47	55.31271
-36.99	56.81952
-36.43	58.20076
-35.82	58.64025
-35.22	57.63571
-34.66	59.07975
-34.09	59.07975
-33.58	60.46099
-32.98	60.83769
-32.42	62.15616
-31.83	62.59566
-31.27	63.97689
-30.68	64.41638
-30.12	65.48372
-29.5	65.9232
-28.88	66.86496
-28.33	67.30444
-27.72	67.74393
-27.14	68.62292
-26.54	68.99962
-25.95	70.06695
-25.33	70.2553
-24.71	70.69479
-24.12	71.95046
-23.48	72.13881
-22.9	73.08057
-22.27	73.70841
-21.63	73.89677
-21.03	74.96409
-20.4	75.40359
-19.75	75.59194
-19.15	76.72205
-18.51	76.97318
-17.89	78.04051
-17.24	78.35443
-16.57	78.41721
-15.97	79.73568
-13.88	79.86124
-13.24	81.11693
-12.59	81.43085
-11.95	81.80755
-11.35	82.87488
-10.71	82.93765
-10.09	83.69107
-9.49	84.82118
-8.87	85.07232
-8.24	85.51181
-7.62	85.88852
-7.03	86.95584
-6.41	87.58368
-5.79	88.02318
-5.19	88.90215
-4.58	89.52998
-3.96	90.03225
-3.33	90.47175
-2.72	91.66464
-2.13	92.29248
-1.52	92.6064
-0.89	93.0459
-0.28	93.61095
0.31	94.67828
0.93	95.30611
1.55	95.93394
2.16	96.24788
2.78	96.81293
3.37	97.94308
3.98	98.57086
4.6	99.01033
5.22	99.76379
5.84	100.0777
6.46	101.2706
7.06	101.7729
7.67	102.3379
8.27	102.903
8.9	103.468
9.53	103.9075
10.15	104.9748
10.75	105.5399
11.36	106.0422
11.99	106.4816
12.62	107.1095
13.26	107.3607
13.9	107.8001
14.54	108.6163
15.14	109.4325
15.75	109.872
16.39	110.3743
17.02	110.6882
17.65	111.1277
18.27	111.7555
18.9	112.2577
19.54	112.6345
20.19	113.2624
20.84	113.1368
21.45	113.953
22.11	114.4553
22.76	114.8319
23.4	115.0831
24.04	115.4598
24.67	115.7109
25.34	115.8993
25.98	116.276
26.63	116.276
27.31	116.7154
27.94	117.5945
28.59	117.5945
29.24	117.8455
29.93	118.2223
30.6	118.2851
31.26	118.5361
31.92	118.9129
32.6	118.8501
33.27	119.164
33.94	119.3523
34.62	119.4779
35.28	119.4779
35.95	119.7291
36.6	119.7291
37.27	119.7919
37.94	119.9802
38.63	119.9802
39.32	120.1685
39.98	120.5453
40.65	120.3569
41.33	120.5453
42.01	120.4197
42.67	120.4197
43.4	120.4197
44.08	120.5453
44.75	120.4197
45.43	120.7964
46.12	120.6081
46.78	120.6708
47.44	120.5453
48.1	120.6708
48.76	120.4197
49.47	120.6081
50.14	120.4197
50.82	120.2314
51.51	120.3569
52.18	120.1058
52.87	119.9802
53.55	120.1058
54.22	119.9175
54.91	119.7919
55.6	119.7291
56.32	119.6035
56.99	118.9129
57.74	119.164
58.32	118.8501
59.04	118.6617
59.72	118.6617
60.41	118.4734
61.08	118.2851
61.75	118.2223
62.47	118.0967
63.18	117.8455
63.85	117.8455
64.52	117.5945
65.26	117.2177
65.96	116.9666
66.66	116.7783
67.36	116.7783
68.04	116.4643
68.74	116.276
69.44	116.1504
70.14	115.8365
70.88	115.6481
71.57	115.0203
72.28	114.7692
73.03	114.4553
73.76	114.1413
74.46	113.7647
75.2	113.5762
75.91	113.1368
76.6	112.8856
77.26	112.8229
78.01	112.0694
78.73	111.4416
79.45	111.2532
80.1	111.0021
80.84	110.7509
81.51	110.5626
82.23	110.3743
82.92	110.1232
83.65	109.1814
84.41	108.2396
85.04	107.9257
85.81	107.1095
86.5	106.6072
87.21	105.9793
87.84	105.5399
88.54	105.1632
89.19	104.9748
89.82	104.4725
90.44	103.9703
91.14	103.9075
91.79	103.4053
92.43	102.4007
93.13	101.3962
93.85	101.2706
94.55	100.4544
95.25	99.88936
95.5	98.38255
95.56	97.06405
95.62	95.80839
95.7	97.25246
95.42	95.05497
95.27	93.23425
95.06	91.72742
94.85	90.15783
94.68	88.651
94.46	87.01862
94.25	85.26067
93.87	82.30982
93.66	80.80301
93.26	77.91493
93.08	76.47091
92.87	74.96409
92.68	73.45728
92.47	72.01324
92.3	70.50642
92.05	68.62292
91.82	67.11609
91.62	65.29536
91.34	63.03513
91.07	61.46553
90.84	59.39367
90.61	57.57293
90.33	55.31271
90.07	53.80589
89.79	51.85959
89.49	49.97607
89.3	47.77863
89.04	46.02068
88.76	44.3255
88.47	42.56755
88.27	40.93517
88	39.05165
87.78	37.2937
87.49	35.41017
87.25	33.77779
86.98	32.08263
86.73	30.26188
86.47	28.62951
86.24	27.05991
85.85	24.04627
85.48	21.34656
85.09	19.27469
84.87	18.14457
84.45	16.00992
84.15	14.1264
83.94	12.49401
83.55	10.10823
83.17	7.53408
82.78	5.33664
82.57	3.892608
82.19	1.946304
81.88	0.188352
81.64	-1.25568
81.22	-4.08096
80.8	-7.031808
80.51	-8.099136
80.01	-10.73607
79.52	-12.87072
79.25	-14.18919
78.74	-16.51219
78.17	-18.64685
77.63	-21.03264
77.1	-23.35565
76.53	-25.67865
76.04	-28.2528
75.58	-30.63859
75.35	-32.08263
74.88	-34.78234
74.61	-35.97523
74.1	-38.92608
73.52	-41.12352
73.01	-43.69767
72.46	-46.08345
71.9	-48.40647
71.33	-50.54112
70.82	-53.11527
70.29	-55.31271
69.73	-57.6985
69.17	-59.95872
68.62	-62.09337
68.09	-64.41638
67.52	-66.61382
66.93	-68.62292
66.38	-70.75757
65.78	-72.6411
65.21	-74.83852
64.66	-76.5337
64.09	-78.60557
63.46	-80.36352
62.89	-82.05869
62.28	-83.62829
61.67	-85.26067
61.04	-86.76749
60.46	-88.52544
59.8	-89.96947
59.18	-91.09959
58.57	-92.48083
57.91	-93.67372
57.25	-95.11776
56.62	-95.99674
55.96	-96.81293
55.18	-96.12231
54.49	-96.37344
53.84	-97.44078
53.18	-98.3197
52.51	-99.57547
51.85	-100.5171
51.19	-101.0823
50.5	-102.1495
49.83	-103.2169
49.16	-103.5309
48.49	-104.5354
47.78	-104.9748
47.1	-105.8539
46.41	-106.4816
45.72	-106.9211
45.03	-107.8001
44.32	-108.114
43.64	-108.8675
42.92	-109.1814
42.24	-109.872
41.49	-110.0603
40.82	-110.7509
40.09	-110.9393
39.39	-111.4416
38.67	-111.7555
38	-112.195
37.27	-112.5089
36.55	-112.8856
35.84	-113.1368
35.12	-113.5762
34.39	-113.7647
33.68	-113.953
32.95	-114.3297
32.26	-114.5808
31.55	-114.8319
30.82	-115.0203
30.12	-115.4598
29.37	-115.4598
28.66	-115.8365
27.94	-115.8993
27.23	-116.276
26.52	-116.3387
25.78	-116.5899
25.08	-116.7783
24.36	-117.1549
23.63	-117.1549
22.93	-117.4689
22.21	-117.4061
21.49	-117.6572
20.77	-118.0967
20.05	-118.0967
19.33	-118.2851
18.63	-118.8501
17.91	-118.8501
17.19	-119.1013
16.47	-119.1013
15.77	-119.2896
15.06	-119.5407
14.34	-119.7291
13.63	-119.9802
12.92	-120.1685
12.21	-120.4197
11.5	-120.6708
10.79	-120.7964
10.09	-121.2359
9.37	-121.2987
8.67	-121.487
7.96	-121.9265
7.24	-121.9265
6.55	-122.4915
5.84	-122.68
5.13	-122.9311
4.42	-123.1823
3.72	-123.3706
3.02	-123.4333
2.31	-123.7473
1.61	-123.81
0.9	-123.9984
0.19	-124.4379
-0.51	-124.5006
-1.11	-121.7382
-1.77	-122.68
-2.53	-122.1149
-3.19	-122.7427
-4.05	-123.245
-4.61	-122.9938
-5.37	-122.9311
-6.04	-123.6217
-6.8	-124.3123
-7.46	-123.81
-8.13	-124.6262
-8.93	-123.9984
-9.55	-124.6891
-10.3	-124.3123
-10.97	-125.2541
-11.72	-124.7518
-12.4	-125.5053
-13.15	-125.0657
-13.88	-124.7518
-14.55	-125.2541
-15.29	-124.9401
-15.97	-125.5053
-16.71	-125.3797
-17.41	-125.3797
-18.15	-125.1285
-18.8	-125.6936
-19.56	-125.1285
-20.23	-125.568
-20.97	-125.1285
-21.65	-125.6936
-22.42	-125.0657
-23.08	-125.5053
-23.87	-124.8774
-24.54	-125.3168
-25.27	-124.8774
-25.94	-125.3168
-26.69	-124.6262
-27.39	-124.8774
-28.14	-124.3123
-28.82	-124.5006
-29.54	-124.0612
-30.28	-123.6217
-30.99	-123.6217
-31.74	-123.1823
-32.47	-122.7427
-33.16	-122.9311
-33.9	-122.5544
-34.66	-121.8638
-35.33	-122.0521
-36.1	-121.1103
-36.85	-120.3569
-37.54	-120.5453
-38.29	-119.5407
-39.07	-119.1013
-39.72	-119.1013
-40.43	-118.4734
-41.18	-117.6572
-41.98	-117.4061
-42.66	-117.3433
-43.39	-116.7783
-44.15	-115.8993
-44.9	-115.2086
-45.56	-115.397
-46.25	-114.4553
-47.03	-113.5762
-47.75	-112.8229
-48.5	-112.2577
-49.14	-112.3206
-49.86	-111.63
-50.56	-110.8138
-51.28	-109.9347
-52.01	-109.2441
-52.96	-108.4279
-53.6	-107.8001
-54.17	-107.549
-54.82	-106.6701
-55.4	-105.6027
-56.01	-104.347
-56.88	-103.8447
-57.44	-103.7192
-58.26	-102.903
-59.06	-102.0239
-60.03	-102.0239
-60.82	-101.2706
-61.66	-100.4544
-62.98	-99.63821
-63.88	-99.44989
-64.6	-98.57086
-65.39	-98.06866
-66.23	-97.00131
-67.04	-96.5618
-67.83	-95.7456
-68.63	-95.05497
-69.41	-94.42713
-70.23	-94.11321
-70.97	-93.61095
-71.65	-92.73196
-72.26	-91.22516
-72.39	-89.78112
-72.41	-88.46265
-72.51	-87.39532
-72.55	-85.9513
-72.65	-86.13965
-73.08	-85.51181
-73.06	-83.94221
-72.89	-82.30982
-72.57	-79.86124
-72.23	-77.53824
-71.86	-75.02688
-71.69	-73.70841
-71.3	-71.51098
-70.92	-69.18797
-70.49	-66.86496
-70.13	-64.66752
-69.9	-63.34906
-69.47	-61.08883
-69.12	-58.95417
-68.89	-57.63571
-68.5	-55.50105
-68.31	-54.43373
-67.91	-52.29907
-67.68	-51.16896
-67.33	-48.90873
-66.87	-46.77408
-66.5	-44.76499
-66.08	-42.63034
-65.69	-40.43289
-65.32	-38.36103
-65.08	-37.2937
-64.69	-35.41017
-64.28	-33.58944
-63.84	-31.70592
-63.39	-30.01075
-62.93	-28.2528
-62.48	-26.55763
-62.04	-24.67411
-61.63	-22.97895
-61.18	-21.40935
-60.76	-19.52583
-60.37	-17.51673
-59.95	-15.44487
-59.56	-13.49856
-59.16	-11.55225
-58.77	-9.480384
-58.4	-7.659648
-57.96	-5.838912
-57.61	-4.018176
-57.19	-2.323008
-56.82	-0.502272
-56.5	0.62784
-56.27	1.695168
-55.95	3.201984
-55.72	4.520448
-55.2	6.843456
-54.72	8.978112
-54.29	10.92441
-53.95	11.92896
-53.39	13.74969
-52.92	15.44487
-52.54	17.32839
-52.29	18.39571
-51.78	20.53036
-51.28	22.47667
-50.76	24.42297
-50.23	26.30649
-49.69	28.12723
-49.18	29.94797
-48.9	31.01529
-48.34	32.83603
-47.8	34.97068
-47.23	37.10534
-46.63	39.42835
-46.33	40.49568
-46.01	41.56301
-45.41	43.69767
-45.11	44.82778
-44.47	46.96244
-43.81	49.09709
-43.28	49.91328
-42.99	51.16896
-42.35	53.49197
-41.74	54.68486
-41.41	55.87776
-40.74	57.38458
-40.06	59.07975
-39.41	60.3982
-38.74	61.84224
-38.08	63.78854
-37.39	64.85587
-36.73	65.98598
-36.03	67.86951
-37.54	69.18797
-36.45	68.99962
-35.9	70.06695
-34.71	70.88315
-34.12	70.94592
-33.42	72.76665
-32.68	73.83398
-31.99	74.90131
-31.26	75.78029
-30.57	76.65926
-29.91	78.35443
-29.19	79.42175
-28.47	80.17517
-27.78	80.92859
-27.03	81.68198
-26.26	83.31436
-25.66	84.005
-24.94	84.82118
-24.19	85.63738
-23.46	86.328
-22.69	87.01862
-21.94	87.45811
-21.25	88.90215
-20.52	89.59277
-19.76	90.40896
-19.04	90.97402
-17.92	92.10413
-17.16	92.79475
-16.47	93.35982
-15.73	93.98765
-14.97	94.67828
-14.22	95.11776
-13.49	95.7456
-12.73	96.18509
-11.94	96.68736
-11.22	97.18962
-10.47	97.69193
-9.69	98.3197
-8.99	98.75927
-8.23	99.44989
-7.48	100.0777
-6.73	101.145
-5.98	101.7101
-5.22	102.1495
-4.45	102.5891
-3.68	103.0913
-2.9	103.7192
-2.29	103.5309
-1.74	104.1586
-0.97	104.5981
-0.23	104.347
0.46	103.2169
1.19	102.8401
1.92	103.7192
2.68	104.5981
3.37	105.1632
4.04	105.6655
4.8	106.2305
5.56	106.2305
6.3	106.7328
7.02	107.4863
7.81	108.114
8.51	108.3652
9.33	108.5535
10.01	108.8675
10.8	109.6208
11.51	110.1232
12.23	110.4999
13.01	110.4999
13.8	110.9393
14.55	111.3788
15.3	111.8183
16.08	111.63
16.84	112.0067
17.6	112.5089
18.31	112.8229
19.1	112.6973
19.78	113.0739
20.58	113.5135
21.36	113.8274
22.16	113.5762
22.9	114.1413
23.7	114.2041
24.43	114.0157
25.23	114.3924
26.02	114.5808
26.52	114.8319
27.32	114.4553
28.12	114.6436
28.63	114.5808
29.26	114.8947
30.06	114.4553
30.81	114.8319
31.55	114.8319
32.35	114.5808
33.13	114.7692
33.88	114.8319
34.65	114.7692
35.45	114.6436
36.25	114.4553
37.05	114.4553
37.74	114.2041
38.56	114.3297
39.36	113.953
40.18	113.8274
41.01	113.5762
41.82	113.5762
42.63	113.2624
43.44	113.3251
44.27	112.6973
45.08	112.8856
45.93	112.5089
46.77	112.4462
47.57	111.8811
48.39	111.63
49.17	111.1905
50.01	110.9393
50.86	110.3115
51.72	110.0603
52.36	109.6208
53.1	109.307
53.91	108.6791
54.7	108.6163
55.57	108.114
56.36	107.549
57.12	107.3607
57.66	106.7328
58.42	106.5445
59.23	105.9793
59.74	105.5399
60.39	105.3516
61.29	104.4725
62.28	103.9075
63.02	103.2169
63.92	102.4635
64.78	101.7101
65.66	101.0823
66.49	100.2032
67.26	99.88936
68.08	99.1359
69	98.50813
69.9	97.62909
70.74	97.06405
71.57	95.99674
72.46	95.55725
73.34	94.48992
74.22	93.98765
75.07	93.23425
75.92	92.79475
76.76	92.35526
77.57	91.85299
78.4	91.41351
79.17	90.97402
80.07	89.96947
80.92	89.15328
81.84	87.8976
82.67	87.20698
83.53	86.39078
84.37	86.07687
85.26	84.88396
85.91	83.75385
86.79	82.74931
87.68	82.05869
88.41	81.2425
89.09	80.48909
89.82	79.92403
90.72	79.04505
91.57	77.60101
92.12	75.78029
92.88	75.02688
93.55	74.5246
93.69	73.45728
