"Imai and Yamamoto 1986, Specimen 1"	
301	
0	0
0	30.181
0.039294	51.076
0.15717	71.973
0.23576	87.061
0.35364	109.12
0.51079	130.01
0.64833	147.42
0.74656	162.52
0.8448	177.6
0.96266	197.34
0.98232	200.82
0.94303	184.57
0.8841	171.8
0.82514	161.36
0.72692	145.1
0.64833	130.01
0.58938	112.6
0.49116	90.543
0.41257	70.812
0.31435	38.307
0.2554	23.216
0.17682	8.1256
0.058938	-12.769
0	-27.86
-0.058938	-44.111
-0.13752	-61.525
-0.21611	-77.773
-0.27506	-87.061
-0.31435	-99.831
-0.43223	-128.85
-0.51079	-147.42
-0.58938	-161.36
-0.68763	-175.28
-0.74656	-184.57
-0.8448	-197.34
-0.72692	-164.84
-0.58938	-135.82
-0.49116	-109.12
-0.43223	-94.026
-0.35364	-73.134
-0.23576	-42.95
-0.13752	-13.93
-0.078585	5.8042
0.019646	24.377
0.15717	52.237
0.23576	77.773
0.39294	110.28
0.53045	133.49
0.70726	160.19
0.86444	183.41
1.0216	208.95
1.1591	231
1.3556	251.9
1.5324	268.15
1.6307	278.6
1.7092	285.56
1.611	251.9
1.5324	226.36
1.4145	206.63
1.2574	179.93
1.1788	164.84
1.1002	152.07
0.98232	136.98
0.80551	112.6
0.62868	87.061
0.51079	66.168
0.41257	49.915
0.31435	33.664
0.19646	13.93
0.11788	0
0.078585	-13.93
-0.039294	-45.272
-0.23576	-85.9
-0.37328	-116.08
-0.53045	-145.1
-0.64833	-164.84
-0.82514	-190.37
-0.96266	-208.95
-1.1002	-224.04
-1.1788	-233.32
-1.4342	-262.35
-1.5914	-275.11
-1.7485	-289.04
-1.8861	-296.01
-1.8664	-286.72
-1.7485	-260.03
-1.6307	-239.13
-1.4931	-208.95
-1.2377	-167.16
-1.0609	-141.62
-0.86444	-110.28
-0.66797	-81.256
-0.49116	-55.72
-0.27506	-24.377
-0.058938	11.608
0.15717	56.881
0.41257	99.831
0.60904	136.98
0.8841	176.44
1.3556	229.84
1.6307	266.99
2.0432	307.62
2.4361	341.28
2.8486	376.11
3.3594	412.09
3.8113	439.95
4.2436	445.78
3.9883	416.74
3.8113	391.2
3.5166	348.25
3.222	316.91
2.9075	276.27
2.7112	250.74
2.4361	219.4
2.1611	189.21
1.7682	139.3
1.3949	89.383
1.0412	46.433
0.68763	3.4825
0.35364	-35.986
0.098232	-63.847
-0.13752	-95.187
-0.45187	-138.14
-0.72692	-171.8
-1.0216	-207.79
-1.336	-241.45
-1.6307	-270.47
-1.9646	-299.49
-2.3183	-323.87
-2.6718	-344.76
-3.0846	-363.34
-3.4775	-374.94
-3.6934	-381.91
-3.5166	-354.05
-3.2024	-311.1
-2.7897	-263.51
-2.2986	-206.63
-1.7485	-148.59
-1.3752	-109.12
-0.96266	-65.008
-0.53045	-24.377
-0.15717	9.2865
0.41257	76.612
0.90373	126.53
1.7092	200.82
2.3379	258.86
2.6718	292.53
3.1237	334.32
3.5166	373.78
3.89	409.77
4.2042	434.15
4.6759	449.25
5.285	460.86
6.0117	467.8
6.5618	471.31
7.0137	471.31
7.7211	465.48
8.448	457.34
8.7622	444.6
8.8605	429.5
8.8016	408.61
8.5461	379.59
8.2908	352.89
8.0551	329.67
7.6622	289.04
7.0924	233.32
6.7386	201.98
6.2868	167.16
5.7368	131.17
5.3045	99.831
4.7742	65.008
4.1651	29.021
3.5954	3.4825
2.9274	-25.538
2.2593	-56.881
1.6896	-83.578
1.1002	-106.8
0.4715	-132.33
-0.2554	-162.52
-0.8841	-190.37
-1.5324	-222.88
-2.279	-257.7
-3.0058	-287.88
-3.7328	-321.55
-4.617	-361.02
-5.1079	-383.07
-5.4813	-395.84
-6.1493	-407.45
-6.6601	-412.09
-7.112	-414.42
-7.4262	-414.42
-7.3083	-397
-7.0726	-366.82
-6.6797	-330.83
-6.1887	-282.08
-5.6779	-240.29
-5.1669	-204.31
-4.6759	-167.16
-4.1453	-133.49
-3.5954	-100.99
-2.8684	-66.168
-2.1022	-35.986
-1.4931	-13.93
-0.66797	5.8042
0.23576	24.377
1.0216	37.147
2.1807	68.49
3.3005	102.15
4.2042	132.33
4.8527	159.03
5.5207	190.37
6.1887	225.2
6.8958	258.86
7.4854	285.56
8.0551	309.94
8.7427	334.32
9.4892	355.21
10.275	366.82
11.257	376.11
11.965	380.75
12.888	385.39
13.968	388.88
14.813	387.71
15.874	384.23
16.798	378.43
17.721	372.62
18.605	366.82
18.566	341.28
18.468	308.78
18.016	265.83
17.583	234.49
17.151	206.63
16.719	179.93
16.11	143.94
15.658	119.57
15.147	94.026
14.636	71.973
13.949	46.433
13.595	33.664
12.868	22.056
11.729	8.1256
10.904	-1.1608
9.7447	-13.93
8.5855	-24.377
7.7013	-30.181
6.8763	-35.986
5.9527	-41.79
5.1473	-49.915
4.4204	-55.72
3.5364	-63.847
2.6327	-74.295
1.8664	-84.739
0.60904	-111.44
-0.23576	-125.37
-1.3752	-149.75
-2.2593	-168.32
-3.0846	-184.57
-3.7917	-200.82
-4.5382	-215.91
-5.1669	-228.68
-5.7958	-242.61
-6.4046	-254.22
-7.9174	-277.44
-9.2141	-293.69
-10.295	-305.3
-11.159	-316.91
-12.004	-323.87
-12.751	-327.35
-13.772	-333.16
-14.597	-334.32
-15.344	-335.48
-16.169	-334.32
-16.11	-313.42
-15.815	-264.67
-15.285	-229.84
-14.774	-200.82
-14.165	-167.16
-13.634	-142.78
-13.065	-118.41
-12.534	-97.509
-11.827	-74.295
-10.943	-53.398
-10.216	-35.986
-9.4303	-22.056
-8.3891	-12.769
-7.6424	-10.447
-6.2672	-6.9651
-5.3439	-6.9651
-4.2829	-8.1256
-3.1041	-2.3216
-2.0629	1.1608
-1.1788	2.3216
-0.27506	4.6433
0.55009	6.9651
1.4735	8.1256
2.22	12.769
2.6327	12.769
3.0256	15.091
3.0846	8.1256
3.0256	-2.3216
