Sezen et al. 2000 Specimen 2	
1638	
0	0.8672625
0.0762	-0.936221254
0.0127	1.117446561
0.0889	4.175175483
0.127	6.57586936
0.127	6.758098112
0.2032	6.880731253
0.2286	10.58763578
0.2032	14.85916466
0.3683	17.92090371
0.3937	19.97743527
0.4318	20.17676733
0.4445	24.00302852
0.4318	28.70248829
0.5588	31.75158711
0.6731	33.17374239
0.6858	35.16187274
0.6858	36.54081433
0.6858	40.11617114
0.8382	41.27661551
0.8636	44.43688226
0.9398	48.59235318
0.9398	52.53195758
0.9652	57.52397834
1.1176	58.87367896
1.143	62.76342243
1.2192	67.56275526
1.3462	71.70525905
1.3843	73.83353902
1.5748	78.22117122
1.5367	82.78882933
1.6002	86.60747951
1.7526	88.96329358
1.8034	94.0830421
1.8669	95.23885395
1.9177	95.31713885
1.8796	95.94386276
1.8923	99.77487254
1.9685	102.4659792
2.0701	107.207201
2.159	109.9669859
2.1463	113.5683268
2.2987	116.3744369
2.3876	121.3337908
2.54	125.339018
2.5527	130.4503297
2.6035	135.9447089
2.794	141.1459134
2.9083	144.3155799
2.9972	147.4365641
3.0988	148.7035946
3.1877	150.8152276
3.1623	153.6163387
3.2004	154.5508162
3.2639	156.2538174
3.4417	150.5875334
3.3655	149.638975
3.3655	147.7979368
3.3528	142.6866252
3.2004	134.4633311
2.9718	124.3740262
2.8194	112.2170918
2.54	101.406558
2.3622	90.38583535
2.1717	78.39531753
2.0828	66.28765701
1.8161	54.898966
1.5875	43.70821186
1.3843	32.38370406
1.1811	21.69232456
0.9906	11.71468209
0.9017	1.072729751
0.7366	-9.508887091
0.5588	-19.69691633
0.3683	-28.76017148
0.2032	-37.87426956
0.0762	-46.14481832
-0.1778	-55.17363026
-0.2413	-58.89766433
-0.2159	-58.21505313
-0.2413	-58.07027811
-0.2794	-57.1708335
-0.2921	-56.41199216
-0.254	-56.21243728
-0.2413	-56.14458622
-0.3683	-62.85844327
-0.4826	-74.82787994
-0.762	-84.99269456
-0.9017	-93.42535025
-1.143	-104.3126924
-1.2954	-114.8253904
-1.4859	-125.1748475
-1.6637	-127.7475972
-1.9431	-141.5877458
-2.1336	-150.2793083
-2.2987	-154.8125116
-2.4765	-163.8976556
-2.667	-168.1895286
-2.8448	-176.453762
-3.0099	-181.9877773
-3.2131	-187.180874
-3.2893	-189.5028915
-3.4417	-188.0131614
-3.4544	-187.6152524
-3.429	-186.9238663
-3.4544	-186.8792534
-3.3655	-178.4407893
-3.0734	-167.0091933
-3.0099	-156.6855495
-2.7686	-145.7973224
-2.5146	-134.6626859
-2.3495	-123.4363242
-2.1844	-111.8447604
-1.905	-100.9486968
-1.7526	-88.03778217
-1.524	-78.41582051
-1.3589	-67.4730314
-1.1557	-55.95508269
-0.9652	-45.42708522
-0.7493	-36.41620694
-0.6477	-28.27368703
-0.508	-19.29453721
-0.2794	-9.755333295
-0.0254	0.460347649
0.127	10.33416697
0.2413	21.01823122
0.5461	31.04364562
0.6604	41.35917534
0.8128	51.50676435
1.0668	61.26265803
1.2954	71.99595655
1.5748	81.70207826
1.5367	91.86473139
1.9177	101.3743937
1.9685	104.0170493
2.2098	113.9879351
2.3368	123.9118464
2.6416	132.3803979
2.6162	136.4588221
2.9591	145.3997648
3.1115	153.6251981
3.2639	158.7259558
3.3528	159.1044425
3.2893	159.5920041
3.2639	158.7320933
3.3782	158.0535027
3.2766	154.4879064
3.1623	144.2597994
2.9972	133.2232925
2.6543	123.0932129
2.5527	111.8338908
2.2987	100.604318
2.1463	89.72527931
1.8796	78.7999244
1.7399	68.25356765
1.4859	57.94456508
1.3716	46.80407125
1.2065	36.13077662
0.9398	25.94153188
0.7493	15.59230434
0.5207	5.596726439
0.4064	-4.166153552
0.1397	-14.08634215
-0.0127	-23.59064031
-0.2032	-32.92903872
-0.2921	-40.8186889
-0.3937	-48.86790249
-0.7112	-58.50332229
-0.8509	-69.77546657
-1.0033	-80.47291823
-1.2827	-91.18702579
-1.4859	-101.7866325
-1.6256	-107.0104569
-1.8034	-117.8348936
-2.0447	-128.4520145
-2.2225	-135.7900159
-2.413	-145.8670325
-2.6289	-155.3356399
-2.7559	-159.2064859
-2.921	-164.8393514
-2.8829	-171.694719
-3.1496	-179.6889713
-3.3274	-184.3849086
-3.4163	-185.0236319
-3.4544	-185.0349908
-3.4417	-186.7138064
-3.4544	-187.3298875
-3.4925	-186.7972104
-3.5179	-184.4556595
-3.1623	-173.8930382
-3.1496	-162.5433696
-2.8067	-151.5852811
-2.6797	-140.4660418
-2.4765	-129.9684608
-2.2733	-118.8203262
-2.159	-107.2211572
-1.8542	-96.46197427
-1.651	-85.1315544
-1.4478	-73.71031214
-1.2192	-62.15383919
-1.0795	-51.79942764
-0.889	-42.27628542
-0.7493	-33.84813461
-0.5715	-25.30972582
-0.4445	-19.69798906
-0.127	-5.846519387
0.0254	3.844919922
0.1524	14.13468292
0.4064	24.26188414
0.5461	29.30091009
0.6731	39.86469926
0.889	50.06885647
1.016	60.17469279
1.27	70.209845
1.4732	80.80572911
1.7018	90.25358894
1.8923	100.412355
2.0066	103.8513888
2.0828	108.5565725
2.1463	110.997405
2.1971	115.0217075
2.5146	124.2868596
2.7178	133.5979855
2.6797	135.8728328
2.9845	144.7063195
3.0353	149.3726809
3.2004	152.8957814
3.1496	155.3798881
3.2766	156.5070714
3.3147	157.7113076
3.3655	158.2476805
3.3147	158.0721422
3.2512	149.3203383
3.0226	138.2137344
2.8194	127.8082567
2.6797	116.527631
2.4638	105.959695
2.2098	95.46547187
1.9939	84.43436875
1.7907	72.73442834
1.6383	62.78034517
1.4732	51.73611748
1.2319	41.03647186
0.9652	30.84049316
0.8001	20.44682042
0.6096	10.46688882
0.4572	0.592960136
0.2794	-9.870608492
0.1143	-19.62997167
-0.1397	-28.74774961
-0.2921	-37.33620612
-0.4064	-44.44070221
-0.5461	-54.24984893
-0.7874	-64.58587006
-0.9652	-75.13911154
-1.2192	-85.63601209
-1.397	-96.46138275
-1.5875	-107.5446817
-1.7653	-113.7915379
-1.9939	-124.0590275
-2.1844	-134.2215072
-2.4511	-144.3204054
-2.5908	-150.0045773
-2.7051	-159.9525674
-3.0226	-168.8453036
-3.0353	-175.0712922
-3.2893	-178.7721014
-3.3909	-181.4989392
-3.3782	-184.1883291
-3.4417	-186.0776805
-3.4544	-186.4081742
-3.4671	-185.1961015
-3.3782	-183.7196471
-3.3147	-172.847511
-3.0988	-161.9059138
-2.921	-150.1597283
-2.6797	-139.274948
-2.54	-128.5506112
-2.2352	-117.9751455
-2.0066	-106.6044046
-1.8669	-95.05593272
-1.651	-83.93444306
-1.4097	-72.77957492
-1.2319	-62.04202014
-1.1557	-50.26936756
-0.9144	-41.21916048
-0.6985	-32.94131693
-0.4826	-24.93921393
-0.381	-16.79587123
-0.1778	-5.926240825
-0.1016	-1.401091566
-0.1016	-2.321724066
-0.0127	-1.855735519
-0.0762	-2.097117133
0.0127	3.136631486
0.0635	11.47135492
0.2921	21.64987184
0.5334	33.17663727
0.6858	43.32705222
0.8636	53.60762548
1.1557	64.29822355
1.2446	74.11288649
1.4097	84.60102547
1.6002	89.35653708
1.6256	88.84736504
1.5875	89.29412976
1.8796	87.60093093
1.6891	93.48737953
1.8415	104.6430794
2.1463	113.200265
2.4003	123.4178448
2.5654	132.4419068
2.8321	141.536177
3.0226	150.5901841
3.2639	158.2750327
3.429	167.1092843
3.7211	172.8490499
3.683	172.3786645
3.7084	174.440312
4.0132	181.7127661
4.2164	189.368408
4.4196	191.6245047
4.3307	190.9747561
4.4577	189.7166384
4.3815	190.5105883
4.6482	197.1257286
4.8387	204.7092498
5.0419	209.3513858
5.2451	213.2537468
5.2705	212.92525
5.3086	215.1468074
5.6261	222.301892
5.7277	225.3104212
5.8674	227.5085669
5.9563	228.6947463
6.1341	234.2057414
6.4262	233.605787
6.3373	235.8114979
6.5151	237.2904696
6.6802	240.9941608
6.8961	244.1441605
6.8834	242.4219817
7.3406	249.1048308
7.2136	247.9154492
7.3152	247.2370809
7.2517	242.33051
7.0231	232.1518103
6.7564	223.1482379
6.5659	214.1864765
6.3119	205.2524452
6.1595	198.4051899
6.2103	194.1661086
6.2357	190.0072647
6.1722	193.8838302
6.1468	189.9784004
5.9055	180.6546481
5.6642	172.2486818
5.4864	163.8002553
5.2451	154.7370153
5.0165	146.5831289
4.7879	138.7944401
4.6355	129.5669761
4.4196	121.7437124
4.1783	112.870643
3.7338	104.5089428
3.7211	95.63038072
3.3909	86.03207086
3.2004	77.69744252
2.9845	68.22826582
2.8321	61.20630376
2.5781	52.17537482
2.3749	42.03821164
2.286	36.62132119
1.9431	23.45665092
1.7399	13.60096958
1.5494	4.35579086
1.3335	-4.383265558
1.0922	-13.70734799
0.9271	-21.72287533
0.8128	-27.91071232
0.6731	-35.79087955
0.508	-42.61450268
0.2794	-50.86321555
0.1397	-59.66414648
-0.1016	-68.80740148
-0.3048	-79.03643355
-0.5969	-88.99468403
-0.7493	-98.49909827
-0.9906	-108.1041061
-1.1176	-114.7246901
-1.3462	-124.4449905
-1.5113	-132.1795755
-1.6764	-137.9941969
-1.9431	-147.7260875
-2.1082	-156.7486462
-2.4003	-164.6914142
-2.6797	-173.1159755
-2.921	-180.9958336
-3.1369	-188.6115013
-3.3782	-196.1004331
-3.4925	-203.9391118
-3.7719	-210.4474188
-4.0132	-218.0305085
-4.2926	-225.437255
-4.3688	-227.4032234
-4.6101	-231.2201346
-4.8641	-238.5066785
-5.0419	-245.2069217
-5.3594	-252.0934619
-5.6261	-258.3401491
-5.9055	-264.3785687
-6.1722	-270.8959041
-6.4008	-276.4075841
-6.7056	-281.5734265
-6.8834	-281.9537767
-6.9977	-284.109858
-7.0358	-283.2905351
-6.9977	-282.6399726
-7.0739	-282.2087074
-7.0993	-281.3214623
-7.1501	-280.587696
-7.1374	-280.3397389
-7.1247	-278.3483708
-7.1755	-276.402554
-7.0612	-275.2561797
-6.8961	-265.6100681
-6.731	-255.6559138
-6.5024	-246.3069797
-6.2611	-236.9888401
-6.0198	-228.29581
-5.7658	-218.9957272
-5.7023	-218.2909275
-5.7404	-215.8393498
-5.6134	-209.7589858
-5.3848	-200.2171992
-5.1816	-191.9220024
-4.9149	-183.1916177
-4.699	-178.1292108
-4.5212	-165.8296629
-4.2291	-157.7104626
-4.0513	-148.3396735
-3.8227	-139.6340836
-3.6068	-131.2658855
-3.3782	-122.7387027
-3.2258	-113.4155997
-3.0099	-103.8531455
-2.6797	-95.0720727
-2.4765	-85.39249367
-2.2225	-76.18740063
-2.0193	-66.59137679
-1.7653	-57.11203755
-1.5748	-47.50031848
-1.4478	-39.50140745
-1.27	-32.33978811
-1.0922	-24.81176681
-0.8763	-16.25893923
-0.6604	-7.339007879
-0.4699	1.542015674
-0.254	10.27348172
-0.1651	20.09248409
0.1524	28.34851043
0.3937	37.12650071
0.5588	46.2406664
0.8382	54.8498567
1.016	63.47600978
1.2192	72.0562602
1.4859	80.96389555
1.6637	89.4096091
1.9177	94.58510703
2.0447	103.5027581
2.3495	111.6911927
2.6543	119.0559948
2.9083	126.4348109
3.0988	134.6678494
3.3147	138.3646915
3.6703	148.741216
3.9116	156.0524079
4.0513	159.5276266
4.2672	166.7119802
4.572	173.3339519
4.6863	177.2487303
5.0038	187.1431948
5.1943	193.6304339
5.4864	200.0217138
5.6007	207.3124472
5.9182	213.9186347
6.223	219.5368857
6.5151	226.5586521
6.731	232.8474171
6.9215	234.5467801
6.8072	233.4978995
6.9342	233.9806134
7.0104	235.5861965
6.9342	235.6306092
6.9469	235.0449001
7.0104	234.2678685
6.9596	234.1987054
6.8834	228.3032951
6.7183	218.2853325
6.5278	209.2986829
6.223	201.0208269
6.0071	192.0975586
5.842	183.9055838
5.5626	176.1195368
5.3721	167.5119609
5.1054	159.065051
4.9276	151.4453983
4.699	143.1895263
4.5085	135.4993407
4.1529	129.4334844
4.1402	121.3004568
3.81	113.2459008
3.5179	104.4839745
3.3147	95.80893005
3.1496	87.7032768
2.8321	79.90716065
2.5781	70.79099982
2.2987	61.90433444
2.1209	53.09271172
1.9431	44.46200885
1.6891	35.43595926
1.5494	26.26870333
1.3081	18.22886284
1.0287	9.709054834
0.8128	0.612380278
0.6985	-8.053332863
0.6858	-16.28279028
0.1905	-24.18204662
0.0635	-31.99851008
-0.1016	-39.0002885
-0.3302	-45.69594994
-0.5588	-54.13193236
-0.7366	-63.76627586
-0.9017	-72.79368239
-1.1176	-82.53263109
-1.27	-87.63961084
-1.5748	-101.4237876
-1.8288	-109.9940312
-2.1463	-118.7062789
-2.3495	-127.6518114
-2.4384	-136.8267727
-2.8194	-144.7684288
-3.048	-152.475973
-3.2639	-160.5679146
-3.5052	-168.5169669
-3.8227	-176.1371177
-3.9751	-183.0754624
-4.2545	-190.942227
-4.4704	-198.3150968
-4.7244	-206.040987
-4.953	-213.1915707
-5.1816	-220.5327521
-5.4356	-226.3485433
-5.7023	-233.5111175
-5.7658	-236.225191
-5.8293	-238.2244846
-6.0833	-246.21851
-6.4389	-251.4863114
-6.5405	-258.4232461
-6.7818	-265.4645593
-6.9215	-266.5425577
-6.9088	-265.8408044
-6.9088	-266.8503647
-7.1247	-270.3919134
-7.0739	-271.4746795
-7.1628	-272.1319711
-7.2009	-271.9483961
-7.239	-271.8807629
-7.1628	-271.7627752
-7.1755	-261.1787882
-6.7818	-251.8101739
-6.5913	-242.6391309
-6.2992	-233.3186519
-6.0325	-224.4130446
-5.8801	-215.7296078
-5.6134	-206.915281
-5.3975	-198.6389905
-5.1943	-189.9885051
-4.9403	-181.9531758
-4.6736	-173.968499
-4.445	-164.7981275
-4.2164	-156.3564568
-4.0767	-148.2961903
-3.7465	-140.1495533
-3.5433	-131.6627982
-3.3528	-122.424896
-3.0861	-113.8791448
-2.8575	-104.8955061
-2.6289	-95.44675234
-2.413	-86.16143974
-2.1844	-76.99037897
-1.9431	-68.12534177
-1.7018	-58.34278533
-1.4859	-48.77873456
-1.3208	-40.94939915
-1.1303	-32.98858896
-1.0414	-27.75562177
-0.7493	-17.33994057
-0.5969	-8.382811223
-0.4318	0.179710084
-0.2286	9.305457551
0.0381	17.57542102
0.2413	26.42601362
0.4191	35.15036928
0.6223	43.81730726
0.889	52.6356288
1.1176	60.60844857
1.3081	69.76724759
1.5113	78.34607036
1.8034	87.11211955
2.0828	94.62006883
2.286	102.555663
2.54	111.2190016
2.7432	119.1528702
3.0226	126.4713916
3.3401	133.5361742
3.4925	141.1214121
3.7719	148.5319834
4.0132	155.4782934
4.2164	161.758795
4.5466	167.3306185
4.445	168.1842672
4.7498	169.4061689
4.7117	174.2460986
5.0292	181.3100717
5.2451	188.4846631
5.4483	194.9546815
5.7658	201.4715009
5.9944	208.2518036
6.0833	211.1034739
6.35	218.4620094
6.6675	224.3240813
6.7564	230.6562717
6.8072	231.3961889
6.8834	231.4123689
7.0231	231.8650444
6.985	233.5983196
7.0739	232.9747001
6.9977	233.1212585
6.9215	227.9531301
6.7945	218.2128249
6.5151	209.8814788
6.3119	198.8208799
6.1087	191.5246716
5.842	183.3559395
5.6388	175.6896903
5.461	167.5256903
5.1816	158.8200071
4.8387	150.5226132
4.7371	142.653309
4.5847	134.7973428
4.2418	126.595041
4.0005	118.3690739
3.7719	110.2119809
3.5941	101.9412943
3.3401	93.55839276
3.0353	85.09327032
2.921	80.09559678
2.54	68.66453444
2.3495	59.78516295
2.0828	50.50584558
1.9177	41.58400848
1.6637	33.28660838
1.4986	24.26899792
1.1684	16.12404166
1.016	7.352687945
0.8128	-0.767109381
0.5588	-9.334943587
0.3175	-17.56146299
0.1905	-25.74299993
-0.0127	-33.40185289
-0.2413	-39.72878855
-0.3556	-47.57113602
-0.5461	-55.98950189
-0.8636	-64.70750918
-0.8763	-74.40138248
-1.2446	-82.92534089
-1.4478	-92.32527446
-1.6637	-102.0690443
-1.9431	-110.9596412
-2.0828	-119.477809
-2.3114	-128.0042313
-2.6035	-136.49784
-2.8194	-144.9534315
-3.0099	-153.1031461
-3.4671	-160.0633813
-3.5433	-165.7751232
-3.7084	-172.2351614
-4.0132	-179.8836295
-4.1656	-186.9058006
-4.4069	-194.0273599
-4.6355	-201.9104247
-5.0038	-208.9729124
-5.1562	-216.2758453
-5.4356	-223.7823358
-5.6896	-230.9776347
-6.1468	-235.4656158
-6.1595	-243.6037403
-6.3627	-250.5286446
-6.6167	-257.7204389
-6.8326	-263.4172861
-6.9469	-265.946437
-7.0358	-268.5468903
-7.1882	-270.3351944
-7.239	-271.1469254
-7.1755	-270.7141659
-7.2009	-270.4807433
-7.0739	-264.6900316
-6.8961	-254.2227069
-6.6294	-244.5836669
-6.4643	-235.0922616
-6.2357	-226.2113379
-5.9182	-217.8636873
-5.6134	-209.1203203
-5.4737	-200.5013322
-5.1816	-191.9268769
-4.953	-183.8503058
-4.7752	-175.6883694
-4.6482	-170.5385781
-4.3307	-159.3397464
-4.0386	-150.9460419
-3.8354	-142.7274444
-3.7465	-134.005461
-3.4671	-127.9821851
-3.2385	-117.0632702
-2.9718	-107.8794228
-2.7305	-98.73073297
-2.5146	-89.35570985
-2.2479	-80.63108023
-2.0447	-72.04877506
-1.7399	-62.47908931
-1.4859	-53.45704647
-1.3843	-44.31017387
-1.2573	-41.53490318
-1.1176	-33.01696668
-0.9779	-25.86901451
-0.762	-17.95648327
-0.5588	-8.553603674
-0.0889	-5.736331685
0.1397	2.329556069
0.2921	12.20301581
0.5207	21.92301105
0.6858	31.49541155
0.9652	40.38128884
1.143	50.01688743
1.4351	58.50579955
1.5748	68.03985638
1.8034	76.93687999
2.0066	85.97049077
2.3114	94.62117626
2.5654	102.3594482
2.7813	111.10177
2.9845	119.2188533
3.2893	126.9470295
3.4798	134.5435329
3.8481	141.6000565
4.0132	149.1520227
4.2545	156.3708578
4.5466	162.7466692
4.6863	170.4457098
4.9276	176.4680117
5.1943	183.0050317
5.4483	189.9180434
5.842	196.2848398
5.9563	202.8250887
6.1976	209.6872965
6.3881	216.7373268
6.6802	223.7577366
6.985	230.3004806
7.2517	236.8243938
7.4422	243.6651781
7.7978	249.1103768
8.0137	254.3517778
8.2931	259.7514164
8.4963	264.5708342
8.8138	268.7022192
9.0678	273.2287735
9.3218	277.402054
9.6266	281.383029
9.9949	284.8565977
10.2235	288.5162142
10.5029	291.7099061
10.7569	290.5287746
11.049	296.6808902
11.4173	298.2412467
11.811	299.5429543
12.1412	300.991216
12.5984	299.3217579
12.9159	300.3408002
13.1953	298.5014076
13.208	294.6326208
13.3096	292.5833996
13.3223	292.4811426
13.2461	283.9133941
12.954	275.4276842
12.7635	267.0982016
12.4714	259.7185316
12.2301	253.7819953
12.4333	240.2266557
12.4333	241.0772401
12.5095	240.2516595
12.4587	238.2614344
12.1412	230.3896796
11.9507	222.2236961
11.684	214.9858924
11.5189	207.432463
11.2268	200.3096672
11.0744	193.6364914
10.6934	186.7990695
10.5664	179.9897468
10.3632	173.4248454
10.033	166.3797964
9.8044	159.2394419
9.5631	152.4678785
9.3345	145.4890261
9.1186	138.6988366
8.8138	132.1577382
8.5344	125.6707215
8.2677	119.2351579
8.001	112.6938371
7.747	106.0656612
7.5184	99.09602838
7.2517	92.28711491
7.0612	85.71234008
6.8326	79.01389807
6.5532	72.97166689
6.2357	66.82361189
6.0198	61.93498661
5.8166	54.65550095
5.7023	47.35380893
5.4483	40.60620603
5.1308	33.27987886
4.7625	26.50168695
4.6101	18.55238156
4.3561	11.63052605
4.0894	4.37417131
3.8227	-3.031616182
3.556	-10.04573147
3.2766	-16.54722173
3.0226	-23.56439206
2.794	-30.15408158
2.667	-36.49808097
2.413	-43.50897498
2.1844	-48.37337162
1.9304	-54.09694832
2.0447	-55.97570575
1.5367	-68.15836446
1.3843	-75.19188557
1.016	-82.61134739
0.8509	-90.99089993
0.4953	-98.07137775
0.2921	-105.6382208
0.0508	-113.4066913
-0.2921	-120.6955123
-0.4953	-127.9896702
-0.7112	-135.6280869
-0.9779	-144.0794221
-1.2573	-151.2199323
-1.4478	-158.722002
-1.7018	-165.5431861
-1.9558	-172.5568224
-2.2225	-179.1750983
-2.4765	-185.7207464
-2.7051	-193.6019032
-2.7178	-192.3877891
-2.794	-191.6863738
-2.7813	-190.794868
-3.0226	-194.2497083
-3.2512	-202.0482394
-3.3909	-208.6422185
-3.5814	-216.1430474
-3.9116	-222.5482568
-4.1275	-229.5335581
-4.4069	-236.3077455
-4.6863	-242.9874502
-4.9657	-249.4095201
-5.1435	-256.100477
-5.4356	-263.1266375
-5.7658	-269.2452323
-6.0071	-275.9241231
-6.3373	-282.3146647
-6.5405	-288.3357524
-6.7691	-293.5430233
-7.0358	-299.0657909
-7.3533	-304.1083353
-7.6327	-308.8722126
-7.8359	-313.5018911
-8.1661	-318.4347513
-8.4709	-322.6727029
-8.7376	-326.8200544
-8.9662	-330.3686035
-9.2964	-334.6838571
-9.6266	-338.338012
-10.033	-341.4591474
-10.2997	-344.9563857
-10.5664	-348.4503595
-10.8839	-351.5842325
-11.2903	-353.1470885
-11.6078	-354.5230649
-11.9253	-356.8346175
-12.2936	-358.5752845
-12.6111	-359.097332
-13.0683	-359.0327187
-13.3096	-358.4976356
-13.6906	-356.232804
-13.9573	-353.8611702
-13.9192	-352.9909723
-14.097	-347.6075449
-13.9827	-339.6586527
-13.6144	-331.1483614
-13.4493	-321.3763589
-13.2334	-312.5635087
-12.954	-304.6884983
-12.6492	-297.1244661
-12.4968	-289.2929567
-12.2682	-281.8516488
-12.0015	-278.0001582
-12.0777	-271.7636247
-11.8745	-263.1886134
-11.6332	-255.6203205
-11.3919	-247.7692599
-11.1379	-241.0349621
-10.8585	-235.8364084
-10.6299	-227.8388294
-10.3251	-221.2034707
-10.16	-214.7326962
-9.8679	-208.1721667
-9.652	-201.3767959
-9.3726	-195.7863106
-9.0932	-189.9163622
-8.9281	-183.4898315
-8.5344	-177.6632462
-8.3947	-170.5997846
-8.3439	-169.5205631
-7.9502	-157.7508548
-7.6962	-151.2924621
-7.3279	-145.0572584
-7.0358	-137.5660495
-6.8199	-131.4111231
-6.5786	-124.462865
-6.35	-118.0449579
-6.0198	-111.5515056
-5.715	-105.3744663
-5.5372	-98.39849138
-5.2832	-91.58305343
-5.0419	-85.73479996
-4.8006	-79.43935481
-4.5085	-72.59660477
-4.0767	-67.04481275
-3.9497	-60.23770942
-3.6322	-53.44121782
-3.3401	-47.15793214
-3.1496	-41.30747315
-2.9591	-35.26819956
-2.667	-29.24654118
-2.5273	-23.66885227
-2.2987	-17.98227832
-2.0193	-11.85150498
-1.778	-4.536490028
-1.5367	1.946869865
-1.2319	8.116139123
-0.9779	14.66458031
-0.6731	21.1132863
-0.5207	27.77731
-0.254	34.20976795
0.0254	40.34109678
0.2921	46.2277642
0.4699	52.74505064
0.762	58.48487851
1.143	64.59987968
1.27	71.1276222
1.6764	76.36230746
1.8415	83.00113074
2.2098	89.13806699
2.3876	95.65465962
2.7178	101.5029264
2.9464	107.8317011
3.2385	113.4734705
3.5179	119.5154927
3.8862	124.825821
4.0894	131.2937847
4.4323	136.0229804
4.6482	141.271106
4.953	146.3399885
5.2324	152.3001011
5.4864	157.1871119
5.7023	163.1693419
6.0198	168.042819
6.3246	173.2943113
6.5913	177.9915607
6.8834	183.7240991
7.1755	188.9134288
7.3279	194.6642864
7.6581	199.4080211
7.6708	200.2986507
8.255	209.2170446
8.5852	214.4189606
8.7757	219.8212455
9.4107	224.1421741
9.398	229.3222218
9.652	233.2949245
9.9187	237.9674369
10.0965	242.8228527
10.5156	246.9357895
10.7442	251.3503513
11.1125	254.9331728
11.3665	258.8077992
11.6332	262.0084293
11.9888	265.2553622
12.3063	268.5731661
12.5095	272.1552404
12.8778	274.3648651
12.9413	272.1370991
13.0429	270.2743749
13.1318	269.4381782
13.1953	270.612158
13.3985	270.0376211
13.2334	269.4365815
13.1953	264.8555542
13.0302	255.814058
12.6873	249.705399
12.5095	241.8206352
12.192	235.059101
12.0396	226.6490519
11.7348	219.9273006
11.43	214.1044468
11.1887	207.5343418
11.0363	200.5855412
10.7696	193.3235609
10.5156	186.8710656
10.2362	180.8428129
9.9695	174.9601758
9.7409	168.3433721
9.4996	161.6581703
9.1567	155.7832496
8.7376	150.0983439
8.7503	143.3885475
8.3566	137.4763167
8.2042	130.4619332
7.9121	124.4372785
7.6327	118.3876156
7.3152	112.7935278
7.1755	106.7570517
6.9596	100.2132715
6.5405	94.73010887
6.35	89.24076866
6.0706	83.47428248
5.7785	76.91784914
5.5118	71.02516959
5.3721	65.00054606
4.953	59.40331839
4.7117	52.74033629
4.4958	45.93540334
4.1783	39.50333366
3.937	33.57496382
3.7719	32.44060226
3.3528	20.71204175
3.0734	14.2158658
2.8194	7.212511195
2.5781	0.818464619
2.286	-4.735275043
1.9558	-9.946198202
1.778	-17.01611943
1.4986	-22.96324438
1.3716	-28.39597682
1.0541	-33.62221361
0.8128	-38.54990263
0.7493	-41.90989637
0.5334	-47.15805667
0.2794	-53.4343998
-0.0381	-59.03064013
-0.2159	-66.09992804
-0.5207	-72.36769639
-0.7366	-79.08369713
-1.0795	-85.73283416
-1.3208	-92.30509616
-1.6129	-98.96277239
-1.8796	-104.8483493
-2.1971	-111.4503739
-2.4638	-117.5195347
-2.7686	-124.0590231
-3.048	-129.8219646
-3.2385	-133.1007105
-3.5052	-141.9198362
-3.8481	-148.1144832
-4.1529	-153.6365926
-4.3561	-159.202412
-4.6228	-165.447089
-4.8514	-171.4001789
-5.1435	-176.5941606
-5.3467	-182.60461
-5.7023	-187.7543925
-5.9817	-193.6133777
-6.2611	-199.5621981
-6.5659	-204.8256364
-6.7691	-211.191023
-7.0993	-216.4880488
-7.4041	-222.1098223
-7.6581	-226.9152926
-7.9756	-232.5064183
-8.2677	-234.0755853
-8.4709	-243.0678566
-8.7503	-248.2054885
-9.0424	-253.3836949
-9.2075	-259.2006247
-9.5377	-263.74975
-9.7409	-268.0483655
-10.1219	-273.9515412
-10.414	-279.2589742
-10.6553	-284.3453264
-10.9728	-288.918237
-11.2268	-294.2024185
-11.4935	-298.9911129
-11.8872	-303.6938149
-12.1031	-308.2206539
-12.4968	-311.7420332
-12.5222	-312.7900021
-13.0556	-320.3524377
-13.4239	-323.6373656
-13.6398	-327.0332898
-13.9573	-329.6359001
-13.9954	-327.8785639
-14.0208	-326.9024444
-14.0589	-325.1440407
-14.0208	-322.6191727
-13.7795	-313.5561151
-13.5255	-305.0872923
-13.2334	-296.2367806
-13.0175	-287.8775043
-12.7889	-280.6420177
-12.4587	-273.0315625
-12.2555	-265.5587395
-12.0015	-258.202241
-11.7983	-251.5412825
-11.4681	-245.1316344
-11.2903	-238.5200254
-10.9601	-231.8319683
-10.7315	-226.0700631
-10.4521	-220.1175824
-10.16	-213.7104161
-9.9187	-207.880006
-9.7028	-201.9963504
-9.398	-196.369787
-9.2075	-190.3295795
-8.89	-184.5537135
-8.6614	-178.8645649
-8.3947	-173.0805244
-8.1026	-166.5216806
-7.8105	-160.859088
-7.6073	-155.0470816
-7.366	-148.7270374
-7.1374	-141.6801026
-6.8707	-135.7055223
-6.5151	-129.6381806
-6.223	-123.7242953
-5.969	-117.3365023
-5.7658	-110.785446
-5.3975	-104.8149752
-5.2197	-99.22658474
-4.9784	-92.46554417
-4.6482	-86.62469134
-4.445	-81.24906035
-4.1656	-74.21607739
-3.8608	-67.9384934
-3.6322	-61.88382257
-3.3782	-55.52025506
-3.0607	-49.09366204
-2.8194	-43.16702049
-2.6035	-36.99510955
-2.3368	-31.29338787
-2.1336	-26.20427906
-1.8923	-21.45708383
-1.6764	-14.28778588
-1.4478	-7.860982935
-1.143	-1.508363977
-0.8382	4.390844009
-0.6604	10.81992826
-0.5588	11.71383039
-0.1143	22.92556961
0.0635	29.16793696
0.3556	35.09544977
0.635	41.59199974
0.889	47.13295053
1.2573	53.08583588
1.5875	58.29006467
1.8288	64.77398597
2.1082	70.63101435
2.3749	76.79019699
2.6289	82.33103926
2.9083	88.45644758
3.1623	94.74330016
3.4671	100.3546531
3.7719	105.3425644
4.0259	111.2427068
4.3053	117.3841261
4.572	122.0706215
4.7879	127.4916347
5.0927	132.8476923
5.3848	138.3190423
5.6515	143.3672973
5.8928	148.9380223
6.1087	153.8263407
6.4008	159.4717393
6.731	164.1177445
7.0485	169.4444441
7.2898	173.9336483
7.5819	178.8407441
7.874	184.6555479
8.0899	190.1879533
8.4074	194.3296743
8.6995	199.1355716
8.9789	204.3418018
9.2329	209.616012
9.5758	213.9659605
9.9314	217.9241066
10.033	223.2505927
10.4267	227.9242569
10.6553	232.0623488
10.9982	235.7852132
11.2776	240.5349653
11.5443	244.9625627
11.8364	248.8408272
12.192	250.4346822
12.4333	256.2116067
12.8016	259.8700401
13.0175	264.2846598
13.3223	266.8654951
13.5255	265.9094116
13.5382	263.9877802
13.6017	263.0200176
13.589	261.8451437
13.5001	257.1798897
13.2715	249.9240336
13.0683	241.7259702
12.7381	234.8852037
12.5603	227.2402048
12.2682	220.6723947
12.0269	214.2226302
11.9761	212.279264
11.5316	200.9999903
11.2014	195.0379654
10.9474	188.9512414
10.7442	181.8290683
10.541	175.7333603
10.2616	169.8646662
9.9568	164.0697071
9.7028	156.8654198
9.4361	151.3847077
9.2329	145.4323071
8.9408	140.3166548
8.6741	133.5319312
8.3566	127.9356287
8.2042	121.4684077
7.747	116.3300731
7.5819	109.8658364
7.3152	104.3565981
6.9977	99.13801723
6.7564	93.47261383
6.477	87.17307698
6.223	81.78156842
5.9436	76.66913159
5.7023	70.18903514
5.4864	64.47104006
5.1689	59.05571069
4.8768	53.41161971
4.5847	46.85229994
4.3434	40.54568312
4.0894	34.72962243
3.7211	28.32071311
3.4544	22.43755567
3.2258	15.5606288
2.8575	10.25265897
2.667	3.571648177
2.4257	-2.63541438
2.0828	-7.909472693
1.8796	-14.01110646
1.7145	-19.73519018
1.3589	-25.43464586
1.1049	-30.79558987
0.9271	-35.66250824
0.7112	-41.37085981
0.4699	-45.83955971
0.2921	-51.53447672
0	-57.363855
-0.2921	-63.28699992
-0.5461	-69.65718086
-0.7874	-76.22843327
-1.143	-82.48435793
-1.3335	-89.16183887
-1.651	-95.21485079
-1.9304	-101.2544624
-2.1844	-107.4396718
-2.4765	-113.8263574
-2.7178	-119.6639769
-2.9845	-125.8215496
-3.3274	-131.6435984
-3.6957	-136.5896453
-3.8735	-142.6495509
-4.1275	-148.5644012
-4.1656	-149.307952
-5.0038	-158.8079988
-4.9022	-164.794445
-5.2705	-170.566197
-5.5753	-176.0043643
-5.7912	-181.1685523
-6.0833	-187.3539707
-6.3881	-192.5261775
-6.6294	-197.6227946
-6.9342	-203.0838798
-7.239	-208.9504703
-7.5946	-214.5842742
-7.7343	-219.4351847
-8.0645	-224.0873587
-8.2423	-229.5983315
-8.636	-235.1239367
-8.8646	-240.0789676
-9.0932	-244.5630749
-9.3853	-249.9432424
-9.7028	-254.932479
-9.9568	-260.2459606
-10.2743	-264.3998367
-10.4521	-269.8129423
-10.7442	-275.0823047
-11.0744	-280.5594143
-11.3919	-284.4164953
-11.5951	-289.9560211
-11.9761	-294.6123713
-12.2682	-299.3504887
-12.4968	-304.1821415
-12.8397	-308.7537224
-13.0937	-313.0914314
-13.4874	-317.3591723
-13.7287	-321.4375565
-13.9319	-322.776125
-14.0335	-321.4510636
-14.0335	-320.174551
-13.9827	-319.3067637
-14.0335	-317.6083435
-13.7668	-308.6358547
-13.4747	-299.7518133
-13.3604	-291.6339517
-13.0429	-283.7394035
-12.8016	-276.02312
-12.4968	-268.7151881
-12.2174	-261.5632301
-11.9507	-255.0415361
-11.7221	-247.8914683
-11.5316	-241.413649
-11.1887	-235.6815553
-10.9728	-229.2333074
-10.6045	-223.0955706
-10.5029	-216.7087204
-10.2108	-210.6855868
-9.9314	-204.8270418
-9.7028	-199.2372193
-9.4361	-193.1754235
-9.1694	-187.7668099
-8.89	-182.0820421
-8.6741	-176.283694
-8.3566	-170.1328771
-8.3312	-169.2730286
-7.8105	-159.1034418
-7.5565	-152.5786035
-7.2771	-146.1530645
-7.0231	-139.6174099
-6.7691	-133.7975938
-6.477	-128.0465137
-6.2611	-121.3415472
-5.8801	-116.0607103
-5.6388	-110.0349081
-5.4102	-104.3363709
-5.1562	-97.88182085
-4.9022	-91.78993334
-4.5847	-86.10044672
-4.3053	-80.42899028
-4.1656	-74.20563911
-3.8735	-68.00271086
-3.556	-61.48904468
-3.2766	-55.63130024
-3.0353	-49.51139348
-2.7051	-43.58012609
-2.4511	-38.12821292
-2.1844	-32.3313214
-2.0955	-27.10042541
-1.778	-22.24031749
-1.4986	-15.832782
-1.3208	-9.681098738
-0.9779	-3.764939684
-0.7874	3.279525436
-0.5207	8.244546009
-0.1524	14.19608421
0.0889	13.89749374
0.1905	13.87538967
0.3175	20.21974886
0.5842	28.0307419
0.8382	34.76388998
1.0922	41.58875307
1.4224	48.16688309
1.5875	54.1622821
1.8415	56.77940458
2.1336	67.19107769
2.4511	72.50872217
2.7686	78.56463386
2.9845	84.82444118
3.2766	90.93756996
3.556	96.4229519
3.8481	101.6938798
4.1402	107.4444306
4.4831	112.2488158
4.6736	118.1063423
4.9276	123.925398
5.3213	128.4472068
5.4483	133.2247335
5.8293	138.6197245
6.1087	143.8308825
6.3246	149.1794504
6.6802	153.1381968
6.9977	158.2765982
7.1628	163.808332
7.4295	168.4175786
7.8359	172.4708522
8.0391	178.548192
8.3185	183.2165949
8.6106	188.0258812
8.9408	192.4947514
9.2075	197.5841458
9.4869	201.9514485
9.7663	206.0768427
9.8552	207.5263319
10.3759	215.6512606
10.5664	219.6771509
10.795	223.9709987
11.2141	228.8253827
11.5062	232.3635869
11.7221	236.9200462
12.0142	240.8766801
12.4079	244.6885656
12.6238	248.6412901
12.9794	251.7808693
13.2969	255.0820751
13.5509	258.6809476
13.8811	261.4352488
14.2748	263.6889127
14.5796	266.0824549
14.859	268.2730799
15.3162	270.2285701
15.5194	271.6085226
15.9258	272.4503854
16.2687	274.133226
16.5862	274.9675948
17.3736	275.3800337
17.2847	276.4079755
17.5514	277.344321
18.0213	277.1494538
18.3388	276.5825043
18.7833	275.1246983
19.0881	273.077852
19.5707	267.5279458
20.0279	261.0010171
20.5613	252.8783567
20.9931	247.9025515
21.3995	245.315374
21.8059	243.3333946
22.1996	241.780501
22.6568	239.3114447
23.0632	238.1106152
23.4569	235.8136283
23.8887	233.0427602
24.2951	231.2876699
24.7523	228.8081175
25.1206	226.7095068
25.4508	225.361603
25.8318	223.3068624
26.3779	220.7166874
26.7335	218.7664008
27.1526	215.0739128
27.4447	211.0431569
27.5336	205.7867857
27.6352	201.7050392
27.5717	195.1478987
27.2669	188.5324381
27.051	180.313169
26.7589	174.2958839
26.5684	167.8030453
26.2128	161.8693509
25.9842	156.5267871
25.6794	151.0621172
25.4508	144.9296818
25.1714	139.1546164
24.9809	130.1767417
24.7269	123.1043895
24.4983	115.7488338
24.2062	110.305792
24.1681	108.4717764
23.6982	97.76047526
23.3172	93.24913585
23.0505	87.39235208
22.8219	82.16804728
22.5806	79.83944747
22.2758	74.56037615
22.0853	70.37175179
21.7932	65.63955842
21.5392	60.89040673
21.1836	56.52189878
20.9804	52.91593249
20.6248	47.80086274
20.3962	43.77045062
20.2438	39.38974496
19.8247	35.01288504
19.5453	30.82692073
19.2405	27.19898423
18.9357	22.58743019
18.6817	18.25891683
18.3642	14.36588443
18.0594	9.775762886
17.7165	6.056343542
17.4498	1.974277761
17.1577	-2.266811451
16.8529	-6.068447414
16.4592	-9.934764569
16.2052	-14.58645196
15.9258	-18.07333021
15.6845	-21.76901725
15.3035	-25.76128894
14.9479	-28.63662927
14.7066	-32.29717394
14.5288	-36.68447347
14.0081	-40.13852739
13.7541	-43.47927902
13.5509	-47.65610551
13.3223	-51.14974129
12.954	-54.33762923
12.7762	-58.27379126
12.3952	-60.83949175
12.2682	-64.97551998
11.938	-68.36052113
11.684	-71.51132582
11.3792	-75.75228392
11.049	-79.49490854
10.795	-83.47615487
10.541	-87.83637713
10.1092	-90.81603313
9.8806	-95.0243021
9.6139	-99.16975904
9.271	-102.9604522
8.9662	-107.3996621
8.6868	-111.3233355
8.4074	-115.4545827
8.0391	-119.7639878
7.7089	-123.6728467
7.4295	-127.9794365
7.112	-132.1904496
6.7564	-136.4342007
6.4643	-141.1618354
6.4897	-142.1372255
5.8547	-149.3928326
5.6007	-153.92234
5.2705	-158.6611824
4.953	-162.1577224
4.6228	-166.806534
4.445	-170.6637529
4.1021	-174.6542056
3.81	-178.7119623
3.5179	-183.1113092
3.302	-186.9844012
3.0734	-191.6642653
2.5908	-195.0009666
2.286	-199.8921181
2.0447	-204.1752652
1.7145	-207.5427343
1.3589	-212.6080943
1.0033	-216.4755603
0.7366	-220.8014078
0.4318	-225.4136387
0.0254	-229.2752251
-0.2413	-233.3242424
-0.508	-237.9202978
-0.8128	-241.2514842
-1.0795	-245.483614
-1.4097	-249.7753893
-1.6256	-253.4635854
-2.0574	-256.9064485
-2.2987	-259.9989064
-2.5273	-263.4833137
-2.2733	-268.7576439
-3.1369	-270.876424
-3.5052	-273.9816685
-3.8862	-269.1808502
-3.683	-274.0772409
-4.5974	-276.5537201
-4.8641	-280.3220868
-5.2705	-282.9907647
-5.6134	-285.7933791
-5.7912	-289.2818469
-6.1976	-291.5739861
-6.604	-293.9750579
-6.8961	-296.4075735
-7.2136	-298.1677517
-7.5311	-300.0717887
-7.8359	-301.2208493
-8.2296	-299.0526308
-8.7249	-294.9467699
-9.2075	-282.8798263
-9.5504	-281.0858827
-10.0584	-281.0832142
-10.3632	-281.4670379
-10.795	-281.3390388
-11.176	-281.9226887
-11.5189	-281.6941406
-11.9126	-281.3523324
-12.1666	-279.5708196
-12.5222	-279.7956007
-12.9413	-280.1367995
-13.3477	-279.5060462
-13.6779	-278.0148039
-13.7668	-278.1247416
-14.4145	-275.9731345
-14.859	-274.176936
-15.2527	-273.1839872
-15.6718	-269.9422622
-16.0655	-268.9045182
-16.4084	-267.043702
-16.8783	-264.444156
-17.2466	-262.4024555
-17.8181	-259.0630457
-18.0594	-256.3527214
-18.4912	-253.5114182
-18.923	-249.9428554
-19.4183	-246.7938564
-19.8501	-242.645264
-20.3073	-237.5810959
-20.7645	-232.9545084
-21.2471	-226.8875091
-21.8694	-215.4232951
-22.5298	-196.1372317
-25.6794	-96.40380986
-26.8351	-37.1177547
-26.5557	-40.56748788
