"Bayrak and Sheikh 1996, AS5-HT"	
2825	
0	0
-2.08E-07	1.545231092
-0.231973945	3.364390756
-0.170140702	5.037121849
-0.102919565	6.830441176
-0.091962674	8.64012605
-0.071534193	10.45756303
0.005215838	12.48172269
0.064945702	14.10966387
0.082663603	15.92710084
0.120502216	17.45168067
0.166729563	19.20021008
0.207361723	20.65588235
0.198348139	22.49054622
0.273624664	24.04957983
0.308881546	25.83256303
0.329067561	27.89978992
0.374115634	29.80336134
0.38756163	31.43991597
0.449045254	33.43823529
0.471665254	35.16953782
0.484864941	36.875
0.565866534	38.70966387
0.556175034	40.44957983
0.581000597	41.99138655
0.616037015	43.44705882
0.677920355	45.17836134
0.725510872	47.2197479
0.764638567	48.96827731
0.808968628	51.04411765
0.740091342	52.49117647
0.761296321	54.64453782
0.851859515	56.28970588
0.899189914	58.00378151
0.914163504	60.00210084
0.923761315	61.31134454
0.983383582	62.93067227
1.058273437	64.63613445
1.077422588	66.42773109
1.14880517	68.06428571
1.166997502	69.59747899
1.194798603	71.54411765
1.187937191	73.09453782
1.246019137	74.81722689
1.303341179	76.45378151
1.320960941	78.00420168
1.399925172	79.89915966
1.447654857	81.27731092
1.458858624	83.17226891
1.465799317	84.72268908
1.531557267	86.3592437
1.610956334	87.90966387
1.645265046	89.46008403
1.665822239	91.18277311
1.681399872	89.63235294
1.629180113	88.25420168
1.592099414	86.70378151
1.518018685	85.06722689
1.551572985	83.17226891
1.474989649	81.19117647
1.406496639	79.38235294
1.346544824	77.57352941
1.382571647	75.76470588
1.311150775	73.78361345
1.252367718	72.14705882
1.188773258	70.59663866
1.120463479	68.70168067
1.144944666	66.95315126
1.099261252	65.31659664
1.04209646	63.22352941
0.951315483	61.67310924
0.977528794	60.17436975
0.923857603	58.43445378
0.868829321	56.39306723
0.83515745	54.30861345
0.824587784	52.66344538
0.756748025	50.85462185
0.768534334	49.24390756
0.655460643	47.40063025
0.706975212	45.43676471
0.61898983	42.99915966
0.51851704	41.30231092
0.490588773	39.42457983
0.480861057	37.94306723
0.473077664	36.04810924
0.451395651	34.42016807
0.404419529	32.48214286
0.385771109	30.4407563
0.322575616	28.65777311
0.309107618	26.66806723
0.301683048	24.79033613
0.27309663	22.70588235
0.284048334	20.63865546
0.211160172	18.51113445
0.218560038	16.32331933
0.181312655	14.29054622
0.155299071	11.97352941
0.125527666	9.725420168
0.107457908	7.864915966
0.081808796	5.926890756
0.031869693	4.087920168
0.028926685	2.171428571
-0.013253878	0.232542017
-0.02016784	-1.659831933
-0.075793185	-3.391134454
-0.127353155	-5.312794118
-0.159018286	-7.165546218
-0.139635097	-9.034663866
-0.248531237	-10.97268908
-0.210613403	-12.76428571
-0.264656216	-14.4697479
-0.291119992	-16.00294118
-0.351337208	-18.07878151
-0.31792355	-19.69810924
-0.373516006	-21.34327731
-0.408188258	-23.1262605
-0.429266378	-24.72836134
-0.448740029	-26.66638655
-0.502567597	-28.41491597
-0.510578284	-29.90504202
-0.545720433	-31.36071429
-0.564395017	-32.97142857
-0.630468275	-35.03865546
-0.62514183	-36.72689076
-0.660563235	-38.4237395
-0.669894269	-40.36176471
-0.702994002	-42.10168067
-0.703176458	-43.8157563
-0.674782006	-45.42647059
-0.763645254	-47.2697479
-0.763045563	-48.61344538
-0.828378487	-50.63760504
-0.798686782	-52.3947479
-0.842524513	-53.89348739
-0.852315124	-55.30609244
-0.833965504	-57.08046218
-0.922227097	-58.70840336
-0.950813491	-60.2157563
-0.907580868	-62.01596639
-0.997887368	-63.94537815
-1.119492463	-65.84033613
-1.076622502	-67.57163866
-1.112842495	-68.94117647
-1.138742657	-70.83613445
-1.125595444	-72.55882353
-1.249474401	-74.1092437
-1.210624493	-75.91806723
-1.271393535	-77.72689076
-1.300052787	-79.53571429
-1.391053112	-83.49789916
-1.392850597	-85.13445378
-1.429482172	-87.02941176
-1.428660712	-88.75210084
-1.443330525	-90.47478992
-1.5289178	-92.11134454
-1.525904826	-93.92016807
-1.600113232	-92.19747899
-1.484161872	-90.38865546
-1.459602296	-88.14915966
-1.400466148	-86.34033613
-1.394130545	-84.78991597
-1.343347864	-83.2394958
-1.256761755	-81.60294118
-1.220417914	-79.96638655
-1.181170999	-78.15756303
-1.081696846	-76.60714286
-1.056406545	-74.71218487
-1.15380303	-73.16176471
-0.99421255	-71.00840336
-0.974307506	-69.02731092
-0.915732797	-67.3907563
-0.89808569	-65.46134454
-0.835761672	-63.42857143
-0.780618063	-61.43886555
-0.752046021	-59.57836134
-0.697397811	-57.76953782
-0.63334594	-56.02962185
-0.594641812	-54.10021008
-0.54657926	-52.19663866
-0.535519465	-50.12941176
-0.44919141	-48.13970588
-0.494855618	-46.41701681
-0.409341291	-44.61680672
-0.409110157	-42.95441176
-0.303159991	-41.12836134
-0.313472395	-39.10420168
-0.262307914	-37.2092437
-0.273149418	-35.3487395
-0.242191036	-33.68634454
-0.220942926	-31.8947479
-0.162296742	-30.07731092
-0.162019363	-28.27710084
-0.097519433	-26.34768908
-0.075901555	-24.27184874
-0.073076893	-22.35966387
-0.007468248	-20.36134454
0.008365055	-18.39747899
0.100457695	-16.43361345
0.115123922	-14.21995798
0.121098534	-12.34222689
0.131384273	-10.7487395
0.197850223	-8.767647059
0.226099206	-7.044957983
0.246967363	-5.356722689
0.292874607	-3.270546218
0.31925571	-1.210210084
0.354761092	0.537457983
0.350606145	2.376428571
0.426228618	4.235210084
0.484359479	6.17237395
0.432836384	8.166386555
0.504310151	10.27668067
0.519200319	12.14579832
0.560320947	14.10105042
0.603769588	16.08214286
0.588862038	18.17521008
0.635692025	20.24243697
0.621418145	22.08571429
0.622702303	23.97205882
0.667129197	25.4105042
0.631472868	27.58109244
0.682113819	29.55357143
0.688207527	31.69831933
0.688868517	33.55021008
0.722463183	36.23760504
0.70730813	38.47710084
0.762624794	40.975
0.798575013	42.66323529
0.806539021	44.36008403
0.78562191	46.01386555
0.87318588	48.20168067
0.893737242	50.25168067
0.929866588	52.27584034
0.950087403	54.34306723
1.018646036	56.19495798
1.013211452	58.02962185
1.004510254	60.04516807
1.064139351	62.22436975
1.095583097	64.17962185
1.151001082	66.18655462
1.238479529	68.0987395
1.215555063	70.3210084
1.190610319	72.06092437
1.296431532	73.8697479
1.333035002	75.76470588
1.407734784	77.65966387
1.401841124	79.46848739
1.536029555	81.53571429
1.510123901	83.34453782
1.553882756	85.32563025
1.569609408	87.73739496
1.660002044	89.28781513
1.717933569	91.35504202
1.737279624	93.07773109
1.753824983	94.62815126
1.811006174	96.6092437
1.865937739	98.24579832
1.872915347	100.1407563
1.977003437	102.1218487
1.964417559	104.7058824
2.056961376	106.6008403
2.049211519	108.7542017
2.280283433	110.6491597
2.287281555	112.3718487
2.306392416	114.0945378
2.34043484	115.9894958
2.463624223	118.487395
2.407088053	117.0231092
2.352197504	115.3865546
2.353807576	113.75
2.257571878	111.6827731
2.179892261	110.0462185
2.101326937	108.3235294
2.118976809	106.5147059
2.091962956	104.6197479
1.942002729	102.9831933
1.946451786	101.1743697
1.964057901	99.45168067
1.79444804	97.38445378
1.774246363	95.40336134
1.7512727	93.50840336
1.627785216	91.52731092
1.615818807	89.80462185
1.604263613	87.82352941
1.500379269	85.67016807
1.504266689	83.86134454
1.427125466	81.79411765
1.418809908	79.98529412
1.357641475	78.26260504
1.339524347	76.19537815
1.277589181	74.12815126
1.267298464	72.23319328
1.11558734	70.42436975
1.126485204	68.44327731
1.100977498	66.63445378
1.085263155	64.58445378
0.955570252	62.68088235
0.91484692	60.6394958
0.924446498	58.78760504
0.865622424	56.32415966
0.876864519	54.3
0.763275687	51.8710084
0.728276809	49.82962185
0.703188891	47.45231092
0.651086742	45.49705882
0.622007492	43.62794118
0.570155584	41.33676471
0.54829325	39.52794118
0.529698905	37.44348739
0.478236702	35.15231092
0.429575317	32.95588235
0.410993282	30.61302521
0.392483462	28.44243697
0.327264214	26.55609244
0.305680784	24.8592437
0.278717223	22.80063025
0.300529055	21.26743697
0.218404313	19.18298319
0.238426345	17.12436975
0.215799437	15.73760504
0.226409237	13.6789916
0.222258307	11.59453782
0.169061683	9.837394958
0.176928569	7.589285714
0.123261174	5.741701681
0.099376143	3.935462185
0.064439546	1.865651261
0.051613412	-0.037920168
0.010862109	-2.113760504
-0.059149834	-4.272289916
-0.067033845	-6.579831933
-0.126667977	-8.474789916
-0.128387968	-10.56785714
-0.211061914	-12.27331933
-0.146008025	-14.03907563
-0.209927611	-15.89096639
-0.2449557	-17.51890756
-0.280920966	-19.49138655
-0.299002851	-21.3605042
-0.333776471	-22.92815126
-0.362007555	-25.1762605
-0.376017176	-27.21764706
-0.372424479	-29.31932773
-0.416663473	-31.23151261
-0.417100521	-33.09201681
-0.403409712	-34.93529412
-0.44791455	-36.76995798
-0.437070307	-38.69936975
-0.483284275	-40.65462185
-0.48448092	-42.49789916
-0.507164872	-44.37563025
-0.512777307	-46.08970588
-0.525565334	-48.07941176
-0.586075479	-49.89684874
-0.592541853	-51.69705882
-0.611130731	-53.47142857
-0.625783766	-55.62478992
-0.63824906	-56.97710084
-0.656772107	-58.76008403
-0.715238591	-60.51722689
-0.730606475	-62.56722689
-0.814833948	-64.5052521
-0.838460261	-66.02121849
-0.884046291	-67.81281513
-0.903097953	-69.45798319
-0.955387058	-71.18067227
-0.986198839	-73.16176471
-1.042424193	-74.88445378
-1.027841581	-76.3487395
-1.131260976	-78.50210084
-1.18126754	-80.22478992
-1.177367207	-81.60294118
-1.221272077	-83.49789916
-1.313084804	-85.30672269
-1.300942559	-87.11554622
-1.323679352	-89.0105042
-1.325377775	-90.73319328
-1.449703105	-92.45588235
-1.460134358	-94.26470588
-1.568547158	-95.9012605
-1.603964553	-97.71008403
-1.6258638	-99.43277311
-1.656564055	-100.8970588
-1.655093445	-102.9642857
-1.793477952	-104.6008403
-1.822700779	-106.3235294
-1.851780029	-107.7878151
-1.927595244	-109.1659664
-1.991633744	-110.5441176
-1.966651076	-112.2668067
-2.078557372	-114.1617647
-2.040040237	-115.6260504
-2.138221008	-117.0042017
-2.192983002	-118.7268908
-2.300816286	-120.4495798
-2.184969231	-119.0714286
-2.161631845	-117.1764706
-2.092891345	-115.1092437
-2.024723401	-113.2142857
-2.043779599	-111.5777311
-1.945933842	-109.2521008
-1.923959391	-107.7878151
-1.902241998	-105.8928571
-1.807370233	-104.0840336
-1.736180452	-102.3613445
-1.734725926	-100.552521
-1.628963519	-98.39915966
-1.682809773	-96.50420168
-1.547853221	-94.35084034
-1.522058359	-92.45588235
-1.471097624	-90.73319328
-1.405709874	-88.92436975
-1.390743126	-86.85714286
-1.35213579	-84.70378151
-1.302116918	-82.89495798
-1.226682442	-80.82773109
-1.140450788	-79.01890756
-1.116734039	-77.12394958
-1.069201258	-75.14285714
-1.087969709	-72.90336134
-0.931212354	-70.75
-0.909591191	-68.42436975
-0.912283884	-66.0987395
-0.789467428	-63.89369748
-0.824467012	-62.17962185
-0.701519077	-60.22436975
-0.621028696	-58.13991597
-0.609959541	-56.24495798
-0.554489187	-54.4447479
-0.544312568	-52.28277311
-0.440866101	-50.06911765
-0.435387497	-47.99327731
-0.360880347	-46.06386555
-0.403054269	-43.73823529
-0.296774573	-41.80882353
-0.270975699	-40.40483193
-0.270512012	-38.56155462
-0.220100641	-36.61491597
-0.202905779	-34.51323529
-0.161062971	-32.35987395
-0.084920947	-30.5855042
-0.124014689	-28.28571429
-0.100653937	-26.34768908
-0.073232481	-24.38382353
-0.026788355	-22.29936975
-0.023134666	-20.27521008
0.043166011	-18.54390756
0.063995252	-15.84789916
0.084941477	-13.52226891
0.114959008	-11.52394958
0.206599345	-9.275840336
0.207071637	-6.821008403
0.229184813	-4.392016807
0.274474113	-2.051743697
0.302103588	0.00342437
0.34942659	1.948340336
0.38842196	4.052605042
0.439007153	6.084516807
0.483270263	8.691806723
0.508633777	11.18109244
0.538908687	13.40336134
0.580903143	16.11659664
0.597282727	18.34747899
0.61788821	20.53529412
0.587388989	23.05903361
0.651451834	25.35882353
0.605801735	28.22710084
0.643471403	30.47521008
0.64102179	32.3960084
0.6673257	35.15231092
0.658198916	37.45210084
0.667463382	39.82941176
0.710626107	42.25840336
0.788538303	44.65294118
0.779341658	46.91827731
0.797971553	48.97689076
0.854016809	50.97521008
0.86735845	53.275
0.900513439	55.22163866
0.923566032	57.26302521
1.016462639	59.35609244
1.028862508	61.49222689
1.058399471	63.44747899
1.107269193	65.55777311
1.143800187	67.48718487
1.184461987	69.46827731
1.24966787	71.19957983
1.235478775	73.00840336
1.318831882	75.07563025
1.279810187	77.48739496
1.389403937	79.6407563
1.448420811	81.70798319
1.471859017	83.25840336
1.527659876	85.2394958
1.571982097	87.4789916
1.62216105	89.54621849
1.68724113	91.52731092
1.722674845	93.25
1.792898237	95.66176471
1.824664689	97.21218487
1.894331924	99.0210084
1.937273447	100.4852941
1.904901578	102.1218487
1.978810008	104.1890756
1.996539162	106.1701681
2.059138513	108.0651261
2.162273887	109.6155462
2.175961487	111.7689076
2.234941435	113.75
2.292315439	115.4726891
2.36280921	117.4537815
2.273700542	115.4726891
2.188347294	113.4054622
2.1503262	110.7352941
2.115991506	109.012605
2.087398676	106.4285714
2.006699947	104.1890756
1.906082216	101.9495798
1.794727975	99.96848739
1.828496966	97.64285714
1.675893294	95.57563025
1.690959889	93.50840336
1.603475975	91.26890756
1.572142983	89.37394958
1.502557794	87.6512605
1.502427901	85.67016807
1.353902708	84.03361345
1.349310111	81.96638655
1.242241187	79.98529412
1.162234	77.91806723
1.148248676	75.59243697
1.16373333	73.78361345
1.121944153	71.54411765
1.042487658	69.47689076
0.991338225	67.64222689
0.935210922	65.4802521
0.880666334	63.61113445
0.844720218	61.06155462
0.807754389	59.34747899
0.732999905	57.32331933
0.711868767	55.24747899
0.590132546	53.04243697
0.661704874	50.72542017
0.595894975	48.34810924
0.594436712	46.65987395
0.551459639	44.54957983
0.511031655	42.45651261
0.411445947	40.34621849
0.411976515	38.33928571
0.361024416	36.41848739
0.356031536	34.05840336
0.327283947	31.98256303
0.246738183	30.28571429
0.228221475	28.02037815
0.215523256	25.77226891
0.221422147	23.61029412
0.164735151	22.03403361
0.155560742	19.55336134
0.130749477	17.59810924
0.126665681	15.43613445
0.115030639	12.86071429
0.135911645	10.88823529
0.131178393	8.838235294
0.057034893	6.503991597
0.017496595	4.565966387
0.017957868	2.709768908
-0.051696061	0.953487395
-0.024454511	-1.242079832
-0.070840582	-3.546176471
-0.11853458	-5.84855042
-0.128852947	-7.75987395
-0.149489891	-9.706512605
-0.227628767	-11.65315126
-0.246038824	-13.86680672
-0.271650454	-16.28718487
-0.33278438	-18.56113445
-0.325018359	-20.42163866
-0.406684456	-22.50609244
-0.381870479	-24.67668067
-0.38724262	-26.61470588
-0.367574252	-28.74222689
-0.39516421	-30.52521008
-0.424299832	-32.46323529
-0.388850099	-34.30651261
-0.430556538	-36.29621849
-0.460539452	-38.14810924
-0.444871372	-40.00861345
-0.521156666	-41.75714286
-0.488336399	-43.66932773
-0.512678452	-45.125
-0.543715821	-47.23529412
-0.531557447	-49.28529412
-0.564721439	-50.98214286
-0.603674214	-52.63592437
-0.615293629	-54.46197479
-0.651894058	-56.27079832
-0.648170219	-58.31218487
-0.682589215	-60.51722689
-0.754386014	-62.57584034
-0.723235246	-64.4105042
-0.757664387	-65.95231092
-0.820659222	-68.04537815
-0.894107805	-69.80252101
-0.938483863	-71.35294118
-1.013767432	-73.07563025
-1.07862266	-75.05672269
-1.016693422	-76.69327731
-1.11574055	-78.32983193
-1.120903291	-80.22478992
-1.161014598	-81.86134454
-1.247301045	-83.84243697
-1.272772794	-85.82352941
-1.307220784	-87.54621849
-1.356745424	-89.26890756
-1.428132201	-90.81932773
-1.473493983	-92.54201681
-1.529278338	-94.43697479
-1.61581921	-96.50420168
-1.636654987	-98.57142857
-1.641609943	-100.2079832
-1.692641792	-102.0168067
-1.786702689	-103.4810924
-1.803633649	-105.289916
-1.823131487	-107.0987395
-1.861292044	-109.0798319
-1.950584296	-110.8886555
-2.047344691	-112.5252101
-2.091279947	-114.1617647
-2.095962796	-115.7121849
-2.168734294	-117.1764706
-2.204893725	-118.7268908
-2.273667048	-120.1911765
-2.165285422	-118.210084
-2.120182771	-116.5735294
-2.101581584	-114.9369748
-2.113837914	-113.0420168
-2.083808687	-110.8886555
-1.909559721	-109.3382353
-1.925731813	-107.0987395
-1.870622849	-105.1176471
-1.825780021	-103.0504202
-1.678310092	-100.9831933
-1.709074643	-98.91596639
-1.601607821	-97.0210084
-1.560373439	-95.21218487
-1.536374607	-93.23109244
-1.482654193	-91.25
-1.433780368	-89.35504202
-1.397787756	-87.54621849
-1.316494214	-85.22058824
-1.249148386	-83.2394958
-1.238150424	-81.25840336
-1.159793054	-79.44957983
-1.095748224	-77.38235294
-1.140516461	-75.65966387
-1.031292688	-74.02310924
-0.949539965	-72.04201681
-0.926499408	-69.97478992
-0.8924385	-67.73529412
-0.877484833	-66.34852941
-0.815732126	-64.00567227
-0.744345047	-62.24852941
-0.694764736	-60.37941176
-0.647733331	-58.23466387
-0.591426112	-56.07268908
-0.578031041	-53.92794118
-0.52367966	-52.36029412
-0.471492436	-50.3447479
-0.426101736	-48.26029412
-0.379331899	-46.26197479
-0.302388851	-44.0052521
-0.306432976	-42.09306723
-0.267951978	-39.86218487
-0.206979244	-37.95861345
-0.210775061	-35.74495798
-0.173990916	-33.86722689
-0.174135008	-31.94642857
-0.11394633	-29.75
-0.107630181	-27.94978992
-0.043873937	-25.83088235
-0.055214979	-23.75504202
-0.019498532	-21.9289916
0.045376622	-19.82731092
0.088238884	-17.41554622
0.069607074	-14.71092437
0.083484664	-11.95462185
0.144744517	-9.146638655
0.229316538	-6.407563025
0.283675326	-3.280882353
0.343942071	-0.737331933
0.390646563	1.899243697
0.423357513	3.902731092
0.450891099	5.991491597
0.484564002	9.096638655
0.560301887	12.99852941
0.579074107	16.07352941
0.604123599	19.25189076
0.576391931	22.74033613
0.584593723	25.62584034
0.642868887	28.95063025
0.637929099	32.26680672
0.667380819	35.71218487
0.711496679	38.80441176
0.752989914	42.03445378
0.74707617	44.63571429
0.770525616	46.65987395
0.774423578	48.6237395
0.805654374	51.26806723
0.927063773	53.48172269
0.898629897	55.66953782
0.96423095	57.31470588
1.047488351	59.20105042
1.022576418	61.19936975
1.098134561	62.98235294
1.100604332	65.34243697
1.180697668	67.15987395
1.200881557	69.2012605
1.201899882	71.19957983
1.259681	73.43907563
1.368309737	75.85084034
1.360145559	77.83193277
1.410546034	79.6407563
1.448163739	81.96638655
1.514942754	84.29201681
1.535092468	86.3592437
1.598872887	88.08193277
1.703904111	90.14915966
1.701874239	92.21638655
1.788595511	94.3697479
1.776770912	95.74789916
1.855075061	97.81512605
1.838397032	100.0546218
1.974185952	102.1218487
1.93464091	103.5861345
2.026158183	105.9117647
2.054451548	107.3760504
2.127887231	109.2710084
2.195878761	110.907563
2.249492523	112.5441176
2.278819275	113.8361345
2.300119973	115.4726891
2.359331023	117.2815126
2.372560534	119.1764706
2.491705637	120.9852941
2.517553824	123.052521
2.578141648	125.2058824
2.696799767	127.3592437
2.685225676	128.8235294
2.804582445	130.1155462
2.847059147	131.9243697
2.901831268	133.7331933
2.897751302	135.197479
2.928478076	137.2647059
3.044429582	139.2457983
3.142268216	141.3130252
3.185799904	143.0357143
3.229271703	144.5861345
3.350207363	146.3088235
3.409334173	148.2037815
3.543996268	150.2710084
3.607397643	152.5966387
3.732926736	154.1470588
3.863541441	155.6113445
3.872537144	157.5063025
3.996241487	159.7457983
4.13080978	161.2962185
4.249712847	163.105042
4.307513748	165.0861345
4.472689595	167.0672269
4.555659927	168.9621849
4.759838311	170.7710084
4.82692882	172.4936975
4.995376208	174.3886555
5.131755838	175.7668067
5.222625338	177.3172269
5.438930407	179.039916
5.489345099	180.4180672
5.658187942	181.9684874
5.764336155	179.8151261
5.84304608	177.7478992
5.903470668	175.3361345
6.08792551	173.8718487
6.201321833	172.2352941
6.493880115	168.8760504
6.641715812	160.8655462
6.771217304	158.7983193
6.8754561	156.3004202
6.998668761	154.3193277
6.879998334	152.2521008
6.907445121	150.7016807
6.848750587	148.8928571
6.779273971	147.2563025
6.695285833	145.6197479
6.651767538	144.1554622
6.577501936	142.2605042
6.482783591	140.2794118
6.435119547	138.7289916
6.338916121	137.0063025
6.238391642	135.1113445
6.106875371	133.302521
6.027522247	131.5798319
5.988839429	129.7710084
5.932708755	128.3067227
5.810410538	126.7563025
5.787385197	125.2058824
5.708023596	123.4831933
5.54273534	121.9327731
5.539970214	120.7268908
5.462967642	119.0903361
5.385117653	117.1953782
5.2852199	115.0420168
5.191674416	113.2331933
5.125601148	111.5966387
5.048921555	109.8739496
4.935847956	108.0651261
4.857090105	105.9978992
4.789031565	104.2752101
4.733014664	102.4663866
4.601719908	100.7436975
4.541653235	99.27941176
4.441362313	97.29831933
4.42299358	95.40336134
4.353122611	93.42226891
4.302103071	91.69957983
4.19010516	90.32142857
4.134568202	88.5987395
4.106155876	87.13445378
4.034482401	85.2394958
3.967849326	83.25840336
3.946883643	81.44957983
3.82801066	79.55462185
3.767375521	77.31512605
3.705641361	75.59243697
3.64480658	74.12815126
3.658995674	72.57773109
3.53719483	70.76890756
3.491772578	68.52941176
3.380622095	66.46218487
3.34378617	64.62752101
3.330854748	62.83592437
3.261216233	60.95819328
3.244631221	59.21827731
3.19285862	57.16827731
3.123185918	55.60063025
3.023977605	53.86932773
2.969507855	51.54369748
2.955819269	49.76071429
2.905103296	47.85714286
2.851278958	46.16890756
2.787621603	44.51512605
2.806356824	42.79243697
2.760032466	40.71659664
2.679213414	38.59768908
2.640316183	37.21092437
2.54154234	34.91113445
2.527315359	33.22289916
2.500887761	31.30210084
2.476145424	29.72584034
2.392483284	28.03760504
2.342130681	25.7894958
2.336518735	22.94705882
2.246467956	20.45777311
2.180040368	17.71008403
2.160363779	15.36722689
2.129299815	13.24831933
2.104287113	10.61260504
2.033553693	8.485084034
2.091471962	6.435084034
2.047371263	4.008676471
2.009701595	1.730420168
1.870090901	-0.777815126
1.840914569	-3.134453782
1.766010429	-5.671113445
1.728693368	-8.156092437
1.686276874	-10.43004202
1.630831975	-12.28193277
1.594342011	-14.79705882
1.528518687	-17.14852941
1.479036128	-19.25882353
1.449623729	-21.3605042
1.414387987	-23.64306723
1.367278926	-25.70168067
1.346280126	-28.09621849
1.341321139	-30.04285714
1.340428752	-32.37710084
1.300246294	-34.72857143
1.285330895	-36.4512605
1.252606887	-38.39789916
1.196681034	-40.72352941
1.163387456	-42.80798319
1.101122937	-45.2197479
1.125393313	-47.13193277
1.029194542	-49.06995798
1.01985437	-50.98214286
0.949936475	-53.04936975
0.918649489	-55.29747899
0.885393946	-57.02878151
0.829595785	-59.30273109
0.747190611	-61.50777311
0.676823334	-63.49747899
0.660555468	-65.22878151
0.550288886	-67.07205882
0.530907097	-69.37184874
0.475409732	-71.52521008
0.390823809	-73.16176471
0.323280488	-75.2289916
0.247276503	-77.12394958
0.252778509	-79.36344538
0.126477088	-81.51680672
0.060498116	-82.98109244
0.060704916	-85.13445378
-0.048951074	-86.94327731
-0.083339186	-89.0105042
-0.163714001	-91.33613445
-0.257169505	-93.05882353
-0.326892898	-94.95378151
-0.395979752	-96.93487395
-0.434019985	-99.17436975
-0.501056071	-101.5861345
-0.556654548	-103.5672269
-0.643069525	-105.2037815
-0.682848359	-106.5819328
-0.695561366	-108.3046218
-0.826563487	-110.3718487
-0.868932441	-112.3529412
-0.918448574	-114.0756303
-0.967971536	-115.8844538
-1.082913721	-117.5210084
-1.172998687	-119.6743697
-1.220856901	-121.6554622
-1.247052046	-123.0336134
-1.332608662	-124.4117647
-1.451868622	-126.3067227
-1.470279735	-127.9432773
-1.526473025	-130.0105042
-1.572179693	-131.9054622
-1.680008874	-133.8004202
-1.750008384	-135.6092437
-1.881249803	-137.4180672
-1.89024905	-139.3991597
-2.015421796	-141.2941176
-2.050738267	-142.8445378
-2.123646134	-144.7394958
-2.222418613	-146.4621849
-2.249848151	-148.5294118
-2.354183731	-150.0798319
-2.442642227	-151.802521
-2.506671511	-153.5252101
-2.605489109	-155.2478992
-2.647457414	-156.7983193
-2.781264712	-158.1764706
-2.801497824	-159.8130252
-2.922523716	-161.5357143
-3.002144305	-163.2584034
-3.084268851	-164.4642857
-3.11689913	-166.4453782
-3.235958071	-168.1680672
-3.326871315	-170.0630252
-3.370001536	-171.6995798
-3.452763288	-173.4222689
-3.568459897	-175.2310924
-3.650594025	-177.039916
-3.76187988	-178.8487395
-3.842219342	-180.2268908
-3.935613315	-181.7773109
-4.050640273	-183.5
-4.084482057	-185.2226891
-4.250420187	-186.9453782
-4.373006916	-188.4957983
-4.501555666	-189.960084
-4.63398945	-191.0798319
-4.672373914	-192.5441176
-4.827994324	-194.2668067
-5.002289408	-196.1617647
-5.308155471	-197.7121849
-5.511325074	-199.4348739
-5.517824113	-197.8844538
-5.521806887	-196.4201681
-5.425720233	-194.6113445
-5.400350626	-193.2331933
-5.371936924	-192.1134454
-5.2614848	-190.4768908
-5.247953086	-188.7542017
-5.189156357	-186.8592437
-5.121077303	-185.0504202
-4.997787733	-183.3277311
-4.916207401	-181.5189076
-4.868368326	-179.6239496
-4.839858918	-177.8151261
-4.775449866	-176.1785714
-4.674177519	-174.2836134
-4.608799338	-172.6470588
-4.544252174	-171.0105042
-4.441864395	-168.8571429
-4.456909111	-166.8760504
-4.247992166	-165.0672269
-4.188789321	-163.0861345
-4.15056996	-161.4495798
-4.076535727	-159.4684874
-3.951860347	-157.4012605
-3.862785513	-155.3340336
-3.823947086	-153.3529412
-3.728602574	-151.7163866
-3.640483183	-149.6491597
-3.575059882	-148.012605
-3.466414733	-145.7731092
-3.445920435	-143.7920168
-3.306502542	-142.2415966
-3.234385672	-140.605042
-3.155492542	-138.2794118
-3.103383563	-136.2121849
-3.026962956	-134.2310924
-2.965620874	-132.3361345
-2.884395706	-130.4411765
-2.830012471	-128.460084
-2.739115626	-126.9096639
-2.66304334	-124.5840336
-2.566480847	-122.5168067
-2.512741294	-120.7079832
-2.403407342	-118.5546218
-2.309883464	-116.6596639
-2.352782632	-115.1092437
-2.253298109	-113.1281513
-2.152453391	-111.0609244
-2.039748536	-108.907563
-2.031792609	-106.6680672
-1.939046422	-104.8592437
-1.819633315	-102.9642857
-1.745235359	-100.6386555
-1.667054273	-98.74369748
-1.613937889	-97.19327731
-1.635703166	-95.21218487
-1.523259485	-93.40336134
-1.410498931	-91.76680672
-1.413471937	-89.87184874
-1.306733571	-87.80462185
-1.257949998	-85.99579832
-1.131674128	-84.01470588
-1.072969015	-82.03361345
-1.019940143	-80.05252101
-0.977695628	-78.07142857
-0.868969796	-76.26260504
-0.897908246	-74.19537815
-0.767650979	-71.8697479
-0.694461435	-70.40546218
-0.611682261	-68.85504202
-0.599317941	-66.96008403
-0.475596431	-65.05651261
-0.432612528	-62.75672269
-0.361807889	-60.60336134
-0.269150289	-58.03655462
-0.214214227	-55.95210084
-0.075373779	-54.11743697
-0.041107853	-52.35168067
-0.028691178	-50.70651261
0.08088384	-48.66512605
0.100427088	-46.7012605
0.152794945	-44.4789916
0.211672682	-42.80798319
0.30826359	-41.04222689
0.363225945	-39.02668067
0.355215697	-36.62352941
0.442379549	-34.67689076
0.449344518	-33.12647059
0.497853854	-30.93004202
0.566763698	-28.90588235
0.641844474	-26.72668067
0.654111754	-24.72836134
0.681881897	-22.83340336
0.718351973	-20.9987395
0.72696213	-18.98319328
0.819774395	-16.91596639
0.838067729	-14.90903361
0.84668683	-12.37668067
0.909810767	-10.34390756
0.979808229	-8.225
1.041162926	-6.295588235
1.034035735	-4.038865546
1.135041181	-1.611596639
1.214836918	0.466827731
1.206449536	2.228277311
1.288879763	4.034516807
1.340933609	6.040588235
1.368134908	8.304201681
1.36518787	10.75903361
1.424535029	12.89516807
1.414377905	15.15189076
1.445882113	17.64978992
1.463883929	19.85483193
1.52133692	22.10294118
1.46812855	24.51470588
1.540906683	27.03844538
1.558701092	29.61386555
1.650595761	31.85336134
1.695675145	34.40294118
1.73072187	36.90084034
1.786522351	39.26953782
1.894924101	41.40567227
1.909232118	44.13613445
1.981833679	46.51344538
1.967853784	49.00273109
2.125450336	51.26806723
2.171084527	53.86932773
2.25552571	56.4447479
2.336739933	58.64978992
2.406288195	60.91512605
2.456792582	63.67142857
2.563668681	66.04012605
2.648448981	68.14180672
2.729645429	71.11344538
2.798376359	73.78361345
2.855698389	75.85084034
3.002028267	78.00420168
3.061836492	80.24369748
3.136320218	82.74159664
3.227724351	85.2394958
3.326574773	87.22058824
3.455992817	89.8907563
3.511643256	92.21638655
3.63959208	94.3697479
3.748805695	97.29831933
3.842574324	99.96848739
4.015278487	102.4663866
4.117934271	104.3613445
4.230697553	106.5147059
4.340731239	109.1848739
4.44421804	111.3382353
4.500797941	113.3193277
4.626516277	114.4390756
4.692527195	115.9894958
4.828851771	117.8844538
4.883113672	119.5210084
5.009319805	121.157563
5.105563695	122.8802521
5.274891868	124.6029412
5.311278286	126.5840336
5.457963693	128.0483193
5.578307626	130.2016807
5.698696865	132.0105042
5.826777788	133.9054622
5.988202144	135.4558824
6.147199382	137.6092437
6.335835326	139.2457983
6.402118624	140.6239496
6.681814698	142.9495798
6.745830855	144.5
7.010269729	145.8781513
7.179039543	147.6008403
7.282227989	147.6869748
7.369836608	149.3235294
7.423954864	147.1701681
7.312984228	145.1029412
7.183192879	142.7773109
7.05406271	140.8823529
6.975255629	138.8151261
6.833325287	136.9201681
6.749994232	135.0252101
6.645094821	133.302521
6.551368846	131.7521008
6.458570678	129.9432773
6.381411135	128.1344538
6.328839237	126.2394958
6.140113581	124.2584034
6.044870799	122.5357143
5.960982203	120.8991597
5.802130192	118.7457983
5.694897101	117.1953782
5.652789321	114.9558824
5.609118977	113.2331933
5.472877445	111.2521008
5.342650263	109.4432773
5.267596315	107.6344538
5.200379725	105.9978992
5.172496578	104.1029412
4.967358647	102.1218487
4.87884271	100.2268908
4.778297456	97.47058824
4.62402766	94.88655462
4.585250765	92.47478992
4.368493735	90.32142857
4.322528632	87.6512605
4.198937237	85.32563025
4.1182098	82.65546218
4.019299223	80.50210084
3.898663034	77.91806723
3.833511853	75.50630252
3.697080626	73.18067227
3.581847561	70.33823529
3.478796607	68.18487395
3.450316286	65.71281513
3.378326947	63.36134454
3.270994134	60.75147059
3.151758792	58.64978992
3.063725563	55.81596639
3.033291962	53.05966387
2.89836004	50.70819328
2.853802992	48.22752101
2.75509616	45.86743697
2.708687029	43.31785714
2.669181679	41.24201681
2.590973261	39.3039916
2.487721666	36.12563025
2.439640933	33.67941176
2.363094536	30.93172269
2.296333296	28.56302521
2.214419326	25.8842437
2.137747126	23.43802521
2.133479975	21.24159664
2.015913861	18.41638655
2.056545628	16.34915966
1.962408164	13.98046218
1.927399729	11.81848739
1.859003813	9.699579832
1.846696935	7.511764706
1.811622866	5.17407563
1.852890462	3.254138655
1.720329878	1.314390756
1.764477431	-0.588319328
1.754397439	-2.993193277
1.710916784	-5.122436975
1.641984357	-7.260294118
1.58455355	-9.232773109
1.531982574	-11.7737395
1.489291109	-14.08214286
1.45828246	-16.20966387
1.42525234	-17.78592437
1.374128569	-19.63781513
1.368508555	-21.74810924
1.336408647	-23.36743697
1.32448855	-25.31407563
1.310195139	-27.09705882
1.324064155	-29.34516807
1.289150063	-31.17983193
1.264636977	-33.2987395
1.222621256	-35.38319328
1.241768084	-37.50210084
1.179759521	-39.30231092
1.142246489	-41.25756303
1.101672508	-43.24726891
1.099505329	-45.27142857
1.01960423	-47.19222689
1.022883164	-49.15609244
0.973831966	-51.10273109
0.862297274	-52.81680672
0.824788511	-54.72037815
0.747774883	-56.59810924
0.721377332	-58.49306723
0.650689847	-60.11239496
0.633478934	-62.03319328
0.531718462	-63.86785714
0.513138489	-65.625
0.424561026	-67.59747899
0.402944967	-69.54411765
0.319364996	-71.43907563
0.24104454	-73.33403361
0.196804064	-75.05672269
0.102048126	-76.86554622
0.094736578	-78.58823529
-0.048039045	-80.56932773
-0.115236786	-82.55042017
-0.191727223	-84.87605042
-0.19946337	-86.68487395
-0.265083574	-88.23529412
-0.404083042	-90.21638655
-0.425438429	-92.11134454
-0.523601412	-94.26470588
-0.653655298	-96.33193277
-0.66698737	-98.48529412
-0.692287227	-100.0357143
-0.811719473	-101.8445378
-0.876568462	-103.9117647
-0.984575408	-105.8067227
-1.058785664	-107.7878151
-1.048656628	-109.5105042
-1.195717702	-111.3193277
-1.229351284	-113.0420168
-1.299699116	-114.6785714
-1.381260662	-116.8319328
-1.422220185	-118.5546218
-1.547528303	-120.4495798
-1.555093893	-122.0861345
-1.703249884	-124.2394958
-1.751885777	-126.3928571
-1.911737813	-128.3739496
-1.965555309	-130.0105042
-2.024505185	-131.9054622
-2.128193989	-133.6281513
-2.248197807	-135.4369748
-2.325068286	-137.0735294
-2.310675445	-138.9684874
-2.426592212	-140.6911765
-2.549698197	-142.5
-2.563259983	-144.394958
-2.683225145	-146.3760504
-2.761853363	-148.0987395
-2.836735013	-149.7352941
-2.964298601	-151.4579832
-3.040994055	-153.5252101
-3.063765336	-154.9033613
-3.177079321	-156.7983193
-3.324154433	-158.5210084
-3.368251042	-160.157563
-3.457104355	-161.6218487
-3.501783468	-163.6890756
-3.645668181	-165.4978992
-3.729972628	-167.4789916
-3.89520317	-169.2878151
-3.952897141	-170.6659664
-3.95706312	-172.3886555
-4.109677725	-173.8529412
-4.155719408	-175.4894958
-4.294339107	-176.9537815
-4.337722296	-178.5042017
-4.416057893	-180.3991597
-4.516693399	-182.1218487
-4.599970305	-183.5
-4.73299408	-185.1365546
-4.775280987	-186.8592437
-4.931262027	-188.4096639
-5.048933794	-190.3046218
-5.167584258	-191.9411765
-5.302151095	-193.5777311
-5.429329082	-195.1281513
-5.536551506	-196.7647059
-6.577580775	-192.8886555
-7.674383708	-176.8676471
-8.014509324	-172.5609244
-8.124426815	-170.0630252
-8.167055239	-167.9096639
-8.262656849	-166.1869748
-8.271251029	-164.2058824
-8.104381721	-160.4159664
-7.969254271	-157.4012605
-7.768013695	-153.8697479
-7.663295254	-150.5105042
-7.418999284	-147.5819328
-7.125379968	-144.1365546
-7.025221691	-140.6911765
-6.797604735	-137.0735294
-6.632235097	-133.9726891
-6.487172082	-130.6995798
-6.253772599	-127.4264706
-6.081749032	-124.1533613
-5.901572256	-120.7941176
-5.696684567	-117.6071429
-5.549367811	-113.9894958
-5.320303878	-110.2857143
-5.126136288	-107.1848739
-4.986804557	-104.0840336
-4.770760947	-100.7247899
-4.655047939	-97.27941176
-4.428295176	-93.83403361
-4.320627361	-90.81932773
-4.119488981	-87.11554622
-3.880690489	-84.10084034
-3.678407956	-81.08613445
-3.58950133	-77.46848739
-3.436758208	-73.93697479
-3.264967095	-70.66386555
-3.137155019	-67.90756303
-2.989567872	-65.1512605
-2.823588464	-62.18823529
-2.702834796	-59.87983193
-2.611690172	-57.02016807
-2.440543606	-54.08298319
-2.33497801	-51.28361345
-2.205238833	-48.30336134
-2.034831563	-45.44369748
-1.934035489	-42.56680672
-1.804995154	-39.54348739
-1.736448541	-36.65798319
-1.555137757	-34.19453782
-1.481612909	-31.03340336
-1.431720939	-28.13928571
-1.302229067	-24.97815126
-1.169910519	-22.07542017
-1.049776189	-18.62142857
-0.940777277	-14.65063025
-0.81762863	-10.44726891
-0.682154861	-5.899369748
-0.480216742	-1.696008403
-0.339013223	2.34197479
-0.282768336	4.181806723
-0.097492116	7.545357143
-0.006281187	12.41281513
0.116118613	16.8487395
0.210161195	21.74978992
0.34691708	26.41827731
0.495365721	31.42268908
0.662173721	36.4960084
0.787286397	41.29369748
0.963202754	45.82436975
1.176393693	51.15609244
1.394606233	56.57394958
1.629989055	61.57836134
1.821226019	66.84978992
1.993571901	71.71638655
2.277192718	76.79831933
2.488157273	81.53571429
2.780633786	86.61764706
3.025794935	91.78571429
3.219708181	96.26470588
3.551462084	100.8298319
3.790432861	105.2226891
4.078061422	110.4768908
4.354086931	114.8697479
4.677913237	119.4348739
4.805882576	121.4159664
4.974495952	123.3109244
5.13149533	125.5504202
5.219905966	126.9285714
5.431107103	128.6512605
5.555093315	130.3739496
5.74508946	132.1827731
5.798862654	133.6470588
5.979861714	135.6281513
6.23311868	137.6092437
6.400714263	139.4180672
6.561167044	141.1407563
6.715888075	142.9495798
7.009783613	144.4138655
7.247041529	145.9642857
7.430816506	143.7247899
7.743671426	145.3613445
8.217873868	146.2226891
8.377906848	147.4285714
8.986855274	148.5483193
9.433688334	148.8067227
9.929740542	149.4096639
10.4038079	149.1512605
10.80102855	148.7205882
11.2059282	148.1176471
11.61708634	147.2563025
11.86082746	145.7058824
12.26865964	144.5861345
12.75971285	143.3802521
13.2652442	142.4327731
13.26918321	140.710084
13.2062926	138.9012605
13.17167732	137.4369748
13.00208497	135.5420168
12.89717599	133.7331933
12.77472462	132.0966387
12.69638054	130.460084
12.53653725	128.3067227
12.38673473	126.2394958
12.33903787	124.4306723
12.10515432	122.6218487
11.99942472	120.5546218
11.76029257	118.4012605
11.69075524	116.2478992
11.46072217	114.0945378
11.34725742	111.855042
11.14902637	109.5294118
11.00150996	107.8067227
10.88684809	105.6533613
10.69036248	103.4138655
10.54756859	101.605042
10.41271597	99.45168067
10.2325925	97.55672269
10.10052144	95.66176471
9.893213174	93.59453782
9.816755653	91.18277311
9.62247866	89.11554622
9.452498611	87.13445378
9.395199824	84.98109244
9.226385794	82.91386555
9.120276063	81.10504202
8.97862358	79.46848739
8.787776282	77.31512605
8.651568937	75.50630252
8.567849368	73.18067227
8.445786351	71.6302521
8.267068191	69.3907563
8.161919382	67.22878151
8.000779994	65.22184874
7.892363195	63.30966387
7.735532013	60.98403361
7.61132154	58.84789916
7.43371062	56.78928571
7.331666061	54.83403361
7.269769185	52.79264706
7.10303834	50.68235294
6.978562603	48.47731092
6.819082496	46.32394958
6.793986384	44.45483193
6.601505408	42.71491597
6.589515756	40.89747899
6.410578828	38.63214286
6.31556659	36.94390756
6.246101737	34.70441176
6.097816218	32.46491597
6.003674651	30.28571429
5.908133235	28.60609244
5.772604126	26.66806723
5.769494788	24.8592437
5.621435878	22.7144958
5.497385408	20.58697479
5.389276279	18.62310924
5.281175345	16.52142857
5.16359383	14.19579832
5.143232555	11.99936975
5.03278591	9.932142857
4.908090393	7.847689076
4.820858084	5.732226891
4.763772611	3.876029412
4.717356651	1.853592437
4.62063317	-0.047394958
4.605167706	-2.230903361
4.433190622	-4.453172269
4.361683613	-6.261134454
4.298294275	-8.156092437
4.248630462	-9.93907563
4.123887086	-11.68760504
4.015938933	-13.77205882
3.96995233	-15.63256303
3.847827403	-17.45861345
3.759985611	-19.36218487
3.663759496	-21.50693277
3.609421393	-23.36743697
3.541871542	-25.35714286
3.468872071	-27.29516807
3.415722876	-29.44852941
3.327263395	-31.12815126
3.289158891	-32.99726891
3.223929779	-35.1592437
3.165971548	-37.60546218
3.074590716	-39.39705882
2.985221649	-41.36953782
2.907781966	-43.29894958
2.799025596	-45.43508403
2.676960806	-47.05441176
2.573154025	-48.9407563
2.4746549	-51.00798319
2.370761361	-52.86848739
2.300654791	-54.84096639
2.154400328	-56.4947479
2.093103296	-58.33802521
1.939235325	-60.23298319
1.933023731	-62.04180672
1.797126586	-64.09180672
1.668553269	-65.60777311
1.580158385	-67.55441176
1.411699054	-69.88865546
1.326601934	-71.69747899
1.191720931	-73.67857143
1.054293804	-75.4012605
0.973767889	-77.21008403
0.872286993	-79.53571429
0.68065962	-81.51680672
0.533770832	-83.49789916
0.370338061	-85.82352941
0.2659765	-87.80462185
0.136434017	-89.95798319
0.03428417	-91.59453782
-0.176989431	-93.31722689
-0.15909342	-95.03991597
-0.341653855	-97.10714286
-0.474822571	-99.00210084
-0.575242036	-100.8109244
-0.741307697	-102.447479
-0.922128168	-104.4285714
-0.969183721	-106.0651261
-1.189218674	-108.1323529
-1.331020202	-110.0273109
-1.538592366	-112.0084034
-1.634270151	-114.1617647
-1.838190101	-116.1428571
-2.025016349	-117.8655462
-2.180234746	-119.6743697
-2.293436966	-121.6554622
-2.510852714	-123.6365546
-2.659931326	-125.5315126
-2.812819414	-127.0819328
-2.934540952	-128.8046218
-3.179270029	-130.6995798
-3.37106767	-132.7668067
-3.471410189	-134.0588235
-3.657266311	-136.039916
-3.896434017	-137.8487395
-4.072942191	-139.3991597
-4.330060218	-141.552521
-4.523313395	-143.6197479
-4.8026698	-145.6008403
-5.041775975	-147.4096639
-5.275821868	-149.2184874
-5.52852404	-151.0273109
-5.819341309	-152.9222689
-6.146882384	-154.9033613
-6.510345349	-156.8844538
-6.885550487	-158.8655462
-7.397768019	-159.8130252
-8.042574515	-160.3298319
-8.65358095	-161.4495798
-9.28518663	-161.1911765
-10.00315671	-161.0189076
-10.65211963	-159.9852941
-11.41525665	-159.9852941
-12.07797966	-158.3487395
-12.47463832	-155.8508403
-12.5419079	-154.1281513
-12.46145357	-152.5777311
-12.38282808	-150.7689076
-12.24717727	-148.8739496
-12.17797595	-147.1512605
-11.98184961	-144.9978992
-11.85307523	-143.2752101
-11.71288102	-141.6386555
-11.59354176	-139.5714286
-11.43916121	-137.5903361
-11.29419835	-135.3508403
-11.13658501	-133.4558824
-10.95947418	-131.7331933
-10.86392866	-129.7521008
-10.7487913	-128.2878151
-10.58395183	-126.3928571
-10.36481079	-124.5840336
-10.29803586	-122.8613445
-10.15604737	-120.7079832
-9.941344424	-118.8991597
-9.756745937	-117.0042017
-9.656587647	-114.592437
-9.47640812	-112.6113445
-9.272393828	-110.6302521
-9.145537183	-108.907563
-9.04828725	-106.6680672
-8.891327525	-104.7731092
-8.764137242	-102.8781513
-8.587156319	-101.0693277
-8.426409008	-98.82983193
-8.252838277	-96.76260504
-8.098680611	-95.03991597
-7.964086065	-93.4894958
-7.900778761	-91.50840336
-7.737241687	-89.61344538
-7.515699235	-87.63235294
-7.401428443	-85.90966387
-7.260081889	-83.92857143
-7.139656275	-81.94747899
-6.948193649	-80.31092437
-6.84200908	-78.41596639
-6.688374761	-76.69327731
-6.56114755	-74.62605042
-6.419542926	-72.73109244
-6.266829863	-70.92226891
-6.104724086	-69.11344538
-5.960794254	-66.96008403
-5.851649	-65.35798319
-5.651274613	-63.23046218
-5.566684949	-61.1460084
-5.357829732	-58.94957983
-5.107587275	-56.9512605
-5.049775209	-55.03046218
-4.88882735	-53.07521008
-4.739420264	-51.00798319
-4.589476252	-48.77710084
-4.435775602	-47.11470588
-4.329015057	-45.37478992
-4.114177317	-43.4539916
-4.017939954	-41.56764706
-3.939493603	-39.70714286
-3.817874324	-37.70882353
-3.660389889	-35.90861345
-3.510618662	-34.22037815
-3.38388576	-32.36848739
-3.230725854	-30.59411765
-3.180988369	-28.71638655
-3.096826241	-26.87310924
-2.922828775	-24.88340336
-2.841817799	-23.0487395
-2.725779018	-21.4552521
-2.541526084	-19.18130252
-2.465883076	-16.90735294
-2.360287487	-14.89180672
-2.207070229	-12.94516807
-2.14571484	-11.26554622
-1.912898859	-9.405042017
-1.83515362	-7.467016807
-1.610203704	-5.339495798
-1.563055172	-3.235231092
-1.490331912	-1.498760504
-1.296395399	0.635651261
-1.118613225	2.490987395
-1.013010807	4.414369748
-0.877034553	6.216302521
-0.671033296	9.31197479
-0.571045758	11.12079832
-0.424018134	13.51533613
-0.283028473	15.8237395
-0.15028092	18.26995798
-0.02886171	20.10462185
0.098026506	22.73172269
0.283975868	24.91092437
0.379097424	26.94369748
0.518147662	29.03676471
0.658692475	31.68970588
0.808118534	33.7052521
0.91582259	35.93613445
1.041472063	38.34789916
1.202085183	40.47542017
1.37796621	42.87857143
1.564471422	44.97163866
1.674856158	47.09054622
1.803529334	49.75210084
2.050609601	51.91407563
2.157898658	53.90378151
2.347787761	55.95378151
2.4579117	58.28802521
2.637720662	60.52752101
2.77087159	62.45693277
2.984450529	64.75672269
3.212601412	66.6947479
3.375717321	69.20987395
3.523454889	71.37184874
3.77104892	74.04201681
4.003237618	76.45378151
4.186911744	78.43487395
4.36459004	80.7605042
4.605885672	82.82773109
4.808903504	84.89495798
4.945889525	86.53151261
5.159075023	88.85714286
5.488734821	90.83823529
5.655225372	92.21638655
5.808301792	93.59453782
5.958354998	95.57563025
6.276279464	98.07352941
6.506807151	99.71008403
6.74665409	101.9495798
7.003049128	103.6722689
7.143448445	105.0504202
7.388367597	106.6869748
7.671519794	108.6680672
7.8759248	110.2184874
8.190643832	111.855042
8.507351693	113.3193277
8.734198458	115.1281513
9.006116792	116.7647059
9.347898912	118.5735294
9.612806803	120.0378151
9.98001871	121.6743697
10.303763	123.3109244
10.77106794	124.947479
11.19071975	126.5840336
11.72148243	127.8760504
12.16723642	129.4264706
12.58311569	130.1155462
13.08651992	130.7184874
13.46617548	130.8907563
13.93623873	131.2352941
14.24330466	129.0819328
14.11749744	127.1869748
13.85288863	124.7752101
13.61742921	121.157563
13.35424898	118.1428571
13.03503305	115.0420168
12.83748671	111.855042
12.58732034	108.8403361
12.36920175	105.8256303
12.07623841	102.9831933
11.81014846	100.2268908
11.52948656	97.03991597
11.31383402	94.19747899
11.05377582	91.44117647
10.79851809	88.16806723
10.56365859	85.49789916
10.29297739	82.22478992
10.07483319	79.21008403
9.839686897	76.71218487
9.650199441	73.35294118
9.332816462	70.25210084
9.122144517	67.23739496
8.846795855	64.30882353
8.656031979	61.33718487
8.44706855	58.41722689
8.26770537	55.89348739
8.019837855	52.80987395
7.783106124	49.88991597
7.59820855	47.02163866
7.375779395	43.79159664
7.172566401	40.98361345
6.984622006	37.73634454
6.776273905	35.27289916
6.558870466	32.20651261
6.361515569	29.08844538
6.154769321	26.28046218
5.923269792	23.3605042
5.78956133	20.78508403
5.579939183	17.58088235
5.437481689	15.01407563
5.302556975	12.02521008
5.080824828	9.458403361
4.940097716	6.693487395
4.786513996	4.346323529
4.671149662	2.512521008
4.505108983	0.161911765
4.322380366	-2.161134454
4.07265938	-4.813214286
3.955652176	-7.31197479
3.793516328	-9.973529412
3.591566069	-12.66953782
3.439163416	-15.4
3.290428025	-17.52752101
3.113088847	-19.68088235
2.993419046	-21.79978992
2.880808924	-23.70336134
2.764203231	-26.01176471
2.634370239	-27.30378151
2.582963057	-29.43991597
2.460699034	-31.26596639
2.341139805	-33.32457983
2.167518611	-35.64159664
2.063987819	-37.44180672
1.972131193	-39.26785714
1.84159934	-41.37815126
1.740838281	-43.29033613
1.619151145	-45.08193277
1.522928774	-47.11470588
1.364348511	-48.98382353
1.240847497	-50.99936975
1.084014797	-53.03214286
0.948255954	-55.22857143
0.803407839	-57.0460084
0.676572015	-58.74285714
0.475212728	-61.08571429
0.345521968	-63.23907563
0.199423966	-65.46134454
-0.112632376	-67.52857143
-0.252072738	-69.88865546
-0.36972947	-71.95588235
-0.602157975	-74.1092437
-0.800653316	-76.5210084
-0.982410381	-78.58823529
-1.17390612	-80.48319328
-1.361876508	-82.46428571
-1.536393113	-84.61764706
-1.816879987	-87.11554622
-2.047975143	-89.35504202
-2.180135078	-91.25
-2.413769767	-93.23109244
-2.617674668	-95.38445378
-2.834554761	-97.62394958
-3.079735074	-99.2605042
-3.330862372	-101.5
-3.501830674	-103.2226891
-3.725236166	-105.2037815
-3.92075812	-107.012605
-4.12037533	-108.7352941
-4.345754237	-110.7163866
-4.603294792	-112.7836134
-4.903817899	-114.8508403
-5.088129231	-116.7457983
-5.37631809	-118.8130252
-5.6692787	-121.2247899
-5.983262433	-122.8613445
-6.259385048	-124.7563025
-6.538344908	-126.8235294
-6.832790139	-128.7184874
-7.115136947	-130.6134454
-7.422052809	-132.4222689
-7.652864912	-134.3172269
-7.951989912	-136.039916
-8.332764994	-137.8487395
-8.675353513	-139.9159664
-9.177977311	-141.8109244
-9.716314784	-144.394958
-10.3888626	-144.1365546
-11.07552429	-145.0840336
-11.69276585	-146.4621849
-12.36736129	-146.8928571
-12.88703295	-144.9978992
-12.75417701	-143.447479
-12.53998821	-141.1218487
-12.4001673	-138.5378151
-12.18180668	-136.1260504
-12.08575012	-133.9726891
-11.86944669	-132.0777311
-11.67394934	-129.9243697
-11.5045405	-127.512605
-11.35919341	-125.6176471
-11.14169834	-123.0336134
-10.90110754	-120.6218487
-10.78726165	-118.5546218
-10.55240624	-116.1428571
-10.39191874	-114.4201681
-10.18061951	-112.1806723
-10.0384693	-109.6827731
-9.813244538	-107.6155462
-9.62546695	-105.6344538
-9.497758786	-103.7394958
-9.322165038	-101.7584034
-9.10356412	-99.43277311
-8.938627563	-97.27941176
-8.805404158	-95.38445378
-8.600855574	-93.05882353
-8.417928689	-90.73319328
-8.239006796	-88.75210084
-8.088816855	-86.7710084
-7.866169903	-84.70378151
-7.691930884	-82.63655462
-7.53516396	-80.48319328
-7.350057162	-78.67436975
-7.15297537	-76.86554622
-7.020125256	-74.71218487
-6.862573811	-72.73109244
-6.658895897	-71.00840336
-6.540696668	-68.85504202
-6.356412681	-66.96008403
-6.167771265	-64.75504202
-5.935979101	-62.38634454
-5.776517843	-60.19852941
-5.618717532	-58.38970588
-5.409910569	-56.23634454
-5.280721374	-54.41029412
-5.119700552	-52.41197479
-4.956858519	-50.29306723
-4.752047293	-48.27752101
-4.612445276	-46.42563025
-4.465101045	-44.28088235
-4.275713398	-42.34285714
-4.138803394	-40.3789916
-3.983534973	-38.12226891
-3.85712343	-36.1842437
-3.610037395	-33.91029412
-3.499406626	-32.14453782
-3.298937293	-29.60357143
-3.125688953	-27.61386555
-2.985944461	-25.51218487
-2.824845997	-23.43634454
-2.70366069	-21.08487395
-2.456744805	-19.04348739
-2.351503278	-16.95903361
-2.160001707	-14.83151261
-2.028211826	-12.50588235
-1.816766305	-9.956302521
-1.649264246	-7.656512605
-1.415093914	-5.15
-1.244371737	-2.802836134
-1.064182641	-0.296323529
-0.866479044	2.017247899
-0.633995032	3.888088235
-0.522120809	5.851953782
-0.275921714	8.993277311
-0.079313981	11.71512605
0.110671786	13.62731092
0.298892651	16.70231092
0.548843168	19.02794118
0.739451092	21.67226891
0.951065376	24.72142857
1.165295931	27.15903361
1.328575248	29.95840336
1.538306786	32.57689076
1.754628548	35.11785714
1.963638597	37.84831933
2.211754794	40.09642857
2.387493105	42.76659664
2.619281166	45.075
2.906455777	47.84852941
3.032702548	50.5789916
3.261414069	52.93907563
3.492455521	55.24747899
3.808004193	57.70231092
4.020988672	60.25189076
4.183471845	62.82731092
4.502328134	65.51470588
4.695624702	67.87478992
4.943981376	69.78697479
5.215494958	71.45798319
5.35437683	73.09453782
5.527242359	74.9894958
5.734270296	76.45378151
5.909769689	78.26260504
6.167818555	80.15756303
6.362431548	81.79411765
6.528241502	83.94747899
6.785511313	85.49789916
6.989320496	87.39285714
7.209504128	89.28781513
7.522583017	91.18277311
7.716025889	92.81932773
7.926035025	94.45588235
8.190421931	96.26470588
8.418944754	97.9012605
8.674179239	99.79621849
8.966188508	101.605042
9.215377563	103.3277311
9.549416681	105.3088235
9.876610811	106.8592437
10.11953565	108.7542017
10.43175208	110.3046218
10.74572898	111.5105042
11.02146736	113.4915966
11.46632197	115.3865546
11.95441111	117.1953782
12.34621494	118.8319328
12.89991437	120.2962185
13.3366298	121.7605042
13.82539233	122.6218487
14.32441726	123.7415966
14.82476781	124.0861345
15.33993199	124.7752101
15.79931617	124
16.38715888	123.3109244
16.87432915	122.6218487
17.34132917	121.7605042
17.77206582	120.8991597
18.18775094	119.6071429
18.65235091	118.2289916
18.91801563	116.8508403
19.48772342	115.1281513
19.7785872	113.6638655
20.21783497	112.2857143
20.64953117	110.6491597
20.9308231	108.9264706
20.73678814	107.1176471
20.6806345	105.2226891
20.34570693	103.4138655
20.33600109	101.4327731
19.97511047	98.15966387
19.75813739	95.4894958
19.54936949	92.81932773
19.27676783	90.14915966
19.09779672	87.30672269
18.69313491	84.55042017
18.51445095	82.13865546
18.31156712	79.46848739
17.97715608	76.71218487
17.8031167	73.78361345
17.54182547	71.28571429
17.28526945	68.87394958
17.07798718	66.20378151
16.77474541	63.79201681
16.59258973	61.04432773
16.34052067	58.65840336
16.14913052	55.91932773
15.91531845	53.37836134
15.67024342	50.65651261
15.47046386	48.20168067
15.22901371	45.85021008
14.95140411	42.9302521
14.72638346	40.50987395
14.5196044	37.65882353
14.30270652	35.61743697
14.09361218	32.95588235
13.86431032	30.36323529
13.65329416	27.91701681
13.40942071	25.47079832
13.16547205	22.96428571
12.95123267	20.3802521
12.81470063	18.13214286
12.61201509	15.93571429
12.42945465	13.48088235
12.18435501	11.07773109
12.02601495	8.967436975
11.71996565	6.495378151
11.60574273	4.588361345
11.3516944	2.834663866
11.09020253	0.795
10.86235894	-1.422962185
10.72834454	-3.186995798
10.49367373	-5.091428571
10.19119733	-7.458403361
9.993381985	-9.784033613
9.815184458	-12.21302521
9.600431294	-13.84096639
9.376339739	-16.05462185
9.182537235	-18.1907563
8.957987968	-20.12016807
8.829586912	-22.12710084
8.630018924	-24.21155462
8.396492263	-26.37352941
8.18007709	-28.51827731
8.005985752	-30.24957983
7.783625956	-32.09285714
7.683474508	-33.95336134
7.436823611	-36.06365546
7.172212445	-38.52710084
7.007339174	-40.81827731
6.760306767	-42.64432773
6.579612111	-44.77184874
6.326154399	-46.75294118
6.125750609	-48.81155462
5.894671366	-50.81848739
5.697904951	-52.84264706
5.475440837	-54.73760504
5.247173524	-56.73592437
5.048731114	-58.80315126
4.809890808	-61.0512605
4.588617435	-62.77394958
4.340759083	-64.64306723
4.137473269	-66.82226891
3.937714415	-69.11344538
3.653224906	-71.00840336
3.490514393	-72.73109244
3.206294486	-75.14285714
2.902470272	-77.38235294
2.623292541	-79.70798319
2.325827508	-81.51680672
2.028476948	-83.15336134
1.777887602	-85.04831933
1.606154813	-86.7710084
1.340101601	-88.40756303
1.186731685	-89.95798319
0.992229387	-91.68067227
0.69171795	-93.57563025
0.465177126	-94.95378151
0.240480179	-96.8487395
-0.04322271	-98.65756303
-0.287961735	-100.4663866
-0.5025932	-102.2752101
-0.793471987	-104.1701681
-1.077137962	-105.6344538
-1.353394586	-107.1848739
-1.570314345	-108.907563
-1.811894405	-110.6302521
-2.130126176	-112.6113445
-2.375973414	-114.4201681
-2.75347095	-116.4012605
-3.071877746	-118.3823529
-3.436654044	-120.1911765
-3.848337242	-122.0861345
-4.093358941	-123.7226891
-4.471295038	-125.6176471
-4.867307624	-127.2542017
-5.173214716	-128.8046218
-5.480513086	-130.1827731
-5.918820798	-131.7331933
-6.23604654	-133.4558824
-6.523125445	-134.4033613
-6.801693239	-136.039916
-7.255707101	-137.5042017
-7.773312708	-139.2268908
-8.205088204	-140.5189076
-8.724100124	-141.9831933
-9.313304015	-143.2752101
-9.960982307	-144.8256303
-10.61580914	-146.5483193
-11.29954296	-147.1512605
-11.95767744	-147.6680672
-12.71392707	-148.3571429
-13.41009223	-148.6155462
-14.09718975	-148.7878151
-14.69942629	-148.5294118
-15.52604427	-148.012605
-15.88842328	-146.289916
-16.60132799	-145.0840336
-17.32456445	-144.2226891
-17.99837912	-143.1890756
-18.43282954	-141.552521
-18.97622968	-139.4852941
-18.83137858	-137.9348739
-18.74874399	-136.039916
-18.61498628	-133.8865546
-18.35807846	-131.9915966
-18.28756107	-130.1827731
-18.04756235	-128.0294118
-17.9180103	-126.4789916
-17.67193606	-124.4978992
-17.58542126	-122.3445378
-17.25034055	-120.7079832
-17.15119787	-118.8991597
-17.03447333	-117.1764706
-16.78186141	-115.1092437
-16.61053758	-113.1281513
-16.39074912	-111.3193277
-16.1504947	-109.5105042
-15.9502215	-107.5294118
-15.78380342	-105.5483193
-15.61554146	-103.4810924
-15.35739651	-101.6722689
-15.24472347	-99.86344538
-15.01008549	-98.05462185
-14.85954859	-96.76260504
-14.65846352	-94.69537815
-14.51200921	-92.71428571
-14.28087302	-90.99159664
-14.04459899	-89.09663866
-13.91610357	-87.28781513
-13.69102238	-85.6512605
-13.49203654	-83.58403361
-13.24591755	-81.34453782
-13.02155799	-79.27731092
-12.78457466	-77.12394958
-12.69496827	-75.57352941
-12.39379974	-73.59243697
-12.15040177	-71.52521008
-11.98663671	-69.71638655
-11.7917051	-67.73529412
-11.55018247	-65.72836134
-11.35169435	-63.79033613
-11.15849861	-62.1710084
-10.96489711	-60.52584034
-10.78478868	-58.38970588
-10.63059683	-56.44306723
-10.36474997	-54.22941176
-10.12104795	-52.08466387
-9.921739863	-50.42226891
-9.727717201	-48.07941176
-9.425981172	-46.15
-9.240783636	-44.0052521
-8.972053368	-41.94663866
-8.765260729	-39.87079832
-8.569771888	-38.32037815
-8.415606986	-36.4512605
-8.187167572	-34.72857143
-7.991382661	-32.81638655
-7.796616218	-31.20567227
-7.616135062	-29.04369748
-7.322447256	-27.06260504
-7.182527408	-24.97815126
-6.909457986	-23.32436975
-6.670159876	-21.54138655
-6.449566889	-19.80147059
-6.260701318	-18.13046218
-6.118165659	-15.95987395
-5.768939032	-14.03907563
-5.627032506	-12.03214286
-5.339832111	-10.37836134
-5.186811953	-8.793487395
-4.9262267	-6.743487395
-4.733145612	-4.779621849
-4.487572055	-2.840735294
-4.173618393	-0.770063025
-3.953486723	1.161071429
-3.713302029	2.964726891
-3.434376345	4.842457983
-3.242889113	6.781344538
-2.969537109	8.674579832
-2.726374334	11.29306723
-2.415631599	13.3947479
-2.146933748	15.17773109
-1.964810511	16.90903361
-1.758721971	18.8039916
-1.491728168	20.76785714
-1.289002958	22.70588235
-0.995259569	24.47163866
-0.780671483	26.67668067
-0.466558027	29.00231092
-0.164695103	31.28487395
0.15124067	33.00756303
0.397282834	35.18676471
0.684628811	37.15063025
0.93754666	39.2092437
1.261292876	40.94054622
1.52270046	42.87857143
1.758323158	44.96302521
2.078088237	47.05609244
2.395590496	48.86491597
2.697841271	51.08718487
2.992931183	52.64621849
3.243310874	54.56701681
3.548485042	56.80651261
3.892307954	58.70147059
4.204447811	60.64810924
4.439197542	62.36218487
4.853570681	64.14516807
5.251193326	66.68613445
5.525274771	68.26239496
5.928669742	69.99369748
6.19372905	71.54411765
6.514483943	73.26680672
6.796651989	74.73109244
7.184199582	76.71218487
7.608723975	78.69327731
7.98070762	80.24369748
8.399393055	81.8802521
8.665117912	83.60294118
9.198600603	85.75630252
9.752271311	87.56512605
10.27237268	89.63235294
10.78316711	91.69957983
11.37388297	93.76680672
12.01234083	95.05882353
12.61349647	96.95378151
13.28943806	98.33193277
13.96321752	100.3991597
14.53987146	101.2605042
15.21480975	102.2079832
15.91817405	103.3277311
16.43829456	103.8445378
16.91499868	104.7058824
17.55045622	104.6197479
18.293758	104.7920168
18.85555322	104.7920168
19.06871958	103.1554622
19.41177986	101.9495798
20.11283128	101.0021008
20.77121738	100.3991597
21.46096829	99.0210084
21.8737816	98.33193277
21.98112128	96.52310924
21.99785262	94.88655462
21.69688647	93.16386555
21.54910788	91.35504202
21.49820557	89.28781513
21.2192293	87.4789916
21.19326897	85.41176471
20.8360497	83.51680672
20.68006592	81.53571429
20.614148	79.29621849
20.35982929	77.4012605
20.17501885	75.24789916
19.99364084	73.35294118
19.84301645	71.45798319
19.60579516	69.56302521
19.3927218	67.64222689
19.19114895	65.35966387
19.05675539	63.73172269
18.84984505	61.475
18.69395973	59.43361345
18.44017668	57.03046218
18.19418997	54.97184874
18.03145009	53.21470588
17.87761513	51.08718487
17.60457316	48.88214286
17.36878318	46.84936975
17.25387282	44.66155462
16.99994483	42.76659664
16.79816822	40.64768908
16.59131258	38.49432773
16.44213414	36.53046218
16.22986443	34.67857143
16.01495811	32.72331933
15.83546775	30.25987395
15.61894453	28.37352941
15.44056003	26.26323529
15.22602391	24.35966387
14.99250546	22.44747899
14.87208121	20.87983193
14.66079803	18.76953782
14.42394186	16.61617647
14.21947806	14.45420168
14.01946739	12.43865546
13.73916237	10.1302521
13.50124273	8.390336134
13.3103339	6.529831933
13.13751897	4.645210084
12.82766157	2.773508403
12.63944678	0.640819328
12.40231439	-1.289453782
12.13977136	-3.187857143
11.94998442	-5.110378151
11.7172163	-7.208613445
11.42811303	-9.146638655
11.20179508	-11.11911765
11.03105376	-12.89348739
10.82480213	-14.62478992
10.54873147	-16.27857143
10.43274534	-18.07878151
10.12889681	-20.41302521
9.790180286	-22.54915966
9.574384166	-24.50441176
9.382220441	-26.2012605
9.109889515	-28.23403361
8.870511599	-30.15483193
8.649126397	-31.97226891
8.439060105	-33.70357143
8.122703368	-35.84831933
7.920888285	-38.28592437
7.619084184	-40.17226891
7.398010756	-42.1447479
7.086014673	-44.01386555
6.88372831	-46.12415966
6.609788793	-47.80378151
6.388244873	-49.5092437
6.116056933	-51.39558824
5.795766687	-53.29054622
5.577942358	-55.30609244
5.288045283	-57.2355042
5.046752575	-59.03571429
4.749855399	-60.85315126
4.492655732	-62.78256303
4.193072984	-64.59138655
3.957797862	-66.46911765
3.614931826	-68.42436975
3.352175425	-70.31932773
3.073692042	-72.30042017
2.746052092	-74.45378151
2.426806685	-76.26260504
2.075874258	-78.58823529
1.722661926	-80.31092437
1.424468254	-81.94747899
1.136382263	-83.67016807
0.879885414	-85.22058824
0.609425721	-86.85714286
0.286746269	-88.49369748
-0.035134989	-90.38865546
-0.362810074	-91.93907563
-0.67831225	-93.83403361
-0.995743088	-95.55672269
-1.44699866	-97.71008403
-1.808239342	-99.51890756
-2.190219731	-101.4138655
-2.58616258	-103.2226891
-3.077993815	-105.289916
-3.510037315	-106.9264706
-3.784224426	-108.7352941
-4.347304248	-110.8886555
-4.79074708	-112.5252101
-5.204729126	-114.5063025
-5.772833679	-116.487395
-6.253875078	-118.4684874
-6.796965162	-120.0189076
-7.28345892	-121.4831933
-7.865809618	-123.1197479
-8.467428805	-124.5840336
-8.900467036	-126.0483193
-9.542769548	-127.7710084
-10.2867232	-129.2352941
-10.90824051	-130.1827731
-11.6072802	-131.2163866
-12.24190672	-132.1638655
-12.93614049	-132.6806723
-13.62788806	-133.197479
-14.41005937	-133.6281513
-15.06953728	-133.9726891
-15.74134433	-133.8004202
-16.2984625	-133.4558824
-17.01818622	-133.3697479
-17.77540597	-132.5084034
-18.44755041	-131.8193277
-19.18739142	-130.7857143
-19.84000382	-129.7521008
-20.13809372	-127.8571429
-20.29649634	-125.9621849
-20.13810295	-124.0672269
-19.98710797	-122.1722689
-19.75249186	-119.8466387
-19.70109082	-118.1239496
-19.55231302	-115.9705882
-19.27014498	-113.8172269
-19.05024266	-111.8361345
-18.85267307	-109.9411765
-18.645466	-107.960084
-18.46102749	-106.0651261
-18.13456765	-103.9978992
-18.01964188	-102.1029412
-17.69747346	-100.2079832
-17.63020901	-98.22689076
-17.33315488	-96.8487395
-17.27136055	-95.03991597
-17.03956701	-93.74789916
-16.89461746	-91.85294118
-16.65326849	-90.04411765
-16.48843448	-88.23529412
-16.20330029	-86.42647059
-16.04958256	-84.70378151
-15.8998753	-83.06722689
-15.73234726	-81.34453782
-15.44348327	-79.36344538
-15.20323021	-77.38235294
-15.09299414	-75.57352941
-14.89401961	-73.93697479
-14.62601604	-71.78361345
-14.43800872	-69.71638655
-14.09144665	-67.30462185
-13.90099963	-65.41827731
-13.70729421	-63.55777311
-13.49107829	-62.00735294
-13.2951256	-60.07794118
-13.05224998	-57.98487395
-12.9156027	-56.45168067
-12.66352543	-54.75483193
-12.497013	-52.85987395
-12.27052276	-50.98214286
-12.05100605	-48.6737395
-11.79877153	-46.81323529
-11.62635314	-45.41785714
-11.38555623	-43.93634454
-11.19991261	-41.96386555
-11.01968608	-39.77605042
-10.71059629	-38.00168067
-10.54316221	-36.01197479
-10.24053413	-34.24621849
-10.13571035	-32.34264706
-9.838664325	-29.90504202
-9.543963265	-27.63970588
-9.258239982	-25.46911765
-9.026776292	-23.61722689
-8.744460565	-21.74810924
-8.567709567	-20.1460084
-8.368921289	-18.33718487
-8.092442553	-16.24411765
-7.856814038	-14.42668067
-7.563060806	-12.35945378
-7.341912555	-10.13718487
-6.98995096	-7.811554622
-6.69698702	-5.95105042
-6.352289834	-4.081932773
-6.155308229	-2.118928571
-5.892383794	-0.329915966
-5.585808204	1.478907563
-5.24559573	3.522016807
-4.962437542	5.380798319
-4.665057683	7.654747899
-4.390196608	10.00105042
-4.035369274	12.04243697
-3.822652132	13.61869748
-3.530332924	15.5394958
-3.289755196	17.31386555
-2.936110972	19.67394958
-2.575665924	22.47331933
-2.173924769	24.77310924
-1.851457269	26.46995798
-1.573512643	28.51134454
-1.234661124	30.19957983
-1.031974204	32.37016807
-0.666520036	34.51491597
-0.317019153	36.43571429
-0.038092855	38.32205882
0.35508492	40.40651261
0.657305109	42.17226891
0.991231235	44.06722689
1.350224334	46.13445378
1.675146595	47.49537815
2.044894729	49.33865546
2.382874214	51.26806723
2.756326525	53.39558824
3.129131742	55.18718487
3.526415269	57.26302521
3.983742239	59.59726891
4.470661265	61.71617647
4.895385275	63.24936975
5.125899303	64.91176471
5.609119618	66.91869748
6.013957815	68.57247899
6.49340558	70.33823529
6.900479744	72.14705882
7.444240855	74.47268908
8.128420435	76.36764706
8.694153284	78.17647059
9.168506958	79.98529412
9.785584805	81.79411765
10.4279803	83.17226891
10.91603997	85.06722689
11.60325817	85.92857143
12.14775458	87.73739496
12.88965278	89.02941176
13.46646398	89.63235294
14.13351158	90.40756303
14.75922908	91.09663866
15.1706767	91.78571429
15.72219175	92.38865546
16.37455566	92.47478992
17.05322684	92.47478992
17.76813132	92.47478992
18.53901581	92.47478992
19.07142273	91.78571429
19.80501183	91.69957983
20.517024	90.83823529
21.27963493	89.8907563
21.76637074	88.42647059
22.098339	86.78991597
22.66147255	86.18697479
23.24869037	84.72268908
24.02045509	83.68907563
24.46360942	81.96638655
25.10452206	80.50210084
25.98447525	79.21008403
26.55932226	77.57352941
27.23921692	75.76470588
28.00637499	74.47268908
28.52403532	72.57773109
28.94680883	70.85504202
29.20068626	69.13235294
29.68039111	67.60777311
29.76307323	65.40273109
29.72361163	63.56806723
29.55677512	61.71617647
29.42837542	59.88151261
29.0728291	57.74537815
28.99488869	55.7987395
28.81040642	53.98991597
28.62581749	52.18970588
28.27174624	50.19138655
28.21509659	48.39117647
27.84053786	45.97941176
27.67001532	43.89495798
27.37638642	41.99138655
27.22393727	39.86386555
27.12132287	38.13256303
26.90257017	36.17731092
26.58161974	34.42878151
26.47171184	32.68886555
26.32447027	30.77668067
26.08317053	28.92478992
25.88360799	27.07289916
25.71173347	25.22962185
25.57024917	23.33466387
25.23386569	21.52584034
25.00799899	19.32079832
24.81646388	17.23634454
24.56665266	15.46197479
24.46722557	13.7737395
24.15163586	12.16302521
23.90942443	10.30252101
23.78361524	8.64012605
23.5337411	6.745168067
23.26748295	5.074159664
23.00978884	3.271365546
22.74801783	1.378130252
22.57013518	-0.428970588
22.38426037	-2.265357143
22.17574701	-4.406659664
21.85281332	-6.140546218
21.7354528	-7.751260504
21.46798751	-9.646218487
21.30133023	-11.44642857
21.00415957	-13.30693277
20.81571946	-15.0210084
20.68496133	-16.79537815
20.37584369	-18.74201681
20.08406874	-20.83508403
19.80584934	-22.82478992
19.55583934	-24.56470588
19.25839479	-26.38214286
19.0454739	-28.56995798
18.7359771	-30.43907563
18.44152256	-32.23928571
18.2599204	-33.92752101
17.99808648	-35.60714286
17.72055375	-37.54516807
17.39350572	-39.56071429
17.09118091	-41.35231092
16.79430084	-43.23004202
16.48805657	-45.09054622
16.18896712	-46.84768908
15.80128151	-48.72542017
15.60914873	-50.58592437
15.30471739	-52.32584034
14.98795424	-54.35861345
14.66570141	-56.33970588
14.29200651	-58.28634454
13.83183509	-60.71533613
13.53988089	-62.71365546
13.199408	-64.34159664
12.82723327	-66.22794118
12.4285581	-68.16596639
12.14473077	-69.88865546
11.78494328	-72.04201681
11.41019721	-74.1092437
10.97512914	-75.91806723
10.53606971	-77.81302521
10.15427492	-79.53571429
9.753480015	-81.43067227
9.267695574	-83.2394958
8.821787061	-85.30672269
8.269885038	-87.37394958
7.827347063	-89.26890756
7.316337943	-90.99159664
6.831302838	-92.80042017
6.274268435	-94.95378151
5.703929292	-96.8487395
5.115740092	-98.74369748
4.43833042	-100.552521
3.952139172	-101.8445378
3.402389876	-103.6533613
2.799766708	-105.4621849
2.081227792	-107.0987395
1.401687317	-108.5630252
0.724109704	-110.2857143
-0.088529775	-111.5777311
-0.768470534	-112.6113445
-1.503248515	-113.9033613
-2.214664857	-114.6785714
-2.968710962	-115.8844538
-3.772203487	-116.7457983
-4.397966107	-117.262605
-5.053391504	-117.6071429
-5.535562021	-117.8655462
-6.066304185	-118.0378151
-6.659983101	-118.1239496
-7.184993968	-118.2962185
-7.769187191	-118.210084
-8.334433632	-118.210084
-8.825630414	-117.8655462
-9.246614723	-118.1239496
-9.86922387	-117.8655462
-10.44966916	-117.5210084
-11.10556631	-117.0903361
-11.80465214	-116.9180672
-12.21231393	-115.1092437
-12.73990709	-114.3340336
-13.34805095	-113.1281513
-13.64535943	-112.9558824
-14.37355461	-111.4915966
-14.73021052	-111.4054622
-14.99008003	-111.0609244
-15.3415735	-110.3718487
-15.62448779	-110.0273109
-15.93203777	-109.5105042
-16.2135782	-108.6491597
-16.37931296	-107.8739496
-16.697501	-107.6155462
-17.09840394	-106.8403361
-17.28578364	-106.4096639
-17.67108026	-105.6344538
-17.89049854	-104.8592437
-18.56277425	-103.3088235
-19.09020431	-101.2415966
-20.03726161	-99.51890756
-20.71817014	-97.79621849
-21.22832366	-95.9012605
-21.88399384	-93.74789916
-22.14006483	-91.93907563
-22.26752552	-90.21638655
-22.56064577	-88.32142857
-22.64346188	-86.7710084
-22.8075606	-85.04831933
-22.95943547	-83.2394958
-23.23848834	-81.34453782
-23.23585995	-79.79411765
-23.72191004	-78.07142857
-23.72191	-78.07143
-23.72191	-78.07143
-23.72191	-78.07143
-23.72191	-78.07143
-23.72191	-78.07143
-23.72191	-78.07143
-24.47541	-69.98752
-23.52891485	-67.69222689
-23.59195281	-65.5302521
-23.5251796	-65.08235294
-23.45725405	-64.43634454
-23.46997664	-63.49747899
-23.28904438	-62.11932773
-23.2147835	-60.88760504
-23.03725013	-58.94096639
-22.82292732	-57.14936975
-22.7805857	-56.21911765
-22.58217278	-54.66008403
-22.42592647	-52.92878151
-22.24402611	-51.26638655
-21.95717109	-49.63844538
-21.76114319	-47.81239496
-21.56348881	-45.95189076
-21.29321645	-44.27226891
-21.09371683	-42.53235294
-20.81089516	-40.99915966
-20.64178303	-39.37121849
-20.38847821	-37.62268908
-20.12621239	-35.69327731
-19.88148467	-33.9447479
-19.61945678	-32.33403361
-19.43204528	-30.50798319
-19.14926911	-28.82836134
-18.80082212	-27.00231092
-18.69453462	-25.34852941
-18.45141423	-23.27268908
-18.16726966	-21.4552521
-17.80521474	-19.14684874
-17.54657106	-17.27773109
-17.32623564	-15.35693277
-17.15842181	-13.40168067
-16.81190486	-11.26554622
-16.4323802	-9.301680672
-16.18875388	-7.527310924
-15.93795748	-5.847689076
-15.65280824	-4.06039916
-15.4160898	-2.054327731
-15.02289705	0.116260504
-14.61992871	2.164537815
-14.23618063	4.546155462
-13.90174633	6.422163866
-13.90175	6.42216
-13.90175	6.42216
-13.90175	6.42216
-13.90175	6.42216
-13.90175	6.42216
-13.90175	6.42216
-13.90175	6.42216
-13.90175	6.42216
-12.54739445	17.85651261
-12.26057498	20.45777311
-12.02007989	22.30966387
-11.70370292	24.54054622
-11.35015911	26.4355042
-11.00406842	28.71806723
-10.54324747	30.52689076
-10.24289801	32.50798319
-9.823045185	34.46323529
-9.289850647	36.46155462
-8.751890191	38.24453782
-8.324236931	40.02752101
-7.833772342	41.8105042
-7.157692279	43.7657563
-6.559602244	45.50567227
-5.973693309	47.40063025
-5.330590861	49.06302521
-4.70853108	50.86323529
-4.075182746	52.64621849
-3.501411874	53.83487395
-3.174091607	53.98130252
-2.418105882	54.46365546
-1.63103838	54.92878151
-0.852011981	54.99768908
-0.081062223	54.78235294
0.664400685	54.23970588
1.439398851	53.97268908
2.213513977	52.00882353
2.879256981	50.14831933
3.380632206	48.26197479
3.787723893	46.55651261
4.076518172	44.73046218
4.596662437	43.025
5.183201826	41.27647059
5.607441847	39.39012605
6.055567137	37.55546218
6.522110336	35.82415966
7.046839431	34.07563025
7.402651265	32.37016807
7.785100872	30.69054622
8.228487542	28.89894958
8.652112021	27.04705882
8.945248569	25.43634454
9.368925742	23.6447479
9.594652168	21.49138655
9.89018662	19.76869748
10.03404007	18.17521008
10.18147155	16.29747899
10.40239645	14.4197479
10.63778795	12.43004202
10.90264936	10.48340336
12.09333986	8.347268908
13.16393541	5.987184874
