"Bayrak and Sheikh 1996, AS4-HT"	
3008	
0	0
0.907858289	24.10042017
1.051769652	27.75596639
1.30577094	31.3012605
1.442221396	35.14285714
1.636206742	38.73466387
1.776977174	42.37815126
1.948253573	46.03886555
2.039699958	48.93298319
2.209823299	52.04243697
2.339633268	55.17773109
2.57057145	58.94180672
2.640847005	61.62058824
2.85512086	65.04012605
2.985732446	67.11596639
3.096912322	69.74306723
3.194533008	71.68970588
3.276737943	72.85252101
3.320974876	73.29180672
3.381948674	73.69663866
3.560149087	75.62605042
3.574491801	76.28928571
3.568550428	76.65105042
3.712773633	79.54516807
3.875508713	82.60294118
3.998410549	84.62710084
4.011821147	84.32563025
4.310391985	87.82268908
4.492781155	90.42394958
4.270369885	86.87521008
4.158317897	83.2144958
3.915044142	80.12226891
3.846101104	77.38319328
3.719051404	74.13592437
3.550757574	70.55273109
3.483828158	66.96092437
3.402590561	63.48970588
3.393797295	61.51722689
3.337402376	58.35609244
3.28377558	56.61617647
3.216135701	53.2052521
3.054850833	49.78571429
2.983021385	47.12415966
2.922512921	45.09138655
2.849699218	41.50819328
2.774347789	38.83802521
2.639534612	35.74579832
2.574100342	32.0592437
2.463300389	28.85504202
2.352500581	25.28735294
2.18618664	21.76186975
2.125180056	18.64035714
1.979465047	15.09936975
1.910919784	12.33445378
1.747785451	8.923529412
1.636569863	6.046638655
1.436186654	2.980252101
1.377789999	1.438445378
1.380467592	1.154201681
1.399143209	1.214495798
1.379458612	1.016386555
1.2313156	-2.472058824
1.059100204	-5.951890756
0.864575329	-9.405882353
0.731353869	-12.99768908
0.599450248	-15.61617647
0.409322985	-19.13046218
0.201846019	-22.41218487
0.031201667	-24.84117647
-0.018502128	-27.09789916
-0.150276133	-29.23403361
-0.292720369	-31.51659664
-0.454945046	-33.95420168
-0.592574342	-37.39957983
-0.815779596	-40.11281513
-0.984048659	-43.59264706
-1.009916969	-46.16806723
-1.250433072	-49.09663866
-1.554050325	-51.93907563
-1.61857942	-54.26470588
-1.805348939	-57.79621849
-2.052963714	-61.24159664
-2.173459026	-64.17016807
-2.460657308	-67.0987395
-2.248635766	-63.56722689
-2.158996048	-59.94957983
-1.985172158	-56.50420168
-1.831825505	-53.05882353
-1.655477235	-49.61344538
-1.564796831	-46.08193277
-1.366371138	-42.55042017
-1.195872031	-38.95861345
-1.165148335	-35.36680672
-1.045256877	-32.48130252
-0.790844122	-28.86365546
-0.565197253	-25.17710084
-0.467054893	-21.76617647
-0.416880469	-18.01071429
-0.205604229	-14.50504202
-0.036566949	-10.70651261
0.114858646	-7.579831933
0.236314942	-3.824369748
0.396022152	-0.086134454
0.593467969	3.626260504
0.735388131	7.235294118
0.914380774	11.11995798
1.069032438	14.86680672
1.207042786	18.8289916
1.34565735	21.60941176
1.440128856	24.53712185
1.5489393	27.5957563
1.716888749	31.50798319
1.917099574	35.15147059
2.034639441	38.57962185
2.201729783	42.32647059
2.388674701	46.28004202
2.512804191	50.05273109
2.829945534	53.53256303
2.91117742	56.375
3.092203362	59.52752101
3.365470281	63.23130252
3.520520938	66.98676471
3.676553975	69.92394958
3.874802336	71.86197479
3.924341328	74.91113445
3.942266112	76.59936975
4.068072498	79.38151261
4.212494159	82.06890756
4.372130667	85.09222689
4.516820958	87.28865546
4.6410151	90.7512605
4.840990199	92.79264706
5.005154201	95.00630252
5.203875555	98.27941176
5.393787041	101.3802521
5.590927025	104.7394958
5.751565117	107.0651261
5.912797545	109.5630252
5.890191211	105.9453782
5.684724885	102.4138655
5.481601776	98.79621849
5.360558012	95.35084034
5.206932126	91.90546218
5.038810522	88.30504202
4.878170086	84.75630252
4.722742801	81.21617647
4.646918928	79.02836134
4.522797817	76.10840336
4.373388993	72.60273109
4.3042276	69.52773109
4.224231225	65.9789916
4.153973701	62.64558824
4.033171969	59.46722689
4.025312453	57.8737395
3.938746559	54.73844538
3.800552231	51.41365546
3.707048179	47.78739496
3.541743727	44.47983193
3.295888636	41.15504202
3.211972417	38.38151261
2.925685802	34.79831933
2.863178719	31.14621849
2.7076949	28.51911765
2.521503451	25.48804622
2.380990945	22.48367647
2.283900106	19.37939076
2.039225945	15.4697479
1.888917358	11.85210084
1.828194014	9.121638655
1.611976261	5.305882353
1.426707437	1.567647059
1.210948551	-2.27394958
0.948672276	-6.089705882
0.836870907	-9.78487395
0.56938421	-13.42836134
0.508379689	-17.34747899
0.170731631	-21.05987395
-0.019299622	-24.27268908
-0.171857634	-28.01092437
-0.312088883	-31.72331933
-0.588197311	-35.51323529
-0.74917048	-39.4237395
-1.001480195	-43.23088235
-1.153630504	-46.85714286
-1.317034131	-50.81932773
-1.472072421	-54.52310924
-1.739182177	-58.1407563
-1.997779857	-61.5
-2.165663039	-65.11764706
-2.253321304	-67.70168067
-2.567904259	-71.31932773
-2.692505862	-74.76470588
-3.007336927	-77.69327731
-3.286550083	-81.48319328
-3.453792106	-84.2394958
-3.664217811	-87.7710084
-3.298704404	-35.4012605
1.324296931	17.90735294
1.558877114	24.61464286
1.704008658	25.625
1.214792648	16.71869748
-3.969053245	-88.97689076
-3.881846737	-85.3592437
-3.733310251	-81.56932773
-3.490569311	-77.77941176
-3.283342221	-74.42016807
-3.164744912	-70.97478992
-2.916133553	-67.18487395
-2.791678799	-63.99789916
-2.57914818	-60.29411765
-2.421563867	-56.8487395
-2.307249891	-53.31722689
-2.05382747	-49.69957983
-1.905819383	-45.90966387
-1.758740797	-42.72268908
-1.613880344	-39.09642857
-1.411698428	-35.81470588
-1.325247584	-33.02394958
-1.122368581	-29.5355042
-0.908954736	-26.10735294
-0.86196748	-22.67058824
-0.6868432	-19.77647059
-0.52861168	-16.05546218
-0.335467839	-12.40336134
-0.180587281	-8.785714286
-0.033836606	-5.882983193
0.097110585	-2.62710084
0.213384669	0.060294118
0.379164824	3.944957983
0.650482627	7.932983193
0.824626585	11.49894958
0.974598702	15.23718487
1.07802659	19.04432773
1.247094419	22.58703782
1.428697655	26.30201681
1.476987943	30.18581933
1.736326836	33.87668067
1.95726807	37.53739496
2.109142334	41.23256303
2.277274528	45.23781513
2.447944563	48.22668067
2.635940316	52.14579832
2.923277257	55.24663866
3.059024396	57.80483193
3.244777913	61.53445378
3.429792002	64.30798319
3.558364179	67.56386555
3.732883591	69.87226891
3.869400413	73.09369748
3.983175624	75.40210084
4.081071222	78.42542017
4.228914493	81.65546218
4.420523944	84.73046218
4.674761183	87.66764706
4.740597265	90.24306723
4.934790749	92.39642857
5.095454378	95.09243697
5.295315468	98.10714286
5.557243874	100.605042
5.660914756	103.7920168
5.967427959	106.5483193
5.766493175	102.8445378
5.625022662	100.0021008
5.509272816	96.47058824
5.341727038	93.71428571
5.16989546	89.75210084
4.949262444	86.53067227
4.814921403	84.09306723
4.715124899	82.01722689
4.536389972	78.29621849
4.523874545	75.76386555
4.368092868	72.97310924
4.31444062	69.7947479
4.290470678	66.71113445
4.106415182	63.85147059
4.010088447	60.79369748
3.936726156	58.01155462
3.859836031	55.28109244
3.790512871	52.38697479
3.659119959	50.45756303
3.565154545	46.87436975
3.377638865	43.91134454
3.242872725	41.08613445
3.10758694	38.65714286
2.972391401	35.51323529
2.819658657	32.84306723
2.602215269	28.97563025
2.425996855	25.47340336
2.235217696	21.54136555
2.133159988	18.4655042
1.879789976	14.73760504
1.696581771	10.93907563
1.598748367	7.424789916
1.371366171	3.436764706
1.167453332	-0.378991597
0.903788305	-4.160294118
0.698946111	-7.812394958
0.554776346	-11.53340336
0.294055774	-15.29747899
0.099583864	-18.81176471
-0.141048914	-22.62752101
-0.321138383	-25.46995798
-0.444568999	-28.40714286
-0.558063719	-32.19705882
-0.731801869	-35.92668067
-0.895575635	-39.49264706
-1.146100591	-43.08445378
-1.336589364	-45.90966387
-1.555899126	-48.83823529
-1.674665242	-52.62815126
-1.950420877	-56.41806723
-2.017351906	-59.94957983
-2.217341589	-62.44747899
-2.505646493	-66.1512605
-2.764359139	-69.16596639
-2.862112404	-72.69747899
-3.158343875	-76.2289916
-3.329077867	-79.07142857
-3.493130326	-82.43067227
-3.725234228	-85.53151261
-3.973029937	-88.8907563
-3.808303502	-85.27310924
-3.656468026	-81.65546218
-3.448324079	-78.38235294
-3.314304906	-75.02310924
-3.066051225	-71.23319328
-2.810320749	-67.52941176
-2.773089993	-63.82563025
-2.487819393	-60.12184874
-2.280440876	-56.24579832
-2.135708424	-52.71428571
-1.963374873	-49.52731092
-1.858540637	-45.6512605
-1.606097756	-41.77521008
-1.422886807	-38.18340336
-1.347813666	-34.40210084
-1.069601268	-31.20651261
-0.916599515	-27.50273109
-0.877264174	-24.47941176
-0.66109525	-20.80147059
-0.49653999	-16.92542017
-0.227150778	-13.20441176
-0.111727388	-9.397268908
0.081480577	-5.486764706
0.264310266	-2.463445378
0.400245919	0.697689076
0.533368802	4.341176471
0.760957962	8.286134454
0.843232353	12.17941176
1.012261694	16.01239496
1.280082284	19.30273109
1.402654259	23.21495798
1.500316431	27.03932773
1.724207337	31.05147059
1.831102519	33.61827731
1.976998819	36.98613445
2.14655939	41.02584034
2.337392396	44.7210084
2.517285758	48.04579832
2.754813513	51.87016807
2.955641058	55.88403361
3.150305004	59.19159664
3.303413637	61.83592437
3.489509209	64.42857143
3.585284188	66.93508403
3.826790457	69.71722689
3.847702952	72.64579832
4.054942174	75.61743697
4.215212759	78.67521008
4.315320146	82
4.586387925	84.59264706
4.683526001	87.76239496
4.864809998	90.53592437
5.112028546	93.54201681
5.318262714	96.21218487
5.469786602	99.1407563
5.618892284	101.6386555
5.774620855	103.3613445
5.984437792	106.8067227
6.140303721	109.3046218
6.393755189	112.6638655
6.619914393	115.592437
6.969572434	118.1764706
7.165004384	121.5357143
7.379534979	123.947479
7.600201415	126.5315126
7.897833714	128.8571429
8.088673153	131.6134454
8.283866529	133.3361345
8.627100794	135.7478992
8.894508119	137.6428571
9.218073038	138.3319328
9.458110256	138.8487395
9.722015087	135.0588235
10.2602411	122.052521
10.50432739	121.2773109
10.85736933	122.3970588
11.16672737	124.2058824
11.48803618	126.2731092
11.84092097	127.8235294
12.15712306	128.4264706
12.60742011	130.0630252
12.91129207	131.0105042
13.23298499	130.4936975
13.59071892	130.2352941
13.93571042	130.9243697
13.7468818	127.2205882
13.52565247	123.8613445
13.50404441	123
13.47511622	122.1386555
13.42662837	120.9327731
13.40566664	119.9852941
13.36772764	119.1239496
13.11966523	116.1953782
12.88029849	113.0084034
12.63074996	110.0798319
12.42115808	107.8403361
12.10967765	104.3088235
11.86077075	101.6386555
11.55958072	98.53781513
11.35792034	95.69537815
11.13517637	93.71428571
10.97096006	90.69957983
10.64821004	88.09831933
10.44010446	84.97163866
10.23867617	82.24117647
10.04270915	80.01890756
9.780733435	77.43487395
9.643666372	75.60021008
9.384460008	72.80945378
9.175581745	70.04453782
9.0186829	68.27016807
9.087727564	66.75420168
8.792933447	64.23046218
8.55249971	61.62920168
8.430908249	58.60588235
8.342791634	56.26302521
8.180907992	53.81680672
8.08003792	51.98214286
8.007718764	50.27668067
7.84538148	48.29558824
7.657774956	44.63487395
7.623002142	42.64516807
7.393641783	40.37983193
7.248825412	37.74411765
6.937634239	35.34957983
6.718712695	33.18760504
6.57756942	30.50882353
6.268469588	26.84035714
5.971142129	24.18913866
5.73427551	20.52411765
5.563710308	18.07359244
5.30761413	14.28109244
5.107512397	10.99936975
4.739603714	7.932983193
4.694802324	4.832142857
4.338494354	1.231722689
4.141719371	-1.455672269
3.828266832	-5.142226891
3.584410342	-8.77710084
3.307769632	-12.42920168
3.038476696	-16.17605042
2.735988546	-19.18214286
2.694997856	-21.97289916
2.398660626	-25.13403361
2.100063497	-28.82058824
1.95286654	-31.10315126
1.628521957	-34.77247899
1.469924322	-37.95084034
1.25844762	-40.94831933
0.960991813	-44.66932773
0.623348176	-48.32142857
0.599850738	-50.73319328
0.280800684	-53.66176471
0.164781201	-55.98739496
-0.013143215	-59.43277311
-0.276248336	-63.05042017
-0.347503953	-65.80672269
-0.541987675	-68.47689076
-0.813962176	-72.00840336
-1.047311617	-75.71218487
-1.30560649	-79.32983193
-1.643588844	-82.68907563
-1.894966651	-86.39285714
-2.132098819	-89.40756303
-2.377845404	-91.73319328
-2.591867414	-95.00630252
-2.850911025	-97.41806723
-3.087212656	-100.1743697
-3.320820933	-102.5861345
-3.644710636	-105.342437
-3.917302487	-108.1848739
-4.231906534	-110.9411765
-4.347503795	-112.2331933
-4.553470768	-114.7310924
-4.911962723	-116.7983193
-5.213039876	-119.5546218
-5.515521885	-121.6218487
-5.797464041	-122.8277311
-5.872749847	-124.2920168
-6.105704938	-125.9285714
-6.47295811	-127.8235294
-6.851168732	-129.5462185
-7.119386148	-130.5798319
-7.309208102	-131.0966387
-7.669023635	-132.2163866
-8.031578492	-133.5084034
-8.383928108	-134.8865546
-8.61285364	-136.0063025
-8.942056986	-137.039916
-9.279484663	-137.8151261
-9.651273629	-138.5042017
-9.941830417	-138.8487395
-10.18633861	-139.0210084
-10.38985391	-139.6239496
-10.78997027	-140.0546218
-10.96518457	-139.9684874
-11.32474329	-139.710084
-11.69840551	-137.039916
-11.84707891	-133.5945378
-11.60933784	-130.0630252
-11.44756173	-126.789916
-11.23843116	-124.2058824
-10.99205393	-121.1911765
-10.81215317	-119.5546218
-10.52374332	-116.1953782
-10.34926714	-114.1281513
-10.00612581	-111.1995798
-9.772927445	-108.012605
-9.552034791	-105.8592437
-9.269375513	-102.8445378
-9.05395466	-100.7773109
-8.78897733	-98.27941176
-8.67429405	-96.47058824
-8.427561937	-94.14495798
-8.142090225	-90.87184874
-7.788556172	-87.85714286
-7.510682209	-85.10084034
-7.235569422	-82.86134454
-7.055675813	-79.93277311
-6.829885333	-77.5210084
-6.705870708	-75.62605042
-6.426321333	-72.78361345
-6.22773819	-70.88865546
-5.955142779	-68.13235294
-5.620986034	-65.11764706
-5.333740335	-61.84453782
-5.08633116	-59.08823529
-4.7719486	-55.64285714
-4.640885654	-53.40336134
-4.284293535	-50.64705882
-4.074589453	-47.63235294
-3.862746301	-45.39285714
-3.697893898	-42.89495798
-3.340366222	-40.13865546
-3.143762934	-38.13172269
-2.892069972	-34.4710084
-2.749337429	-32.57605042
-2.424748204	-29.89726891
-2.280864019	-27.43382353
-2.083060535	-23.9539916
-1.753275726	-21.29243697
-1.638051828	-19.18214286
-1.35810113	-16.08130252
-1.060395638	-12.50672269
-0.952486374	-10.57731092
-0.67777196	-8.380882353
-0.452074203	-5.512605042
-0.300864448	-3.583193277
-0.047443113	-1.033613445
0.082746831	1.47289916
0.27253726	3.944957983
0.543738363	7.140546218
0.695309186	9.285294118
0.96331618	12.33445378
1.099655931	14.76344538
1.387147141	18.32941176
1.693778483	20.88846639
1.732160258	23.12107143
1.991862276	25.67065126
2.293013857	29.16254202
2.57861718	33.06701681
2.83489302	36.52962185
3.120720887	39.16533613
3.292697555	41.66323529
3.518143066	44.30756303
3.734369424	47.11554622
3.99088123	50.225
4.245729632	52.80042017
4.487817851	55.49642857
4.753814344	57.96848739
4.998023259	60.61281513
5.310884443	63.10210084
5.562821385	65.6947479
5.835337723	68.16680672
6.050874757	70.00147059
6.260184004	72.3012605
6.450394636	74.46323529
6.603716691	76.06533613
6.790708917	77.83109244
7.009728711	79.95861345
7.289099016	82.30147059
7.506469157	84.26533613
7.74107671	86.3842437
8.043158521	88.59789916
8.235241603	90.56176471
8.569152002	92.40504202
8.907228555	94.83403361
8.954823601	96.12605042
9.133632026	97.33193277
9.453274397	99.31302521
9.678323539	101.4663866
10.01911864	103.447479
10.25285289	105.4285714
10.54647938	107.4957983
10.72811008	108.5294118
11.03753577	110.5966387
11.25460236	112.6638655
11.57355611	114.3865546
11.82014908	115.6785714
12.10651757	117.4012605
12.32914981	118.6932773
12.6609783	120.3298319
12.95695882	121.7079832
13.30030879	123.1722689
13.68494356	124.3781513
14.00994201	125.842437
14.26495871	126.4453782
14.25046254	122.8277311
14.00346452	119.2962185
13.70760282	115.9369748
13.52751271	113.697479
13.35924847	111.9747899
13.13309185	109.5630252
12.87176946	106.4621849
12.70251748	103.8781513
12.41022024	101.2941176
12.22020435	99.48529412
12.10285702	97.67647059
11.80393217	95.00630252
11.53246294	92.16386555
11.26981609	89.79516807
11.0091302	87.88298319
10.90858332	85.2644958
10.69436753	83.37815126
10.55447544	81.21617647
10.28097295	79.00252101
10.06341821	76.58214286
9.820956923	74.23067227
9.712512075	72.45630252
9.606799098	70.75084034
9.508885626	69.12289916
9.309056817	67.72752101
9.242086118	66.4355042
9.1014679	64.26491597
9.018407078	62.64558824
8.872268163	60.60420168
8.81528627	58.75231092
8.616500349	57.12436975
8.573357135	55.72037815
8.301323404	52.94684874
8.012634439	50.45756303
7.777613609	48.01134454
7.550266515	45.59096639
7.356455196	43.03277311
7.040178751	40.79327731
6.740012891	37.78718487
6.416173517	34.6605042
6.156040885	31.75777311
5.815328755	28.34684874
5.624697855	26.12371849
5.386494657	23.27697479
5.141459934	20.08913866
4.851364823	17.02878151
4.520879552	13.60063025
4.233706416	10.57731092
4.093825239	8.337815126
3.787704421	5.090546218
3.568238088	2.704621849
3.311140142	0.525420168
3.043169046	-2.60987395
2.804524536	-5.081932773
2.601687619	-4.892436975
2.369211788	-7.416176471
2.189215151	-10.00021008
1.98389171	-12.82542017
1.771158877	-15.22857143
1.505105502	-18.23466387
1.181352605	-21.74033613
0.948644022	-24.95315126
0.662422709	-28.00231092
0.499772124	-29.94033613
0.231316738	-32.87752101
-0.018181978	-35.28928571
-0.267350555	-38.26092437
-0.387227886	-40.37983193
-0.603895135	-42.7657563
-0.929691372	-45.4789916
-1.272070755	-48.32142857
-1.500592574	-51.93907563
-1.724980245	-54.26470588
-2.066438883	-57.27941176
-2.328643197	-60.55252101
-2.55148894	-63.30882353
-2.85293695	-65.46218487
-3.111212094	-68.47689076
-3.442379058	-70.80252101
-3.692137224	-73.47268908
-3.993526775	-76.05672269
-4.302606314	-78.72689076
-4.639554923	-81.48319328
-4.783535144	-83.20588235
-4.982497642	-84.92857143
-5.284745654	-87.51260504
-5.602106772	-90.35504202
-5.917327944	-93.02521008
-6.259196189	-95.09243697
-6.549933346	-97.76260504
-6.837426437	-100.0882353
-7.165998387	-101.8970588
-7.431550165	-104.7394958
-7.68840569	-106.7205882
-8.024617344	-109.0462185
-8.351057734	-111.2857143
-8.718680084	-113.697479
-9.004735334	-115.8508403
-9.325000522	-118.0042017
-9.640928751	-119.7268908
-9.909730135	-121.2773109
-10.1859286	-122.8277311
-10.51438443	-124.7226891
-10.85245797	-126.1869748
-11.17520118	-127.737395
-11.45121886	-128.8571429
-11.75126741	-130.5798319
-11.60689146	-127.0483193
-11.30074823	-123.4306723
-10.89488912	-118.9516807
-10.65213818	-116.1092437
-10.27874792	-113.5252101
-10.02011392	-110.4243697
-9.676323148	-107.4096639
-9.34144688	-104.0504202
-9.066599012	-101.552521
-8.714033616	-98.45168067
-8.359824994	-95.26470588
-8.123592302	-92.42226891
-7.906077743	-89.83823529
-7.566805565	-87.16806723
-7.352913096	-85.18697479
-7.01220146	-82.08613445
-6.756418386	-79.58823529
-6.50805494	-76.2289916
-6.273314453	-74.24789916
-6.02347823	-72.26680672
-5.715471731	-69.42436975
-5.350003262	-65.89285714
-5.007140844	-62.36134454
-4.679440807	-58.82983193
-4.409989744	-55.7289916
-4.122939608	-52.62815126
-3.852421523	-49.61344538
-3.490168714	-47.02941176
-3.088550488	-43.75630252
-2.806914928	-40.10420168
-2.563503562	-37.0894958
-2.333463123	-34.79831933
-2.11043024	-31.74915966
-1.834118225	-29.4407563
-1.644268863	-26.11596639
-1.358523078	-22.98928571
-1.039183422	-19.83676471
-0.836153024	-16.89096639
-0.569148266	-13.95378151
-0.268563156	-11.64537815
-0.086101299	-9.078571429
0.129326726	-6.528991597
0.346498449	-3.479831933
0.712561111	-0.241176471
0.940845671	2.540966387
1.201166414	6.115546218
1.493803769	9.552310924
1.771317856	13.16134454
1.954298231	15.95210084
2.216078825	18.24327731
2.494667501	21.52672269
2.73632363	24.63703782
2.991103211	27.63107143
3.281837998	31.23235294
3.611561625	34.49684874
3.818861242	37.51155462
4.068926472	40.46596639
4.431356843	43.47205882
4.61773023	46.48676471
4.801568379	48.96743697
5.115681657	52.20609244
5.489356772	54.91071429
5.830325631	58.08907563
5.996018081	60.44915966
6.362303329	62.9039916
6.59070226	65.21239496
6.867287648	67.59831933
7.09496011	69.57941176
7.34756989	71.76722689
7.562079809	73.95504202
7.800146965	76.01365546
8.03067825	78.21008403
8.277276137	79.97584034
8.530454645	81.50903361
8.796315504	83.75714286
9.043953636	85.9105042
9.345462134	87.97773109
9.521535903	90.23445378
9.731309143	92.24138655
10.03828952	94.14495798
10.2686493	96.12605042
10.64139878	98.27941176
10.91071718	100.4327731
11.19214162	102.8445378
11.42668034	105.0840336
11.77072421	106.9789916
12.09963488	109.5630252
12.32784498	111.6302521
12.62507905	113.7836134
12.99251051	115.5063025
13.34862869	117.9180672
13.65060566	119.3823529
14.02382033	121.105042
14.36234587	122.9138655
14.73148265	124.3781513
15.10799015	125.4978992
15.29141317	126.3592437
15.66798549	127.4789916
15.94890239	128.6848739
16.32369702	129.8046218
16.70991758	130.7521008
17.03257087	131.6134454
17.34733303	132.302521
17.64022029	132.5609244
18.01640983	132.9915966
18.38642658	133.5945378
18.70820246	134.1113445
19.02603849	134.5420168
19.34388349	134.8865546
19.75685259	135.4033613
20.1586979	136.0063025
20.368287	136.0063025
20.69534612	136.3508403
21.07012927	136.7815126
21.34764399	136.6953782
21.69270954	136.6953782
22.05901206	136.4369748
22.13261819	135.2310924
22.40026387	135.8340336
22.72644108	135.4894958
22.8212162	135.144958
22.95657462	135.2310924
22.92557464	131.4411765
22.72027458	129.2016807
22.45883586	126.0147059
22.17635469	124.0336134
21.96612689	121.8802521
21.98375303	122.3970588
21.89276539	120.5882353
21.78911775	119.6407563
21.6273874	117.487395
21.27865378	115.2478992
20.97779206	112.8361345
20.82927561	110.9411765
20.53847301	108.8739496
20.32568366	106.8928571
20.18096813	105.342437
19.87755825	103.2752101
19.65985044	101.2941176
19.3561113	98.53781513
19.10096659	96.64285714
18.87824426	94.74789916
18.61307434	92.68067227
18.38212718	90.50147059
18.10622907	88.37394958
17.82309055	86.12584034
17.64486295	84.06722689
17.32719914	81.57794118
17.09053852	79.55378151
16.78087029	77.50378151
16.59863618	76.01365546
16.40283401	74.06701681
16.09614955	71.96533613
15.90865473	69.96701681
15.67873404	68.34768908
15.44170553	66.09096639
15.24613337	64.28214286
14.9582642	62.18046218
14.90797172	60.32857143
14.65889125	58.49390756
14.51143831	57.08130252
14.27061611	54.39390756
13.78433118	51.08634454
13.40878148	48.04579832
12.99852206	45.11722689
12.60611637	42.28340336
12.18270937	39.66491597
11.78771384	36.67605042
11.43864584	33.85084034
11.01031906	30.99117647
10.59029822	27.93081933
10.3004144	26.09271008
10.08329792	23.35621849
9.736114074	20.20455882
9.442223096	17.55592437
9.140301199	14.47058824
8.729032128	11.77457983
8.412534873	9.181932773
8.109477088	6.184453782
7.853890718	3.29894958
7.420732112	0.46512605
7.044152635	-2.62710084
6.765927502	-5.667647059
6.424749602	-8.432563025
6.060613471	-10.86155462
5.756700084	-13.83319328
5.433536775	-16.64978992
5.15104737	-19.19936975
4.802802967	-22.22268908
4.470028302	-25.10819328
4.145643481	-28.19180672
3.803243529	-30.92226891
3.453647755	-33.825
3.21897362	-36.24537815
2.901402515	-39.26869748
2.594850276	-42.00777311
2.270267082	-44.60042017
1.96117465	-47.46008403
1.666765931	-50.30252101
1.375878634	-52.80042017
1.026391187	-55.29831933
0.710614338	-58.22689076
0.419847464	-60.98319328
0.01968355	-63.48109244
-0.374055675	-66.75420168
-0.64250748	-69.59663866
-0.920601073	-71.92226891
-1.216264242	-74.59243697
-1.654800112	-77.00420168
-1.957879704	-80.19117647
-2.323467147	-83.03361345
-2.70672907	-85.44537815
-2.933715391	-88.20168067
-3.398479359	-90.44117647
-3.60774913	-92.93907563
-4.072247485	-95.43697479
-4.458366108	-97.76260504
-4.789361983	-100.605042
-5.040655417	-102.7584034
-5.447391874	-105.0840336
-5.834714786	-107.4957983
-6.245038631	-110.2521008
-6.660476838	-112.5777311
-6.967610357	-114.9033613
-7.29137227	-117.0567227
-7.77969114	-119.3823529
-8.168721281	-121.7941176
-8.591379433	-124.1197479
-8.947644131	-126.2731092
-9.329104	-128.2542017
-9.806516732	-130.407563
-10.20694685	-132.6470588
-10.58732794	-134.4558824
-11.03851675	-136.2647059
-11.43214299	-137.9012605
-11.91271241	-139.7962185
-12.45710038	-141.2605042
-12.967825	-142.552521
-13.51142416	-144.0168067
-14.02596988	-144.9642857
-14.63182123	-145.7394958
-15.32882758	-146.5147059
-15.97694298	-147.0315126
-16.63432525	-147.4621849
-17.37641106	-147.6344538
-18.14136878	-147.6344538
-18.68628988	-146.7731092
-19.07571379	-145.8256303
-19.51412151	-144.2752101
-19.9725109	-142.7247899
-20.41435525	-141.5189076
-20.86659888	-140.8298319
-20.84316523	-137.1260504
-20.63072918	-133.5945378
-20.31310418	-130.5798319
-20.0840027	-128.3403361
-19.73316269	-125.9285714
-19.37833255	-123.6890756
-19.16146909	-121.5357143
-18.83994941	-119.4684874
-18.47896486	-117.1428571
-18.18586712	-114.644958
-17.89135375	-112.5777311
-17.55858898	-110.2521008
-17.25376962	-107.8403361
-16.89318753	-105.4285714
-16.51896429	-103.0168067
-16.26025393	-101.1218487
-15.91861043	-98.71008403
-15.6460437	-96.9012605
-15.42386626	-95.43697479
-15.08743147	-92.93907563
-14.75115842	-90.61344538
-14.53433705	-88.80462185
-14.23318392	-87.5987395
-14.06564353	-85.61764706
-13.72363345	-83.20588235
-13.45097484	-81.48319328
-13.18306419	-79.32983193
-12.83637853	-77.17647059
-12.59087914	-75.53991597
-12.38962805	-73.90336134
-12.08099936	-71.66386555
-11.75711983	-69.25210084
-11.46963793	-67.18487395
-11.20134853	-65.63445378
-10.9795203	-63.91176471
-10.64699217	-61.5
-10.42600384	-59.86344538
-10.04143714	-57.10714286
-9.817548575	-55.03991597
-9.390543896	-52.88655462
-9.115799001	-50.56092437
-8.822527422	-48.23529412
-8.433528625	-46.08193277
-8.199298168	-43.75630252
-7.800868587	-41.52542017
-7.496820277	-38.92415966
-7.187946583	-36.4262605
-6.891516492	-34.03172269
-6.548944281	-32.20567227
-6.078087565	-28.37268908
-5.736617212	-26.21932773
-5.44513133	-24.1262605
-5.24343212	-22.12794118
-4.894539606	-20.17268908
-4.609831601	-17.94180672
-4.483651164	-16.56365546
-4.184466358	-14.38445378
-3.833325605	-11.98130252
-3.56638416	-9.474789916
-3.194829826	-7.140546218
-2.834940242	-4.806302521
-2.519056676	-2.179201681
-2.120470899	0.611554622
-1.89842381	2.799369748
-1.562724602	5.469537815
-1.208631329	8.079411765
-0.839233421	10.63760504
-0.573084551	12.99768908
-0.342289337	15.53865546
0.026239598	18.27773109
0.313124424	20.74978992
0.632473693	23.25113445
0.904010741	25.4277521
1.266376328	27.75079832
1.535236059	30.17031513
1.761770697	31.93865546
2.16177849	34.31596639
2.427720111	36.17647059
2.619850028	38.22647059
2.936337632	40.38844538
3.268150017	42.99831933
3.573666835	45.39285714
3.878107887	47.67542017
4.196941539	49.97521008
4.562491779	52.0855042
4.899840637	54.06659664
5.303583238	56.34054622
5.569669227	58.46806723
5.91243935	60.13907563
6.177825607	61.99957983
6.438800321	63.79978992
6.766977996	65.44495798
6.971779497	67.0987395
7.417194717	68.7697479
7.719784344	70.85420168
7.988342422	72.34432773
8.134936175	74.10147059
8.572775484	75.6605042
8.899915337	77.22815126
9.11938318	79.17478992
9.438647912	80.76827731
9.681132181	82.29285714
10.11311307	83.93802521
10.40866254	85.43676471
10.71608764	87.125
11.0085646	88.7960084
11.35318601	90.66512605
11.7187464	92.42226891
12.00165962	93.71428571
12.44617919	95.09243697
12.8270253	97.07352941
13.14547061	98.53781513
13.46833178	100.0882353
13.77659732	101.7247899
14.23392651	103.447479
14.52875465	105.0840336
14.91941553	106.4621849
15.36120429	108.1848739
15.65017755	109.9936975
16.04959087	111.2857143
16.39792351	112.4054622
16.79890163	113.9558824
17.1755834	115.5063025
17.55924089	116.7983193
17.83683886	118.1764706
18.20263377	119.1239496
18.54226889	120.2436975
18.8792709	121.5357143
19.22188233	122.6554622
19.62419262	123.3445378
19.87106425	124.0336134
20.26730075	125.0672269
20.6741275	126.0147059
21.05118388	126.789916
21.39281806	127.3928571
21.78380601	128.1680672
22.15458738	128.8571429
22.49238114	129.460084
22.82922766	129.7184874
23.03942253	130.3214286
22.94728091	126.5315126
22.54614888	123.4306723
22.35333798	120.7605042
22.09783919	118.7794118
21.80216843	116.1092437
21.45298685	113.697479
21.17196602	111.0273109
20.91416686	109.1323529
20.67871378	107.237395
20.40618362	104.9978992
20.0858305	102.8445378
19.7974961	100.605042
19.521178	98.71008403
19.29020086	96.47058824
19.02134554	94.40336134
18.69768962	93.02521008
18.50685601	90.61344538
18.20593154	88.76155462
17.86982595	86.59096639
17.53794736	84.19642857
17.33748179	82.80966387
17.16743657	80.96638655
16.90806604	79.36428571
16.69804222	77.21092437
16.39843847	75.2987395
16.20768266	73.64495798
15.97034374	71.99978992
15.74927487	69.8894958
15.45458131	68.08067227
15.27311128	66.51302521
15.08040191	64.90231092
14.76388386	63.11932773
14.54970756	61.2157563
14.40489939	59.80315126
14.22561373	58.40777311
13.98446764	56.62478992
13.74122025	54.72121849
13.57026621	53.0157563
13.26059591	51.56869748
12.99003817	48.90714286
12.51852257	46.28004202
12.05472312	43.36869748
11.63051954	40.83634454
11.16569329	38.26953782
10.82815422	35.46155462
10.30685603	32.73970588
9.951841719	29.64747899
9.589606916	26.77403361
9.235808791	25.20207983
8.90000275	22.23647059
8.595174581	19.67138655
8.167693175	17.09338235
7.873516287	14.39306723
7.568240694	11.64537815
7.233197726	9.44894958
6.799179082	6.890756303
6.509912686	4.384243697
6.116298926	1.955252101
5.763344518	-0.344537815
5.443925981	-2.894117647
5.07667737	-5.383403361
4.710044397	-7.657352941
4.446593511	-9.647058824
4.197874766	-11.42142857
3.832935044	-14.01407563
3.476840509	-17.21827731
3.075965543	-19.91428571
2.668600986	-22.52415966
2.29721281	-25.29768908
1.920789651	-28.09705882
1.587693847	-30.62941176
1.20927345	-33.28235294
0.825201145	-36.01281513
0.40832691	-38.83802521
0.016784014	-41.51680672
-0.296788111	-44.43676471
-0.819851647	-46.85714286
-1.180199301	-49.95798319
-1.58310006	-52.62815126
-2.009898455	-55.29831933
-2.552016495	-58.05462185
-2.887786963	-61.06932773
-3.394032652	-63.56722689
-3.792509879	-66.49579832
-4.249201197	-68.90756303
-4.712694146	-71.57773109
-5.143767075	-74.33403361
-5.596259045	-77.00420168
-6.022411258	-79.58823529
-6.573543615	-82.17226891
-7.053299634	-84.75630252
-7.532979275	-87.25420168
-8.036684414	-89.83823529
-8.532235936	-92.50840336
-9.015007129	-95.00630252
-9.593105281	-97.41806723
-10.08508632	-99.91596639
-10.65196326	-102.4138655
-11.15423377	-104.8256303
-11.63670595	-107.0651261
-12.1983251	-109.3907563
-12.57329525	-110.1659664
-12.9646242	-111.4579832
-13.29592151	-112.6638655
-13.45405654	-113.4390756
-13.8159724	-114.7310924
-14.20302865	-116.1092437
-14.5617791	-117.5735294
-14.97256149	-119.210084
-15.21790957	-120.3298319
-15.63276182	-121.6218487
-15.98320042	-122.9138655
-16.38198806	-124.0336134
-16.66032691	-125.0672269
-17.0995564	-126.3592437
-17.52274774	-127.4789916
-17.88031346	-128.512605
-18.37788201	-129.460084
-18.72255986	-130.2352941
-19.08789068	-131.0105042
-19.45233911	-131.6134454
-19.84714989	-132.3886555
-20.21059323	-132.9054622
-20.61540248	-132.9915966
-20.85558785	-132.9915966
-21.23227636	-133.4222689
-21.21288188	-129.8046218
-20.90433505	-127.737395
-20.64752149	-126.1008403
-20.24130849	-123.2584034
-19.99781794	-121.0189076
-19.81749022	-119.5546218
-19.5717895	-118.0903361
-19.35047974	-116.1953782
-18.93323413	-113.3529412
-18.48047948	-110.2521008
-18.02130942	-107.1512605
-17.56060335	-104.0504202
-17.160733	-101.2941176
-16.71167929	-98.19327731
-16.20970185	-95.17857143
-15.78007984	-92.42226891
-15.32911375	-89.23529412
-14.88102424	-86.39285714
-14.44721197	-83.63655462
-14.03154083	-80.53571429
-13.61110885	-77.3487395
-13.20435249	-74.76470588
-12.76105864	-72.00840336
-12.29338867	-69.16596639
-11.90405569	-66.06512605
-11.52280254	-63.13655462
-11.07472818	-60.3802521
-10.60313047	-57.45168067
-10.15504053	-54.6092437
-9.710665263	-51.76680672
-9.275411305	-48.83823529
-8.934125761	-46.08193277
-8.480998506	-43.06722689
-7.96622097	-40.47457983
-7.702660934	-37.85609244
-7.257432581	-35.34957983
-6.901961838	-32.50714286
-6.502357184	-29.82836134
-6.175651506	-27.51995798
-5.796550525	-24.78088235
-5.328447774	-22.09348739
-5.007205181	-19.63865546
-4.600650786	-16.98571429
-4.211497826	-14.39306723
-3.868558038	-11.86071429
-3.44315884	-9.121638655
-3.097948012	-6.37394958
-2.706777693	-3.419537815
-2.259914293	-0.249789916
-1.712245555	2.825210084
-1.38094422	6.012184874
-0.867898167	9.33697479
-0.508248791	12.8512605
0.00054493	16.26218487
0.442966043	19.40609244
0.928867108	22.84888655
1.296945146	25.42516807
1.707459832	27.78094538
2.065435206	30.74913866
2.560195843	34.29012605
3.027595798	37.64936975
3.535447102	40.87079832
4.047407124	44.44537815
4.56550422	48.16638655
5.23857823	52.14579832
5.86126926	55.93571429
6.501023222	59.24327731
7.101912814	62.83508403
7.760598455	66.13403361
8.27008843	69.10567227
8.801115	72.19789916
9.444237107	75.29012605
10.0551046	78.30483193
10.68948105	81.33676471
11.31335237	84.49789916
11.90802497	87.5987395
12.63816859	90.52731092
13.28370037	93.62815126
14.00377786	96.81512605
14.61629183	99.22689076
15.06196148	101.1218487
15.56774285	103.1029412
15.94222837	103.7920168
16.29674293	105.2563025
16.57425157	106.0315126
16.93725796	107.4957983
17.29259522	108.7016807
17.55764528	110.1659664
17.94372844	111.5441176
18.24102318	112.8361345
18.62214625	114.1281513
18.92757058	115.4201681
19.32812887	116.8844538
19.63784309	118.0903361
20.10513124	119.5546218
20.51645158	121.0189076
20.88784857	122.1386555
21.16409414	123.1722689
21.59113544	124.2058824
21.95464055	125.1533613
22.35244304	126.2731092
22.78895457	127.1344538
23.04661851	127.9096639
23.47021921	128.3403361
23.7619801	128.8571429
24.13720293	129.2016807
24.42133309	129.5462185
24.79500987	130.0630252
25.04780036	130.1491597
25.40382718	130.6659664
25.75196316	130.9243697
25.90678577	131.0966387
26.32199767	131.2689076
26.71456676	131.4411765
27.07155363	131.5273109
27.51264757	131.7857143
27.98595756	131.7857143
28.28002051	131.9579832
28.6420641	131.7857143
29.10152143	131.7857143
29.20376973	131.6995798
29.58072341	131.8718487
29.92220377	131.5273109
30.29100493	131.355042
30.82013502	131.1827731
31.28005104	131.1827731
31.6216171	130.4936975
31.74462642	130.407563
31.99660627	130.4936975
32.04165061	127.9957983
31.99428218	125.3256303
31.72261145	123.6890756
31.45290187	121.2773109
31.22574895	119.7268908
30.6983961	118.0042017
30.68504339	116.1092437
30.23425795	114.4726891
30.09483227	112.4915966
29.83124898	110.6827731
29.62031124	109.1323529
29.25085971	107.4096639
28.91549629	105.2563025
28.61045542	103.447479
28.45818238	101.9831933
28.17123608	100.3466387
27.67568936	98.45168067
27.50708925	95.86764706
27.05439603	94.14495798
26.87108797	91.99159664
26.59414998	90.22584034
26.12681291	88.23613445
25.99552985	86.64264706
25.69653014	84.70462185
25.4143078	82.7407563
25.11172606	80.65630252
24.69477022	78.64936975
24.39260002	76.47016807
24.13766574	74.85084034
23.88238853	72.84390756
23.61373982	71.21596639
23.38222868	69.52773109
23.1705802	67.90840336
22.95259202	66.17710084
22.66903557	64.42857143
22.38625475	62.44747899
22.0784863	60.70756303
21.85756736	59.22605042
21.58978096	57.64117647
21.34719336	55.93571429
21.12385844	53.98046218
20.67207095	51.07773109
20.18195691	48.31281513
19.69422671	45.59957983
19.1365104	42.84327731
18.57375799	39.90609244
18.07221399	37.17563025
17.56570063	34.38487395
17.07453318	31.70609244
16.4698211	29.02731092
16.09702925	26.45878151
15.71177289	25.44670168
15.36971508	22.71193277
14.78460214	20.26226891
14.4754601	17.71957983
13.94606816	15.25441176
13.45618965	12.76512605
13.01694426	10.11218487
12.64993461	7.915756303
12.21338922	5.57289916
11.78131605	3.169747899
11.37511013	0.930252101
10.96800101	-0.990546218
10.54146686	-3.393697479
10.15944447	-5.57289916
9.804978677	-7.691806723
9.499037028	-9.595378151
9.085033418	-11.61092437
8.746469265	-13.78151261
8.407114153	-15.87457983
8.013256864	-17.93319328
7.687570127	-19.69894958
7.326094033	-21.69726891
6.957969198	-23.70420168
6.635721098	-25.93508403
6.32530722	-27.64054622
5.920202364	-29.47521008
5.602381075	-31.47352941
5.265357949	-33.48907563
4.913558269	-35.29789916
4.511703446	-37.58907563
4.143622895	-39.54432773
3.803417684	-41.46512605
3.439130406	-43.5237395
3.097173782	-45.4789916
2.77858453	-47.71848739
2.364354034	-49.61344538
1.975371991	-51.68067227
1.575358794	-53.74789916
1.21392975	-55.81512605
0.864268389	-57.88235294
0.43202672	-59.86344538
0.081746957	-61.93067227
-0.311713685	-63.91176471
-0.720633497	-65.89285714
-1.215362428	-67.78781513
-1.577498909	-69.94117647
-1.95641531	-71.83613445
-2.384041013	-73.81722689
-2.785876913	-75.62605042
-3.204432452	-77.86554622
-3.604653519	-79.41596639
-4.052302673	-81.22478992
-4.43184858	-83.37815126
-4.775663517	-85.18697479
-5.292768517	-86.90966387
-5.622402604	-88.80462185
-6.102826677	-90.52731092
-6.524403538	-92.59453782
-7.086113705	-94.14495798
-7.448981615	-96.12605042
-7.912665311	-97.76260504
-8.43250118	-99.65756303
-8.851997003	-101.3802521
-9.310092124	-103.0168067
-9.742344767	-104.8256303
-10.2655949	-106.5483193
-10.68981393	-108.1848739
-11.12296504	-109.7352941
-11.61018922	-110.3382353
-11.94875981	-111.6302521
-12.32399527	-112.5777311
-12.71219036	-113.7836134
-13.10494194	-115.1617647
-13.42889903	-116.3676471
-13.8059984	-117.4012605
-14.16291508	-118.6932773
-14.58050784	-119.8130252
-14.96561787	-120.7605042
-15.34744087	-122.052521
-15.75798889	-122.8277311
-16.17106921	-124.1197479
-16.40629811	-124.6365546
-16.65657049	-125.4978992
-17.07496555	-126.3592437
-17.31662017	-126.9621849
-17.6712138	-127.9957983
-18.12287356	-128.7710084
-18.46530418	-129.5462185
-18.80548715	-129.9768908
-19.12628672	-130.7521008
-19.46625836	-131.2689076
-19.82706256	-131.8718487
-20.26971038	-132.302521
-20.65891391	-132.7331933
-20.94948854	-132.9915966
-21.34113933	-133.4222689
-21.67193821	-133.6806723
-22.0381269	-133.9390756
-22.35346369	-134.1113445
-22.73223445	-134.3697479
-23.18754077	-134.4558824
-23.57961962	-134.6281513
-23.76495684	-134.8004202
-24.10859357	-134.9726891
-24.51191735	-134.9726891
-24.79713915	-135.0588235
-25.37571485	-134.9726891
-25.65050555	-135.0588235
-26.21368665	-135.0588235
-26.72102464	-134.7142857
-27.06546429	-134.7142857
-27.54529617	-134.6281513
-27.91950444	-134.4558824
-28.2930453	-134.3697479
-28.48965382	-134.0252101
-28.78104993	-133.8529412
-29.11395617	-133.6806723
-29.53105523	-133.4222689
-29.83830402	-132.9915966
-30.25607782	-132.302521
-30.59473102	-131.6995798
-30.87491592	-131.4411765
-30.82053497	-127.5651261
-30.46089773	-125.1533613
-30.05523801	-122.5693277
-29.67125968	-120.5021008
-29.42458276	-118.5210084
-29.10567774	-116.3676471
-28.73630855	-114.0420168
-28.39150284	-111.6302521
-27.98435675	-109.5630252
-27.71034136	-107.6680672
-27.34347712	-105.7731092
-26.88590255	-103.6197479
-26.62630862	-101.3802521
-26.26710467	-99.39915966
-25.80189718	-97.15966387
-25.48191725	-94.74789916
-25.17420062	-93.02521008
-24.72250117	-90.78571429
-24.1464693	-88.46008403
-23.80479171	-86.13445378
-23.41650631	-83.63655462
-23.17005576	-81.65546218
-22.74726489	-79.93277311
-22.38972553	-77.86554622
-22.06106324	-76.05672269
-21.72579702	-74.07563025
-21.43417801	-72.18067227
-21.00161657	-70.28571429
-20.70808537	-68.21848739
-20.2667752	-66.32352941
-19.88658923	-63.99789916
-19.59849549	-62.18907563
-19.24623058	-60.29411765
-18.85322553	-58.39915966
-18.49278776	-56.41806723
-18.10641934	-54.35084034
-17.81278824	-52.54201681
-17.5197828	-50.73319328
-17.15632938	-48.92436975
-16.69803546	-46.94327731
-16.41901464	-45.04831933
-16.02212884	-42.89495798
-15.72873579	-41.1894958
-15.28671385	-39.09642857
-14.97534723	-37.02058824
-14.59032656	-35.12563025
-14.27121675	-33.35987395
-13.81474621	-31.31848739
-13.50912443	-29.42352941
-13.11039898	-27.33907563
-12.7848783	-25.68529412
-12.48238109	-23.86785714
-12.07306687	-22.48970588
-11.65727414	-20.29327731
-11.44301716	-18.78592437
-11.1103899	-17.1407563
-10.85447277	-15.58172269
-10.41581844	-13.7039916
-10.06944822	-11.52478992
-9.669578523	-9.793487395
-9.318746439	-7.950210084
-9.017026033	-6.046638655
-8.596012154	-4.082773109
-8.217309086	-2.360084034
-7.86162754	-0.353151261
-7.522465716	1.679621849
-7.170222902	3.531512605
-6.765759357	5.934663866
-6.149665854	8.751260504
-5.580826934	11.58508403
-5.184793687	14.48781513
-4.526862374	17.38193277
-3.973662612	20.0030042
-3.451432108	22.76964286
-2.890717031	25.04186975
-2.519601985	26.87308824
-2.148002564	28.83609244
-1.620815739	31.4907563
-0.978313975	34.21260504
-0.502406095	36.96029412
0.124617636	39.71659664
0.676068043	42.39537815
1.253736002	45.18613445
1.893487935	47.99411765
2.611398715	51.03466387
3.312749638	53.96323529
3.996580594	56.78844538
4.699432623	59.69117647
5.281732036	62.06848739
5.995173504	64.45441176
6.586345641	67.01260504
7.278947812	69.52773109
7.858745443	71.86197479
8.563438479	74.2737395
9.290776981	76.69411765
9.936466793	79.01113445
10.6522724	81.31092437
11.36030577	83.74852941
12.07569227	86.12584034
12.89449165	88.42563025
13.64197634	90.75987395
14.4179423	92.87016807
15.10646412	95.17857143
15.95202633	97.41806723
16.60637679	99.82983193
17.44440112	101.8109244
18.12005191	103.7920168
18.8765076	105.9453782
19.58139857	107.0651261
19.85674417	107.6680672
20.25036842	108.5294118
20.57719633	109.3907563
20.94047621	110.2521008
21.35853971	111.0273109
21.72714813	112.1470588
22.08438984	112.9222689
22.41660898	113.8697479
22.78864235	114.4726891
23.15057942	115.3340336
23.54880262	115.9369748
24.00482645	116.4537815
24.34113581	117.1428571
24.69979736	117.8319328
24.89279096	118.3487395
25.1972255	119.0378151
25.58205197	119.3823529
26.02249537	119.6407563
26.14985218	119.9852941
26.55536089	120.2436975
26.70119853	120.7605042
27.00565071	121.0189076
27.19690413	121.105042
27.60162919	121.4495798
28.02138974	121.9663866
28.4999507	122.3109244
28.68114082	122.4831933
29.0514268	122.7415966
29.31672839	122.8277311
29.65325956	123.0861345
30.03558741	123.3445378
30.41184829	123.2584034
30.77615539	123.5168067
31.160469	123.5168067
31.5554976	123.6890756
31.93814586	123.4306723
32.31276262	122.7415966
32.20921503	121.5357143
31.80416977	119.1239496
31.62857679	117.4012605
31.11131161	115.0756303
31.00647519	113.0084034
30.38472717	110.7689076
30.22576955	108.7878151
29.97528104	107.1512605
29.84496934	105.6869748
29.34893873	104.1365546
29.11347776	101.9831933
28.8395699	100.4327731
28.52519825	98.79621849
28.13568105	95.86764706
27.61022839	92.93907563
27.19615326	90.22584034
26.73625088	87.26281513
26.1446982	84.4289916
25.87270463	81.66407563
25.34493863	78.95945378
24.89700883	76.15147059
24.36545991	73.43823529
24.08888739	71.07815126
23.64294312	68.38214286
23.23367879	65.84117647
22.88577935	63.40357143
22.47739088	60.84537815
22.08287377	58.36470588
21.71754339	56.01323529
21.53149641	53.45504202
21.11331836	50.81932773
20.63596045	48.11470588
20.20159078	45.48760504
19.61616208	42.87773109
19.03722302	40.38844538
18.44802802	37.76134454
17.92306064	35.02226891
17.39066792	32.47268908
16.96235587	30.06953782
16.44237984	27.57680672
16.10145921	25.97556723
15.68426793	24.14693277
15.277587	21.66539916
14.82178282	19.30186975
14.44380212	17.05462185
13.9178341	14.61701681
13.41664415	12.32584034
12.98614625	10.00882353
12.5115841	7.829621849
12.13092606	5.667647059
11.62133815	3.617647059
11.2313295	0.990546218
10.58209086	-1.421218487
10.06664521	-4.056932773
9.613396111	-6.296428571
9.147029824	-8.699579832
8.695565914	-11.0855042
8.187600014	-13.25609244
7.811669582	-15.36638655
7.383101453	-17.65756303
6.810696832	-19.80231092
6.405136806	-22.13655462
5.893081752	-24.44495798
5.492146133	-26.65
5.047356274	-28.65693277
4.546850473	-31.16344538
4.126261038	-33.28235294
3.676865092	-35.50462185
3.105996636	-37.71827731
2.65826417	-40.02668067
2.168673021	-42.23172269
1.70609718	-44.50567227
1.244171869	-46.7710084
0.711166959	-49.09663866
0.186521034	-51.25
-0.311903687	-53.57563025
-0.787041951	-55.81512605
-1.336751124	-58.05462185
-1.93796185	-60.03571429
-2.494742205	-62.44747899
-3.011491148	-64.77310924
-3.539080203	-66.66806723
-4.049373921	-68.99369748
-4.663622748	-70.97478992
-5.241810668	-73.04201681
-5.905183939	-75.28151261
-6.456502267	-77.17647059
-6.948028545	-79.24369748
-7.53344009	-81.39705882
-8.115144995	-83.29201681
-8.735187532	-85.27310924
-9.369342726	-87.42647059
-9.968503859	-89.32142857
-10.53024215	-91.04411765
-11.17142339	-93.11134454
-11.80467472	-94.92016807
-12.38448752	-96.81512605
-13.02930664	-98.62394958
-13.63236376	-100.2605042
-14.34989231	-102.1554622
-14.89769811	-103.7920168
-15.56613222	-105.6008403
-16.20899118	-107.1512605
-16.85377103	-108.7878151
-17.52708482	-110.4243697
-18.2074608	-112.0609244
-18.92560209	-113.7836134
-19.60720328	-115.1617647
-20.30986758	-116.1953782
-20.68977812	-116.1953782
-21.10456637	-116.7983193
-21.47103686	-117.4012605
-21.79162819	-117.7457983
-22.07922977	-118.3487395
-22.46978935	-119.210084
-22.85811473	-119.6407563
-23.24140235	-120.157563
-23.696511	-120.6743697
-24.07184577	-121.2773109
-24.54957227	-121.8802521
-24.94499629	-122.3970588
-25.28941173	-122.8277311
-25.54578111	-123.2584034
-25.91818437	-123.6890756
-26.33088814	-124.0336134
-26.57030254	-124.3781513
-27.05097086	-124.6365546
-27.49564408	-124.894958
-27.93431202	-125.0672269
-28.46037311	-125.4117647
-28.76470686	-125.6701681
-29.07060517	-125.5840336
-29.4610657	-125.842437
-29.82063468	-126.0147059
-30.19557206	-126.0147059
-30.63192173	-125.4117647
-31.0244323	-125.1533613
-31.48849581	-124.3781513
-31.18123807	-120.7605042
-30.83578044	-118.3487395
-30.53466744	-116.4537815
-30.1304199	-114.0420168
-29.77662922	-111.9747899
-29.42990443	-109.907563
-29.17057258	-108.1848739
-28.96502528	-106.4621849
-28.57885507	-104.6533613
-28.28604973	-102.5
-27.90837546	-100.8634454
-27.46667263	-98.88235294
-27.13046563	-96.47058824
-26.74153055	-94.05882353
-26.41553127	-92.33613445
-25.99421706	-90.52731092
-25.79662011	-88.54621849
-25.53788861	-86.82352941
-25.2647799	-85.3592437
-25.04313906	-83.98109244
-24.6663788	-82.51680672
-24.42266553	-80.44957983
-24.01771993	-78.81302521
-23.62793214	-76.83193277
-23.24910331	-74.50630252
-22.85247366	-72.43907563
-22.54254913	-70.6302521
-22.17484859	-68.56302521
-21.84060012	-66.66806723
-21.48933617	-64.8592437
-21.18525305	-63.30882353
-20.8406123	-61.32773109
-20.56724661	-59.94957983
-20.30349393	-58.22689076
-19.90855341	-56.41806723
-19.58581026	-54.52310924
-19.2807091	-52.62815126
-18.89512327	-50.99159664
-18.64232476	-49.35504202
-18.40409674	-48.06302521
-18.13986378	-46.5987395
-17.8311955	-44.87605042
-17.42151578	-43.06722689
-17.17870873	-41.68046218
-16.84132558	-39.72521008
-16.52078209	-38.06281513
-16.16639053	-36.26260504
-15.78487434	-34.29012605
-15.45170224	-32.73109244
-15.2874742	-31.52521008
-14.81388409	-29.74222689
-14.57234068	-27.9592437
-14.23480036	-26.08151261
-13.90962084	-24.60861345
-13.55253243	-22.67920168
-13.25214763	-21.10294118
-12.84382181	-19.53529412
-12.55693422	-17.76953782
-12.21550113	-16.25357143
-11.83673393	-14.62563025
-11.54159517	-12.9460084
-11.18165995	-11.00798319
-10.89414869	-9.552310924
-10.57179565	-7.881302521
-10.24898728	-6.503151261
-10.0196841	-5.211134454
-9.664061477	-3.574579832
-9.341547627	-2.032773109
-8.964919968	-0.267016807
-8.68353351	1.274789916
-8.275259968	2.997478992
-7.989078232	4.608193277
-7.603595145	6.339495798
-7.257149719	8.079411765
-6.953160834	9.871008403
-6.605862223	11.24915966
-6.229717566	12.92878151
-5.735084541	15.09936975
-5.413489231	17.33886555
-4.851575097	19.63693277
-4.52813399	21.80752101
-4.005962557	23.90747899
-3.589634514	25.42947479
-3.216633547	27.47602941
-2.834076579	29.07985294
-2.459343577	31.15483193
-1.878289077	33.26512605
-1.51767709	35.2289916
-1.01145255	37.33067227
-0.540008697	39.37205882
-0.090902194	41.36176471
0.416470712	43.30840336
0.89499036	45.6512605
1.642494519	49.09663866
2.572291481	52.48172269
3.235025961	55.11743697
3.955040093	57.73592437
4.743664382	60.16491597
5.396530475	62.43886555
6.043575806	64.73865546
6.72835777	66.99537815
7.411563329	69.20042017
8.057360627	71.50021008
8.730360602	73.7052521
9.422609411	75.98781513
10.23377382	78.14117647
10.92664024	80.36344538
11.68142267	82.49096639
12.41294285	84.60987395
13.15268677	86.54789916
13.96005619	88.83907563
14.6881871	90.94936975
15.51010071	92.85294118
16.26672723	95.09243697
16.96726411	96.9012605
17.74730221	98.88235294
18.48157418	100.9495798
19.27607071	102.8445378
20.11124574	104.7394958
20.76750516	106.5483193
21.55678926	108.3571429
22.35807357	110.1659664
23.20057332	111.9747899
23.95599229	113.3529412
24.56254591	114.7310924
25.43269615	116.1092437
26.38338726	117.487395
27.1630876	118.5210084
28.00116437	119.7268908
28.68912807	120.5882353
29.64840973	121.3634454
30.08177075	120.7605042
30.67426297	120.5882353
31.19039135	120.5021008
31.60030585	120.5021008
31.79964731	120.5882353
32.36086746	120.5882353
32.79121126	120.7605042
33.10599201	120.5882353
33.49223164	120.6743697
33.8687909	120.8466387
34.25256883	120.6743697
34.62356428	120.5882353
35.13842348	120.5021008
35.49981871	120.5021008
35.95361597	120.2436975
36.35836721	119.9852941
36.65760416	119.9852941
37.02982092	119.7268908
37.58503064	119.4684874
37.83633	119.210084
38.18740997	118.9516807
38.573328	118.6932773
39.15365455	118.4348739
39.3287541	117.7457983
39.7502014	117.1428571
40.06178496	116.3676471
40.50061024	115.9369748
40.79125204	114.9894958
41.1768455	114.3865546
41.60189649	113.8697479
41.32495592	110.3382353
41.19245944	107.9264706
40.82516567	106.0315126
40.5560352	104.0504202
40.30301891	102.8445378
39.96661551	100.605042
39.73579444	99.22689076
39.35879689	97.33193277
38.9329872	94.74789916
38.20247216	92.50840336
37.9146914	90.24306723
37.5815006	88.03802521
37.1697977	85.72962185
36.70187911	83.55903361
36.35180456	81.40567227
35.72287417	79.13172269
35.26869472	77.13340336
35.05960443	75.00588235
34.41254176	72.85252101
34.05179435	70.84558824
33.84793127	68.72668067
33.50703931	66.70252101
33.19780776	64.82478992
32.65797571	62.87815126
32.35847168	61.00042017
31.99281971	59.0710084
31.80839068	57.15882353
31.38794006	55.34138655
31.03510005	53.38613445
30.70557898	51.5342437
30.27279564	49.33781513
29.79398666	47.16722689
29.3724415	45.11722689
28.8535177	43.21365546
28.43251968	41.13781513
27.94388526	39.12226891
27.45075265	37.14978992
27.00914489	35.06533613
26.58335631	33.23928571
26.21364563	31.25819328
25.79911092	29.43214286
25.25460121	26.36403361
24.78398205	24.35107143
24.14666714	22.04180672
23.51027386	18.2605042
22.71306241	14.81512605
21.99149925	11.42142857
21.26466185	8.174159664
20.47360667	4.961344538
19.81945246	1.989705882
19.07446499	-1.042226891
18.27953428	-4.013865546
17.5269847	-6.933823529
16.92440972	-9.509243697
16.26914695	-12.27415966
15.61804525	-14.83235294
14.8423006	-17.425
14.28807713	-20.18130252
13.5061624	-22.76533613
12.91023445	-25.28046218
12.11692745	-27.89033613
11.50999796	-30.53466387
10.7874779	-33.17037815
10.01362042	-35.81470588
9.302410395	-38.45903361
8.544571985	-41.06029412
7.797561441	-43.90273109
7.079195285	-46.34033613
6.330940076	-48.92436975
5.498224232	-51.68067227
4.758718005	-54.17857143
3.972261077	-56.59033613
3.215470844	-59.2605042
2.384954523	-61.93067227
1.583782868	-64.42857143
0.788749943	-66.84033613
0.022757968	-69.33823529
-0.783238936	-71.66386555
-1.599252462	-74.07563025
-2.426582926	-76.48739496
-3.270037905	-78.89915966
-4.076317845	-81.13865546
-4.942435076	-83.37815126
-5.812507865	-85.70378151
-6.73857706	-87.85714286
-7.599114184	-90.18277311
-8.532665275	-92.33613445
-9.396986029	-94.4894958
-10.3424527	-96.55672269
-11.21496531	-98.79621849
-12.08953846	-100.6911765
-12.94447189	-102.7584034
-13.86531716	-104.7394958
-14.73668352	-106.7205882
-15.72155472	-108.5294118
-16.6277777	-110.5105042
-17.6705043	-112.1470588
-18.63280722	-114.0420168
-19.56553876	-115.6785714
-20.56117522	-117.2289916
-21.54256278	-118.7794118
-22.6195201	-120.2436975
-23.55163955	-121.4495798
-24.78543614	-122.6554622
-25.82707741	-123.5168067
-26.96913578	-124.3781513
-28.01703269	-124.7226891
-29.23555115	-124.9810924
-30.44223107	-125.1533613
-31.76779644	-125.0672269
-32.6979977	-124.2058824
-33.52635341	-123.1722689
-34.02570633	-122.052521
-34.42461062	-121.0189076
-34.9372569	-120.3298319
-35.27722687	-120.157563
-35.60310332	-119.8991597
-36.18280469	-119.3823529
-36.5361214	-118.9516807
-36.88066003	-118.6932773
-37.24126066	-118.1764706
-37.56670421	-117.9180672
-38.01880063	-117.3151261
-38.5230099	-116.7121849
-38.9757019	-116.2815126
-39.2238515	-115.9369748
-39.5739637	-115.6785714
-39.93893163	-115.3340336
-40.2826253	-115.0756303
-40.82332865	-114.644958
-41.14953286	-114.0420168
-41.26440354	-113.5252101
-41.36299315	-109.5630252
-41.03724484	-107.1512605
-40.50501777	-104.9117647
-40.27499744	-102.6722689
-39.81364857	-100.2605042
-39.47185929	-98.27941176
-39.16026459	-95.95378151
-38.59607005	-94.05882353
-38.31212809	-91.81932773
-37.77581047	-89.57983193
-37.37104632	-87.42647059
-37.03491908	-85.53151261
-36.68859743	-83.29201681
-36.41341706	-81.31092437
-35.87318805	-79.24369748
-35.47710593	-77.17647059
-35.14591103	-74.76470588
-34.64797346	-72.78361345
-34.20864286	-70.97478992
-33.92053157	-68.64915966
-33.30999475	-66.1512605
-32.77224788	-63.56722689
-32.37228294	-61.06932773
-31.71429559	-58.82983193
-31.3255482	-56.33193277
-30.83104109	-53.74789916
-30.27490207	-51.42226891
-29.82148746	-49.09663866
-29.30557434	-46.5987395
-28.61731702	-44.01470588
-28.12469706	-41.92163866
-27.80797399	-39.54432773
-27.23280655	-37.23592437
-26.7928355	-34.9447479
-26.37554018	-32.84306723
-25.78304458	-30.70693277
-25.29614071	-28.6052521
-24.81753189	-26.45189076
-24.34231871	-24.35882353
-23.84664727	-22.42941176
-23.38169694	-20.27605042
-22.91664398	-18.31218487
-22.40395307	-16.26218487
-21.83911647	-14.19495798
-21.356531	-12.16218487
-20.80241601	-10.00882353
-20.30121222	-8.027731092
-19.76877018	-5.882983193
-19.2078596	-3.626260504
-18.63440241	-1.421218487
-18.10755325	0.749369748
-4.859715851	44.56596639
-4.129156215	46.58151261
-3.3567055	48.73487395
-2.622806383	50.68151261
-1.85226953	52.81764706
-1.111661334	54.61785714
-0.366035002	56.67647059
0.342510139	58.27857143
1.038349746	60.31134454
1.850380172	62.04264706
2.605879848	63.75672269
3.319949781	65.45357143
4.024989014	67.22794118
4.838237988	68.84726891
5.520136742	70.50105042
6.315806733	72.19789916
7.045433054	73.82584034
7.782560122	75.47962185
8.505524631	77.05588235
9.415834937	78.66659664
10.17768296	80.2342437
10.95029014	81.75021008
11.77849045	83.29201681
12.61177674	84.79936975
13.36944184	86.4789916
14.21682357	87.51260504
14.9620295	89.11470588
15.72729049	90.57037815
16.57639392	92.05189076
17.3755862	93.3697479
18.14884904	94.74789916
18.9488795	96.12605042
19.83269374	97.41806723
20.60553086	98.88235294
21.44600757	100.0882353
22.22401685	101.2079832
23.13388482	102.4138655
23.94651421	103.7058824
24.71955484	104.7394958
25.6145469	105.7731092
26.35365231	106.5483193
27.16741357	107.4957983
28.07843604	108.2710084
28.94734584	109.2184874
29.58029156	109.4768908
30.71051556	110.2521008
31.65003829	110.855042
32.49084043	111.2857143
33.47370372	111.3718487
34.36333464	111.0273109
34.89911858	110.5105042
35.52057531	109.9936975
36.35617826	109.2184874
37.08942162	108.7016807
37.8915727	108.4432773
38.78977852	108.012605
39.6029444	107.4957983
40.35541873	107.0651261
41.22610633	105.8592437
41.60539232	102.3277311
41.12463764	98.27941176
40.34614748	93.97268908
39.76837107	89.92436975
38.99864311	86.61680672
38.31864162	83.22310924
37.60138242	80.11365546
36.92949476	76.875
36.30942117	73.62773109
35.93513763	70.48382353
35.1704394	67.50357143
34.5372606	64.34243697
34.08951601	61.62920168
33.58069489	58.7092437
32.84165768	55.43613445
32.38832672	52.12857143
31.56578414	49.2947479
30.92139961	45.9355042
30.45854328	42.96386555
29.469193	40.17310924
28.83664365	37.1842437
28.09583819	33.93697479
27.40374451	30.74138655
26.68250226	27.43985294
25.93528967	24.22014706
25.23206099	21.00647059
24.45859884	17.58951681
23.77832502	14.35
23.06006024	11.48172269
22.27686252	8.165546218
21.64016722	5.538445378
20.86053696	2.62710084
20.15878216	-0.180882353
19.43086781	-3.092226891
18.63778393	-5.839915966
17.92306219	-8.501470588
17.19556825	-11.0855042
16.41910938	-14.13466387
15.65527485	-16.89096639
14.89081352	-19.7592437
14.07506579	-22.43802521
13.3331355	-24.99621849
12.646949	-27.64915966
11.7853881	-30.25042017
11.01829666	-32.67079832
10.34637129	-35.05672269
9.643584246	-37.39096639
8.818224656	-39.71659664
8.065896026	-42.10252101
7.274315375	-44.41953782
6.568625356	-46.51260504
5.717436857	-48.75210084
4.959268091	-51.16386555
4.190453314	-53.31722689
3.464120937	-55.29831933
2.734869689	-57.45168067
1.884936455	-59.2605042
1.060853699	-61.41386555
0.220881254	-63.30882353
-0.473372486	-65.28991597
-1.371204307	-67.35714286
-2.180487204	-69.25210084
-2.84752934	-71.06092437
-3.716156538	-72.43907563
-4.431549919	-74.42016807
-5.261588597	-75.88445378
-6.051687921	-77.77941176
-6.859328836	-79.24369748
-7.605056521	-80.70798319
-8.447338445	-82.17226891
-9.200701983	-83.63655462
-10.06734716	-85.3592437
-10.84517755	-86.82352941
-11.76475724	-88.37394958
-12.50678939	-89.75210084
-13.29905218	-91.04411765
-14.15821122	-92.50840336
-14.98729754	-94.05882353
-15.79228697	-95.17857143
-16.62488379	-96.55672269
-17.50236916	-98.10714286
-18.33555035	-99.22689076
-19.04350009	-100.3466387
-19.88436212	-101.2941176
-20.77156836	-102.6722689
-21.6304067	-103.7920168
-22.4412452	-104.7394958
-23.28812797	-105.6008403
-24.10256184	-106.7205882
-25.20034072	-107.4957983
-25.95660686	-108.2710084
-26.77516833	-109.2184874
-27.52525439	-109.7352941
-28.49065856	-110.1659664
-29.3776149	-110.5966387
-30.23688835	-110.9411765
-31.00635895	-111.2857143
-32.05446934	-111.4579832
-33.15753025	-111.6302521
-34.16590813	-111.5441176
-35.0281385	-111.3718487
-36.15359622	-111.3718487
-37.19125229	-110.855042
-38.1395382	-110.5105042
-38.90168894	-108.7878151
-39.80577147	-106.3760504
-40.55800811	-104.7394958
-41.31033085	-104.0504202
-41.88386803	-100.5189076
-41.29447413	-96.9012605
-40.53618039	-92.93907563
-39.92002357	-88.8907563
-39.18467836	-85.10084034
-38.59291382	-81.22478992
-37.7867779	-77.3487395
-37.15951107	-73.30042017
-36.41224461	-70.28571429
-35.71723285	-66.40966387
-34.95935176	-62.70588235
-34.35846951	-59.51890756
-33.48068144	-55.81512605
-32.84434948	-52.3697479
-32.10668482	-48.75210084
-31.46652934	-45.82352941
-30.73902795	-41.94747899
-30.00477553	-38.94138655
-29.21392825	-35.69411765
-28.4246587	-31.775
-27.82460531	-28.70861345
-26.92347532	-25.51302521
-26.32762805	-22.77394958
-25.66591471	-19.75063025
-24.93476335	-16.6842437
-24.18011908	-13.325
-23.35995006	-10.31029412
-22.56213839	-7.200840336
-21.80488541	-4.082773109
-21.09094844	-1.352310924
-20.32609892	1.550420168
-19.4953166	4.634033613
-18.85825024	7.347268908
-18.09185272	10.03466387
-17.38137257	12.60147059
-16.56114218	15.40945378
-15.75370983	18.36386555
-14.94589171	21.14859244
-14.22950264	23.80928571
-13.46447899	25.69476891
-12.82580857	27.86277311
-12.07723458	30.32191176
-11.20920625	32.69663866
-10.47446292	34.96197479
-9.624576299	37.14978992
-8.975033861	39.30315126
-8.154050455	41.43067227
-7.434365996	43.49789916
-6.585466536	45.71155462
-5.922129217	47.56344538
-5.090457824	49.43256303
-4.33049315	51.31890756
-3.585061637	53.13634454
-2.844295563	54.82457983
-2.08181545	56.55588235
-1.390309555	58.28718487
-0.681383297	59.95819328
0.076394914	61.63781513
0.82449462	63.25714286
1.550477576	64.66113445
2.304967247	66.29768908
3.128275347	67.78781513
3.840669523	69.3210084
4.622230215	70.75084034
5.333860042	72.2237395
6.113522606	73.78277311
6.826999987	75.06617647
7.740706041	76.4960084
8.504681333	77.96890756
9.374450128	79.3039916
10.12108513	80.75105042
11.01070631	81.79327731
11.83485703	83.25756303
12.7568363	84.48928571
13.45023798	85.86743697
14.41280171	87.09054622
15.21637998	88.42563025
15.97894175	89.60567227
16.82510227	90.64789916
17.68845672	91.75903361
18.4598892	92.74096639
19.22474928	94.05882353
20.08099967	95.09243697
20.9262539	96.12605042
21.73207614	97.07352941
22.51994833	98.19327731
23.36377693	98.88235294
24.14100051	99.74369748
24.94636667	100.7773109
25.77642882	101.6386555
26.73017759	102.3277311
27.41946559	102.6722689
28.31291784	103.447479
29.25198089	104.1365546
30.05020394	104.7394958
30.87536747	104.7394958
31.81475311	105.0840336
32.66039571	103.9642857
33.47765492	103.447479
34.18308048	103.3613445
35.02343224	103.447479
35.84462645	103.3613445
36.37645909	103.3613445
37.24680686	103.7058824
38.00809239	103.5336134
38.73744658	103.5336134
39.08287245	103.3613445
39.69248035	102.7584034
40.63905607	101.8970588
41.37910779	101.2941176
42.0385843	100.4327731
42.96843716	99.74369748
43.81000668	98.96848739
44.7160188	98.10714286
45.66126111	97.07352941
46.32040528	96.12605042
47.20147339	95.09243697
47.98548129	94.05882353
48.86210551	92.76680672
49.78074718	91.76764706
50.59747761	89.94159664
51.48914743	88.57205882
51.61837524	84.45483193
51.1604816	81.32815126
50.71762882	78.29621849
50.24296214	75.50546218
49.76799926	72.71470588
49.225447	70.13067227
48.64303406	67.11596639
48.03713321	64.37689076
47.43171072	61.62058824
47.08325358	59.04516807
46.65600516	56.52142857
46.12448113	53.98907563
45.61365009	51.68067227
45.07466951	48.69180672
44.58620057	45.78046218
43.79708271	42.90357143
43.05819273	39.82857143
42.4794559	36.96890756
41.68704506	34.7552521
41.00968684	31.88697479
40.35097903	29.82836134
39.78578777	27.27792017
39.02574615	24.51817227
38.25684322	22.46644958
37.55691343	18.92546218
36.9218487	15.53865546
36.10823386	12.64453782
35.36765317	9.517857143
34.52691845	6.752941176
33.7080956	3.600420168
33.00721221	0.473739496
32.11489843	-2.532352941
31.29370285	-5.374789916
30.89130166	-6.244747899
30.26309794	-9.931302521
29.5074597	-12.47226891
28.80502424	-15.34915966
28.0367467	-17.8039916
27.37920704	-20.52584034
26.49650967	-23.23907563
25.63413095	-26.06428571
24.78995728	-28.75168067
23.98405077	-31.41323529
23.12469156	-34.07478992
22.3127115	-36.31428571
21.50106057	-38.6657563
20.68593417	-40.97415966
19.80404432	-43.23088235
18.92758737	-45.4789916
18.06782511	-47.54621849
17.11565983	-49.69957983
16.27198957	-51.76680672
15.27039698	-53.74789916
14.43894995	-55.64285714
13.2881929	-58.57142857
11.86503409	-61.5
10.40525449	-64.34243697
8.973935473	-66.92647059
7.626037419	-69.59663866
6.323444877	-72.00840336
4.807530887	-74.59243697
3.292009803	-76.83193277
1.850049734	-79.24369748
0.455239502	-81.65546218
-1.121950005	-83.72268908
-2.575168932	-85.78991597
-4.121466722	-87.85714286
-5.650997413	-89.92436975
-7.132010571	-91.90546218
-8.701737478	-93.54201681
-10.30649917	-95.43697479
-11.89740439	-97.15966387
-13.39870321	-98.71008403
-15.03403471	-100.3466387
-16.66947841	-101.8109244
-18.34267169	-103.0168067
-20.04987058	-104.1365546
-21.79326774	-105.0840336
-23.50104054	-105.7731092
-25.33141561	-106.2037815
-27.05978418	-106.0315126
-28.32648523	-105.4285714
-29.2049504	-104.8256303
-29.9447956	-104.7394958
-30.67178292	-104.394958
-31.84048752	-104.0504202
-32.7638935	-103.7058824
-33.66028975	-103.3613445
-34.60450516	-102.9306723
-35.53489628	-102.4138655
-36.34407736	-101.9831933
-37.22138072	-101.2941176
-38.09024365	-100.9495798
-39.03613689	-100.2605042
-40.05794245	-99.65756303
-40.80606794	-99.1407563
-41.59021036	-98.19327731
-42.56641087	-97.07352941
-43.38671186	-95.17857143
-44.08639384	-93.97268908
-45.1115374	-92.93907563
-45.79458639	-92.33613445
-46.72681347	-91.56092437
-47.39759699	-90.69957983
-48.29105657	-90.18277311
-49.19500577	-89.23529412
-50.11229478	-88.46008403
-51.02885468	-87.42647059
-51.63598818	-85.78991597
-51.72138444	-81.65546218
-50.9838537	-77.69327731
-50.27514582	-73.64495798
-49.53975041	-69.42436975
-48.80731708	-65.72058824
-48.13692019	-62.01680672
-47.41470071	-58.39915966
-46.8564424	-55.29831933
-46.05475334	-52.02521008
-45.2152721	-47.8907563
-44.4330519	-43.06722689
-43.2982451	-38.43319328
-42.32170746	-33.85945378
-41.44063374	-29.49243697
-40.56397264	-25.40966387
-39.58756639	-20.99096639
-38.62111675	-16.67563025
-37.55033132	-12.26554622
-36.49725183	-7.889915966
-35.371026	-3.52289916
-34.17588595	0.723529412
-32.99232063	5.030252101
-31.8671726	9.423109244
-30.51265559	13.68676471
-29.36698002	17.82121849
-28.16384356	21.94189076
-26.81215462	25.31405462
-25.82833775	27.91445378
-24.67193854	31.73193277
-23.28568533	35.59936975
-21.88341398	39.17394958
-20.48575467	42.60210084
-18.96052262	46.05609244
-17.33513416	49.44978992
-15.78994176	52.66260504
-14.20221793	55.49642857
-12.55629289	58.38193277
-10.82188715	61.0262605
-9.210809473	63.46386555
-7.659396197	65.84117647
-6.133217754	67.89978992
-4.526133065	70.13067227
-2.930375413	72.02563025
-1.344958247	74.12731092
0.355104602	76.15147059
2.021180213	77.98613445
3.818116806	79.76911765
5.473981378	81.4487395
7.21636438	83.025
9.026802575	84.55819328
10.78199373	85.97941176
12.59619726	87.30588235
14.39481127	88.60651261
16.11666558	89.57121849
17.91359598	90.88907563
19.53598295	91.48340336
21.16558019	92.54285714
22.9000498	93.28361345
24.6208302	93.54201681
26.4017585	94.05882353
27.95383315	94.05882353
29.90405461	94.23109244
31.80721617	93.71428571
33.58557631	93.3697479
35.56456528	92.76680672
37.2704763	91.85378151
39.29438505	91.06995798
40.9934282	89.42478992
42.82355	88.20168067
44.89258467	86.6512605
46.60608891	84.64432773
48.53208589	82.7407563
50.32911574	80.86302521
52.11619339	78.60630252
53.93489111	76.31512605
56.02825859	73.94642857
57.97096681	71.12983193
58.64753598	67.2710084
59.27140225	63.24852941
58.994027	61.48277311
58.62534676	58.59726891
57.94446121	55.78067227
57.44885114	52.69705882
56.8631613	50.00105042
56.26315792	47.70987395
55.7529973	45.46176471
54.88896327	43.09306723
54.17029091	39.75105042
53.21587849	36.63298319
52.67663569	33.66995798
52.01113366	30.28487395
51.26522463	27.95752101
50.75519179	25.29338235
49.66494779	20.60939076
48.70705944	15.42668067
47.6269571	10.7237395
46.51499447	6.468697479
45.53301923	2.351470588
43.50163459	-3.514285714
42.19609475	-11.3697479
40.15121564	-18.83760504
37.92112304	-26.19348739
35.52103703	-33.29096639
33.17521842	-40.0697479
30.68751527	-46.34033613
28.27129106	-52.71428571
25.55748727	-58.57142857
22.77456615	-64.08403361
19.73614178	-68.99369748
16.68726817	-73.38655462
13.63772358	-77.5210084
10.42856173	-81.22478992
7.255137508	-84.67016807
4.027466419	-87.68487395
0.794987994	-90.35504202
-2.57790102	-92.93907563
-6.132969813	-94.83403361
-9.677969075	-96.38445378
-13.32924142	-97.24579832
-16.7584831	-96.98739496
-18.58090975	-96.64285714
-20.42434986	-96.38445378
-22.36080011	-96.12605042
-24.28187269	-95.69537815
-26.22062925	-95.09243697
-33.22258749	-90.0105042
-35.11530645	-88.28781513
-36.22641312	-85.96218487
-37.2878367	-84.92857143
-38.17142981	-84.41176471
-39.01288447	-83.89495798
-39.98953	-83.1197479
-40.8209408	-82.43067227
-41.7380695	-81.65546218
-42.64737661	-80.62184874
-43.72042563	-79.50210084
-44.58938064	-78.55462185
-45.48799099	-77.5210084
-46.25290759	-76.83193277
-47.28837532	-75.79831933
-48.12117531	-74.93697479
-49.07580317	-74.07563025
-49.88001934	-73.30042017
-50.6919494	-72.69747899
-51.4467664	-71.66386555
-52.37956525	-70.97478992
-53.31421773	-69.94117647
-54.18044638	-68.90756303
-55.34717454	-67.87394958
-56.0624382	-66.84033613
-56.98975873	-65.46218487
-57.9836566	-63.91176471
-58.90402154	-62.36134454
-59.41486576	-58.91596639
-58.85620569	-54.78151261
-58.16318088	-50.73319328
-57.28163756	-46.51260504
-56.62940231	-42.46428571
-55.90118988	-39.26008403
-55.11090628	-36.23676471
-54.4364549	-32.82584034
-53.83404536	-29.65609244
-53.03295261	-26.45189076
-52.34862758	-23.42857143
-51.30926059	-19.55252101
-50.64394153	-15.70231092
-49.72002286	-12.19663866
-48.86381389	-8.622058824
-48.1140041	-5.116386555
-47.35773682	-1.60210084
-46.27782353	1.645168067
-45.86928033	4.814915966
-45.07899904	8.578991597
-44.01647635	11.8262605
-43.31328376	15.06491597
-42.33452767	18.69117647
-41.46737668	21.64731092
-40.49330243	24.34331933
-39.59080606	26.92563025
-38.77122267	29.13497899
-37.98682931	31.93865546
-36.98818262	34.59159664
-36.06383763	37.33067227
-35.03977438	39.8802521
-34.07486626	42.49012605
-33.19417507	45.14306723
-32.22809453	47.56344538
-31.20700871	50.15609244
-30.06385863	52.67121849
-28.94317444	54.91932773
-27.88051025	57.08991597
-26.8692638	59.33802521
-25.80889545	61.25021008
-24.71206803	63.17962185
-23.62669271	65.01428571
-22.50718979	66.78865546
-21.40939851	68.47689076
-20.34170183	70.01008403
-19.19045994	71.42268908
-18.11494848	72.85252101
-16.99606469	74.13592437
-15.79377182	75.34180672
-14.78851968	76.42710084
-13.61643862	77.58991597
-12.52201104	78.56323529
-11.30431179	79.53655462
-10.11032685	80.54432773
-9.079815291	81.41428571
-7.962827318	82.21533613
-6.835036314	82.92163866
-5.585059941	83.68823529
-4.518559546	84.35147059
-3.329474627	84.89411765
-2.150665228	85.35063025
-1.016705761	85.87605042
0.164122354	86.2894958
1.340892094	86.65987395
2.62507086	87.01302521
3.640235794	87.40063025
4.82435322	87.48676471
6.082750937	87.78823529
7.143067846	87.90021008
8.38747231	87.94327731
9.590274793	87.9605042
10.83781942	87.92605042
12.08161771	87.83991597
13.36345286	87.76239496
14.48287487	87.55567227
15.73399674	87.30588235
16.97266031	87.07331933
18.16007869	86.72016807
19.29567851	86.15168067
20.81123971	86.47037815
22.52704612	85.69516807
24.2251553	85.04054622
25.89344527	83.79159664
27.60137898	82.68046218
29.60021047	81.37983193
31.30862238	79.64852941
33.15021611	78.42542017
35.05592178	76.77163866
37.03191891	75.10063025
38.8279291	73.33487395
40.60811924	71.12121849
42.3310506	69.30378151
43.86855695	66.96953782
45.19093804	65.26407563
46.22740371	63.86008403
47.71183876	62.34411765
48.45897466	60.9487395
49.69072615	59.69117647
50.77047574	58.21827731
51.55159489	54.54894958
52.5995989	54.5144958
53.38381582	53.75651261
54.05656606	52.77457983
55.0830638	51.63760504
55.91333275	50.34558824
56.92006424	49.27752101
57.85797341	47.95105042
58.87351746	46.77962185
59.52409855	45.44453782
60.3793246	42.025
61.33216905	40.49180672
61.88963027	38.08004202
62.77400278	36.59852941
63.64662097	35.00504202
64.51537204	33.85945378
64.26971982	29.26848739
63.4962531	26.25205882
62.81537145	23.07455882
61.90066674	19.49997899
61.13829643	15.87457983
60.22615717	12.55840336
59.30616085	9.052731092
58.71322662	5.805462185
57.97156939	3.367857143
56.67123731	-0.490966387
55.70298196	-5.030252101
54.29173737	-12.74789916
52.373003	-20.6894958
50.62855416	-28.4157563
48.41340644	-35.83193277
46.33240622	-43.26533613
43.69624806	-50.30252101
40.99655733	-56.8487395
38.20181058	-63.13655462
35.3613852	-68.90756303
32.39171844	-73.90336134
29.61647549	-78.38235294
26.39976041	-82.34453782
23.36057665	-85.78991597
19.99335209	-88.54621849
16.74752281	-90.95798319
13.02425359	-92.68067227
9.28330665	-94.05882353
5.68314023	-94.66176471
1.957820935	-94.83403361
-1.686749292	-94.31722689
-5.496826053	-93.45588235
-9.495516229	-90.95798319
-11.24115021	-89.14915966
-12.64939402	-88.20168067
-14.03287545	-87.51260504
-15.31573202	-86.90966387
-16.80594254	-86.13445378
-18.14867666	-85.18697479
-19.58339164	-84.41176471
-20.91468817	-83.72268908
-22.29219625	-82.68907563
-23.75664533	-81.74159664
-25.17050995	-80.53571429
-26.59948711	-79.58823529
-28.0538003	-78.55462185
-29.46180045	-77.43487395
-30.68970088	-76.14285714
-31.75700092	-75.02310924
-32.6835566	-73.90336134
-33.66123482	-73.04201681
-34.69349054	-72.35294118
-35.57148889	-71.49159664
-36.47654978	-70.6302521
-37.38338316	-69.76890756
-38.39587624	-68.90756303
-39.38051374	-67.87394958
-40.51827422	-67.61554622
-42.00550371	-66.49579832
-43.32404781	-65.20378151
-44.77500544	-63.7394958
-46.1949106	-62.36134454
-47.54925261	-60.98319328
-59.3082916	-50.30252101
-60.56818271	-50.30252101
-62.05297035	-49.78571429
-63.44547752	-48.66596639
-64.94062681	-47.54621849
-66.20646741	-45.90966387
-67.98837348	-44.18697479
-69.56683069	-42.25756303
-71.26138747	-40.33676471
-72.54004012	-36.62436975
-72.18121966	-31.8697479
-71.7371295	-27.79558824
-70.8246153	-23.575
-70.01552052	-19.91428571
-69.41977434	-16.20189076
-68.82384427	-12.64453782
-67.87914497	-9.871008403
-67.25870835	-6.15
-66.44225365	-2.179201681
-65.54564388	1.782983193
-64.93770889	6.666806723
-63.6102663	11.62815126
-62.50125316	16.52058824
-61.31309562	21.55945378
-59.66484865	28.04279412
-57.16598065	37.1842437
-55.22430406	42.73991597
-53.80084358	47.32226891
-52.19094924	51.56008403
-50.5975295	55.42752101
-48.80306484	59.14852941
-47.29095954	62.65420168
-46.70862657	60.25105042
-45.86279286	63.8342437
-44.3341787	66.89201681
-43.25440204	68.94201681
-42.3198492	70.89726891
-41.52996148	71.78445378
-40.5125275	72.68886555
-39.58665928	73.91197479
-38.62222044	74.91113445
-37.80305675	75.95336134
-37.02791926	76.70273109
-36.26114619	77.48655462
-33.88750646	78.77857143
-32.72102549	79.63130252
-31.57524922	80.44957983
-30.4880071	81.14726891
-29.31057911	81.67268908
-28.17952897	82.05168067
-26.97175119	82.46512605
-25.85230965	82.91302521
-24.69933583	83.00777311
-23.70288443	83.34369748
-22.52474307	83.34369748
-21.35536028	83.43844538
-20.21090711	83.37815126
-18.9768869	83.19726891
-17.78155581	83.07668067
-16.66438409	82.85273109
-15.55931532	82.59432773
-14.35895832	82.38760504
-13.11521424	81.94831933
-12.09138408	81.49180672
-10.90045978	81.13865546
-9.7711938	80.61323529
-8.547097067	79.91554622
-7.465645081	79.31260504
-5.693097865	78.64936975
-4.634995441	77.96890756
-3.461773048	77.19369748
-2.270312713	76.35819328
-0.417638583	75.59159664
0.738487881	74.60966387
2.136680502	73.71386555
4.165147111	72.69747899
5.265146326	71.68970588
9.942315791	70.65609244
11.08324483	69.67415966
20.09971778	68.64054622
21.21935815	67.46911765
22.59135002	66.33214286
30.45049839	65.21239496
31.62110531	63.78256303
32.75683772	62.30966387
33.72425057	60.91428571
34.79801171	59.51029412
36.08892972	58.2355042
37.6053547	56.65063025
39.2023475	54.39390756
40.66374297	51.36197479
42.18502381	48.66596639
43.73178485	45.91827731
45.25067413	43.1447479
46.62956872	39.89747899
48.05156242	36.39180672
