"Bayrak and Sheikh 1996, AS2-HT"	
3169	
0	0
-0.413341782	-6.075063025
-0.464543131	-6.038886555
-0.338824258	-4.142205882
-0.28802408	-2.387647059
-0.265249271	-0.483214286
-0.223246911	1.231722689
-0.162797238	3.031932773
-0.201579627	4.944117647
-0.148968648	6.744327731
-0.149338886	8.096638655
-0.11793707	9.888235294
-0.097691697	11.77457983
-0.033356777	13.58340336
-0.106135767	14.78067227
-0.135252125	16.54642857
-0.126432433	18.27773109
-0.07102613	19.75063025
-0.060022747	22.29159664
-0.015615141	24.07457983
-0.056035266	25.78004202
0.026645411	27.89033613
0.131304521	29.75084034
0.143934426	31.56827731
0.245255978	33.61827731
0.277542388	35.34096639
0.327872278	37.02058824
0.462884485	38.75189076
0.5330777	40.55210084
0.655677197	42.43844538
0.749543715	44.21281513
0.854477902	45.9355042
0.847680774	47.73571429
0.96991102	49.82016807
1.132677235	51.94768908
1.185489604	53.95462185
1.324925495	55.89264706
1.394775493	57.64978992
1.528871368	59.47584034
1.489487475	61.47415966
1.763244923	63.48109244
1.808912676	65.63445378
2.039786796	67.52941176
2.035482513	69.5105042
2.073708066	71.40546218
2.248775739	73.21428571
2.353324344	74.85084034
2.45059475	76.74579832
2.599972409	78.55462185
2.698503385	80.62184874
2.81440136	82.60294118
2.960917011	83.98109244
3.060093849	85.53151261
3.158890061	87.08193277
3.215275415	88.8907563
3.47960459	88.54621849
3.487341965	88.37394958
3.38192066	86.30672269
3.236530254	84.32563025
3.075426846	82.17226891
3.022885755	80.01890756
2.959773843	78.03781513
2.861047513	76.2289916
2.719215279	74.16176471
2.635615882	72.09453782
2.49799973	70.19957983
2.428022803	68.30462185
2.320207723	66.1512605
2.206933972	64.17016807
2.099933093	62.10294118
2.004562613	60.13907563
1.882360717	58.03739496
1.746393858	56.08214286
1.697108459	54.22163866
1.608087789	52.35252101
1.465718212	50.4144958
1.404538585	48.38172269
1.29769348	46.35756303
1.183947588	44.29894958
1.105983366	42.19726891
0.952989517	40.22478992
0.866973614	38.24369748
0.861425023	36.13340336
0.703334579	33.9197479
0.543092329	31.72331933
0.462993728	29.85420168
0.365869517	27.83865546
0.26351172	25.92647059
0.18637817	23.92815126
0.14995943	21.9987395
0.0326282	20.00042017
-0.092999908	17.98487395
-0.139252584	16.13298319
-0.324683508	13.94516807
-0.347161267	11.9210084
-0.420549989	9.750420168
-0.47715499	7.433403361
-0.581849538	5.478151261
-0.636645364	3.617647059
-0.665350832	1.60210084
-0.720274914	-0.370378151
-0.761942738	-2.070672269
-0.696171001	-3.601281513
-0.691153201	-5.106911765
-0.615514576	-6.137079832
-0.590299444	-7.031155462
-0.5836067	-7.825315126
-0.535628671	-9.178487395
-0.496572881	-10.11821429
-0.474773863	-11.23537815
-0.474541683	-12.14151261
-0.429201726	-14.03130252
-0.382517949	-15.16827731
-0.338680436	-16.98571429
-0.370843982	-18.72563025
-0.391981625	-20.68088235
-0.35586164	-22.50693277
-0.413914899	-24.40189076
-0.472734042	-26.79642857
-0.49192409	-28.8894958
-0.521399352	-30.95672269
-0.608328255	-33.46323529
-0.621051156	-35.9697479
-0.745662676	-38.16617647
-0.84838154	-40.2592437
-0.841831647	-42.64516807
-0.987554596	-45.27226891
-1.111418254	-47.52037815
-1.179646016	-49.75987395
-1.260311104	-52.11134454
-1.295482636	-54.16134454
-1.43443175	-56.52142857
-1.520683115	-58.76953782
-1.649707495	-61.05210084
-1.727994774	-63.60168067
-1.870613668	-66.1512605
-1.956266666	-68.15819328
-2.077052739	-70.57857143
-2.1875148	-72.65441176
-2.353980114	-74.84222689
-2.431586002	-77.26260504
-2.593237772	-79.41596639
-2.702165339	-81.48319328
-2.873886339	-83.89495798
-3.032601442	-86.13445378
-3.158422418	-88.46008403
-3.379939397	-90.52731092
-3.461462265	-92.76680672
-3.600956488	-95.09243697
-3.797092811	-96.81512605
-3.936067283	-98.71008403
-4.085937983	-100.5189076
-4.286100253	-102.5
-4.399139795	-104.394958
-4.580548107	-106.0315126
-4.836134813	-107.6680672
-5.045304454	-109.4768908
-5.013704188	-107.8403361
-5.047042467	-106.289916
-4.952273878	-103.9642857
-4.77281181	-101.1218487
-4.63905294	-98.27941176
-4.435385726	-95.69537815
-4.233230043	-92.93907563
-4.036287795	-90.18277311
-3.903367772	-87.51260504
-3.769706061	-85.01470588
-3.585720188	-82.34453782
-3.379888281	-79.58823529
-3.248890199	-76.83193277
-3.142896653	-74.33403361
-2.979863941	-71.89642857
-2.82251958	-69.25210084
-2.629780282	-66.625
-2.506518613	-64.04957983
-2.302108177	-61.36218487
-2.162246584	-58.73508403
-2.052147669	-56.21995798
-1.9266229	-54.02352941
-1.819187652	-51.84432773
-1.640833143	-49.40672269
-1.538243266	-46.92605042
-1.31604603	-44.49705882
-1.212668053	-42.025
-1.148516475	-39.63907563
-1.030826001	-37.09810924
-0.897023344	-34.76386555
-0.812798045	-32.31764706
-0.706902134	-30.21596639
-0.614081336	-27.77836134
-0.547231009	-25.3407563
-0.513883182	-23.07542017
-0.431938037	-21.0512605
-0.439627545	-18.94096639
-0.42168689	-17.19243697
-0.449632511	-15.12521008
-0.325673552	-12.95462185
-0.3745546	-11.04071429
-0.394066276	-9.170735294
-0.470097791	-8.233592437
-0.448033751	-6.798592437
-0.502320508	-5.628886555
-0.538806712	-4.414390756
-0.630395293	-3.204201681
-0.573259334	-1.950084034
-0.646194968	-0.827752101
-0.701874108	0.473739496
-0.662881548	1.541806723
-0.764274193	2.971638655
-0.788500251	4.255042017
-0.80271976	5.581512605
-0.8710469	6.701260504
-0.856610571	8.492857143
-0.880000928	10.01743697
-0.826394693	11.43004202
-0.822341349	13.39390756
-0.82078547	15.40945378
-0.745722991	17.24411765
-0.707911605	18.7342437
-0.659859748	20.81869748
-0.581974613	22.91176471
-0.510911745	24.66890756
-0.406932873	26.67584034
-0.308909675	28.57941176
-0.194532302	30.54327731
-0.172318335	32.50714286
-0.007642436	34.4710084
0.123836001	36.39180672
0.204891677	38.32983193
0.240489617	40.49180672
0.391371525	42.30063025
0.463533039	44.21281513
0.585664572	46.2197479
0.693319102	48.22668067
0.781771537	50.44894958
0.931416273	52.33529412
1.064884383	54.19579832
1.138781764	56.2802521
1.238401796	58.18382353
1.350648396	60.0012605
1.495180955	62.05987395
1.567311031	64.17016807
1.691881177	66.49579832
1.864219383	68.47689076
1.913361684	70.54411765
2.016825401	72.61134454
2.125591402	74.50630252
2.25690866	76.74579832
2.388100367	78.29621849
2.481137341	80.19117647
2.582710693	82.08613445
2.657731961	84.32563025
2.901963279	86.22058824
3.036667461	88.20168067
3.082937282	90.26890756
3.301514659	92.25
3.38836245	94.40336134
3.535522179	96.21218487
3.703146723	98.19327731
3.904966613	100.3466387
3.984258581	102.4138655
4.328338631	104.4810924
4.376590295	106.289916
4.565399491	108.0987395
4.675784006	109.0462185
4.769976374	109.9936975
4.990323405	111.8886555
5.129280205	113.4390756
5.235212768	113.2668067
5.22492705	111.7163866
5.22481008	110.5966387
5.228530808	108.7878151
5.02457511	106.8928571
4.887134112	104.8256303
4.765081746	103.1029412
4.709928266	101.0357143
4.558825432	99.22689076
4.450801422	97.33193277
4.330577637	95.26470588
4.209702018	93.54201681
3.975028508	91.73319328
4.067188851	89.57983193
3.836781886	87.51260504
3.666608882	85.70378151
3.558869369	83.72268908
3.40953379	81.82773109
3.304183868	80.01890756
3.206936503	78.29621849
3.12240716	76.4012605
2.995352481	74.59243697
2.815562517	72.61134454
2.752987389	70.45798319
2.597284726	68.56302521
2.492995366	66.66806723
2.373698356	64.68697479
2.148180813	62.79201681
2.083036892	60.98319328
2.035467255	59.12268908
1.899826248	57.27941176
1.729304535	55.24663866
1.676145854	53.3
1.548889481	51.54285714
1.445452594	49.55315126
1.324174255	47.7012605
1.259943326	45.80630252
1.090956956	43.78214286
1.03974191	41.71491597
0.863084947	39.65630252
0.802748367	37.67521008
0.694126934	35.77163866
0.57975926	33.7302521
0.363894184	31.52521008
0.30539307	29.46659664
0.160300417	27.42521008
0.083276053	25.2460084
0.007736206	23.0237395
-0.163662636	21.15462185
-0.351708868	19.1907563
-0.371527067	16.94264706
-0.469279054	14.73760504
-0.561825463	12.62731092
-0.719937927	10.22415966
-0.760816516	8.148319328
-0.844712604	5.710714286
-0.917673014	3.669327731
-0.928976643	1.49012605
-0.978795738	-0.585714286
-0.965488595	-2.621071429
-0.984264761	-4.540147059
-0.93808326	-6.19737395
-0.924273311	-7.158634454
-0.866152377	-7.898529412
-0.820193833	-9.245672269
-0.671999982	-10.15955882
-0.645464072	-11.62901261
-0.643277059	-13.62647059
-0.614285045	-15.7539916
-0.601266202	-18.24327731
-0.625426903	-20.74978992
-0.616601396	-23.18739496
-0.655311917	-25.22016807
-0.723659552	-27.74390756
-0.771221131	-30.57773109
-0.755029603	-33.69579832
-1.015905259	-37.32205882
-1.070534474	-39.71659664
-1.144337246	-42.92941176
-1.330994645	-46.39201681
-1.439503932	-49.4842437
-1.532333458	-52.74012605
-1.625133003	-55.4447479
-1.771882882	-57.96848739
-1.848408287	-60.67310924
-2.038902854	-63.46386555
-2.099555039	-66.04789916
-2.296234056	-68.54579832
-2.400856692	-71.17289916
-2.594491129	-73.85168067
-2.734908513	-76.4012605
-2.875374936	-78.6407563
-2.94286898	-80.70798319
-3.097209978	-82.86134454
-3.234991758	-85.10084034
-3.375326247	-87.34033613
-3.521340553	-89.57983193
-3.682099859	-91.99159664
-3.894817986	-94.66176471
-4.035965365	-96.81512605
-4.179903886	-99.05462185
-4.342287138	-101.2941176
-4.495865004	-103.6197479
-4.658992468	-105.4285714
-4.840956107	-107.4957983
-5.012986253	-109.4768908
-5.176693606	-111.3718487
-5.34931146	-113.0945378
-5.519053016	-115.0756303
-5.714144209	-117.1428571
-5.932074982	-118.8655462
-6.100145834	-120.8466387
-6.410839512	-122.5693277
-6.617633808	-124.3781513
-6.843605414	-126.1008403
-7.108786635	-127.9096639
-7.138297473	-126.3592437
-7.101821965	-124.4642857
-6.936255248	-122.8277311
-6.867618283	-121.0189076
-6.713123283	-119.210084
-6.584627657	-117.8319328
-6.470786879	-115.9369748
-6.351719022	-114.2142857
-6.125037499	-112.4054622
-6.002651058	-110.5105042
-5.923366224	-108.3571429
-5.648571629	-106.4621849
-5.469392731	-104.4810924
-5.336120956	-102.2415966
-5.116728218	-99.82983193
-4.911202419	-97.41806723
-4.753759636	-95.26470588
-4.496450192	-92.16386555
-4.306218807	-89.57983193
-3.996914438	-86.73739496
-3.894127988	-83.89495798
-3.621021367	-80.8802521
-3.398972028	-78.03781513
-3.174361865	-75.02310924
-3.037239697	-71.87920168
-2.807776772	-69.10567227
-2.604251652	-66.11680672
-2.474372841	-63.32605042
-2.21718834	-60.35441176
-2.043419718	-57.44306723
-1.907455469	-54.22163866
-1.679474377	-51.41365546
-1.558083535	-47.99411765
-1.342140363	-44.97079832
-1.237606285	-41.99054622
-1.082615689	-39.29453782
-0.923021254	-36.24537815
-0.818385074	-33.23067227
-0.725913571	-30.48298319
-0.639775501	-27.70084034
-0.622163145	-25.02205882
-0.511446047	-22.55
-0.497887053	-20.36218487
-0.508209471	-18.26911765
-0.540824087	-16.17605042
-0.514571888	-13.91071429
-0.518180585	-11.78319328
-0.569217506	-9.628109244
-0.611197946	-8.159516807
-0.613323104	-6.439411765
-0.70029477	-4.748592437
-0.815127014	-3.312731092
-0.988938917	-1.79762605
-1.094960084	-0.50302521
-1.279266464	0.813109244
-1.37907274	2.377310924
-1.450633988	4.031092437
-1.482336558	5.68487395
-1.52967122	7.795168067
-1.519492372	10.0605042
-1.502637293	12.0157563
-1.462570285	14.07436975
-1.443552431	15.99516807
-1.478914123	18.21743697
-1.40281604	20.11239496
-1.379234136	22.0762605
-1.366304975	23.97983193
-1.280040223	26.07289916
-1.221788928	28.24348739
-1.183955243	30.38823529
-1.104835519	32.25735294
-0.983477573	34.36764706
-0.903601505	36.14201681
-0.808964026	38.02836134
-0.755653315	39.98361345
-0.640950113	42.12836134
-0.543983622	44.1697479
-0.410228086	45.98718487
-0.312896936	47.88214286
-0.233867553	49.77710084
-0.112463645	51.8012605
0.006567473	53.75651261
0.115115523	55.81512605
0.259298656	57.97710084
0.362267933	60.02710084
0.4824866	61.96512605
0.627781873	64.08403361
0.79257857	66.32352941
0.77971705	67.52941176
1.004885507	69.16596639
0.976536435	71.14705882
1.204528005	73.12815126
1.296725492	75.1092437
1.392335913	77.17647059
1.580641105	79.24369748
1.725805639	81.56932773
1.927556993	83.72268908
2.015400563	85.96218487
2.24853426	88.02941176
2.361031941	90.0105042
2.509239675	92.07773109
2.648576603	93.97268908
2.723128343	95.69537815
2.900327224	97.8487395
3.12665824	99.91596639
3.25503006	101.7247899
3.400758652	103.7058824
3.540168152	105.7731092
3.670112622	107.5819328
3.906195225	109.5630252
4.053658385	111.6302521
4.26514339	113.2668067
4.404908373	115.1617647
4.548872444	117.0567227
4.75899683	118.5210084
4.954424748	120.0714286
5.111260796	121.6218487
5.315946988	123.3445378
5.472103257	123.1722689
5.339268567	121.2773109
5.128674844	119.4684874
4.99073359	117.6596639
4.846011074	115.8508403
4.780015143	113.9558824
4.61748573	112.2331933
4.526505977	110.4243697
4.364601358	108.3571429
4.30696339	106.289916
4.071763099	104.4810924
3.951081165	102.3277311
3.774739372	100.605042
3.644723523	98.27941176
3.434976511	96.29831933
3.36210829	94.40336134
3.198735672	92.33613445
3.020618486	90.44117647
2.953828681	88.37394958
2.694197327	86.22058824
2.603961715	84.15336134
2.374054764	81.82773109
2.260119277	79.84663866
2.135087135	77.69327731
1.998431364	75.88445378
1.887156066	73.9894958
1.748518598	71.83613445
1.46674384	69.68277311
1.43233181	67.44327731
1.276918561	65.11764706
1.129497664	62.70588235
0.986819285	60.55252101
0.918426325	58.43361345
0.69079874	56.38361345
0.560821516	54.00630252
0.331837638	51.75819328
0.31473441	49.47563025
0.170532755	47.40840336
0.056394827	45.06554622
-0.082902841	42.88634454
-0.298023	40.86218487
-0.352814323	38.90693277
-0.401120464	36.90861345
-0.552489381	34.48823529
-0.735545049	32.27457983
-0.858486403	30.03508403
-0.976914421	27.91617647
-1.071694288	25.90063025
-1.17568529	23.70420168
-1.290793447	21.57668067
-1.431104415	19.59558824
-1.484655921	17.46806723
-1.639705643	15.2802521
-1.679947456	12.87710084
-1.730153153	10.66344538
-1.818176643	8.260294118
-1.877297209	5.771008403
-1.908186625	3.264495798
-2.007793593	0.861344538
-2.063434125	-1.929411765
-2.082026273	-4.056071429
-2.150962536	-6.636659664
-2.157280947	-8.072521008
-2.153358793	-10.0294958
-2.081552109	-11.6617437
-2.12623568	-14.59978992
-2.003152451	-17.63172269
-2.003034789	-21.11155462
-2.015671835	-24.19516807
-2.056386223	-26.65861345
-2.146133374	-30.06953782
-2.173377034	-33.86806723
-2.351545293	-38.08004202
-2.449437672	-42.36092437
-2.604763147	-46.87436975
-2.850452952	-51.38781513
-3.009795556	-55.49642857
-3.183188489	-59.72563025
-3.415802578	-64.15294118
-3.635834221	-68.79558824
-3.90133907	-73.06785714
-4.149837612	-77.43487395
-4.420220194	-81.48319328
-4.729561576	-85.61764706
-5.033580087	-89.49369748
-5.279591558	-92.85294118
-5.38742939	-95.00630252
-5.587865784	-96.98739496
-5.751067193	-99.22689076
-5.939370445	-101.4663866
-6.122703502	-103.3613445
-6.317637139	-105.2563025
-6.435397041	-107.4096639
-6.603387524	-109.2184874
-6.773108921	-111.0273109
-6.952723316	-112.9222689
-7.146458964	-114.5588235
-7.313105643	-116.7121849
-7.497738905	-118.3487395
-7.652437404	-120.2436975
-7.781055602	-119.3823529
-7.627838926	-117.4012605
-7.488074684	-115.4201681
-7.308156821	-113.5252101
-7.159474175	-111.6302521
-6.958579632	-109.6491597
-6.796722631	-107.6680672
-6.663497656	-105.4285714
-6.409686319	-103.3613445
-6.261566377	-101.2079832
-5.932675306	-96.81512605
-5.519934913	-92.07773109
-5.181094204	-87.7710084
-4.789753961	-83.03361345
-4.407665768	-78.21008403
-4.072872624	-73.38655462
-3.787126745	-69.28655462
-3.430123623	-64.6697479
-3.105841827	-59.7342437
-2.805595087	-55.09159664
-2.534832295	-50.39726891
-2.222290518	-45.53928571
-2.050713733	-40.87941176
-1.685465024	-36.12478992
-1.53135078	-32.06785714
-1.312601962	-27.58886555
-1.229589218	-23.46302521
-1.116194541	-19.65588235
-1.061703427	-16.47752101
-1.113171105	-12.96323529
-1.131293915	-9.771953782
-1.102107807	-8.286134454
-1.155717415	-7.083697479
-1.216579342	-6.24302521
-1.205874882	-6.952773109
-1.195838121	-4.428172269
-1.234563914	-1.887205882
-1.475959763	0.528865546
-1.6299016	3.41092437
-1.628392159	6.425630252
-1.612920395	9.156092437
-1.601790737	11.8262605
-1.592552082	14.54810924
-1.560997117	17.13214286
-1.559524464	19.61281513
-1.526172114	21.9987395
-1.465821321	24.22962185
-1.308886058	26.54663866
-1.284197373	28.59663866
-1.185740287	30.74138655
-1.086563806	32.83445378
-1.006212206	35.14285714
-0.864886781	37.33067227
-0.766017759	39.48403361
-0.59581516	41.77521008
-0.548471795	44.04054622
-0.393666973	46.05609244
-0.267890547	48.35588235
-0.135299986	50.65567227
0.01652832	52.90378151
0.144404089	55.32415966
0.307064533	57.76176471
0.464244482	60.06155462
0.604842503	62.54222689
0.79084634	64.94537815
0.935588916	67.52941176
1.173786851	69.76890756
1.302477299	72.09453782
1.48272101	74.16176471
1.552800025	76.83193277
1.784103848	79.07142857
1.938638939	81.48319328
2.095599935	83.46428571
2.24834825	85.96218487
2.450083924	88.37394958
2.642571837	90.61344538
2.832909326	92.93907563
2.967407021	95.52310924
3.20543227	97.76260504
3.414452148	100.2605042
3.637787173	102.5
3.83036893	104.8256303
4.015883299	107.1512605
4.252126965	109.3046218
4.428566712	111.5441176
4.609260638	114.0420168
4.808273179	116.2815126
4.985350812	118.5210084
5.174894319	120.5882353
5.440765968	122.9138655
5.663365851	125.1533613
5.943453206	127.3928571
6.129374484	129.2878151
6.352196001	131.355042
6.638310059	133.25
6.896747557	134.8865546
7.090239536	136.7815126
7.443012757	138.5903361
7.655484344	140.1407563
7.988825205	141.9495798
8.20758593	143.4138655
8.572901106	144.6197479
8.860448058	145.7394958
9.143460369	146.8592437
9.520681999	148.0651261
9.865913575	148.8403361
10.26710054	147.4621849
10.76998444	145.394958
11.28976109	143.9306723
11.83804158	143.7584034
12.1429019	144.1890756
12.42792345	144.2752101
12.84133456	143.9306723
13.15030206	143.6722689
13.47128067	143.5
13.8170175	144.0168067
14.16740401	143.8445378
14.56670822	144.3613445
14.88723752	144.5336134
15.1646014	145.0504202
15.47964663	145.1365546
15.85234019	145.8256303
16.11625806	146.1701681
16.46040597	146.342437
16.82326295	146.4285714
17.0005218	146.4285714
17.32315836	146.6869748
17.53088996	145.0504202
17.51078816	143.2415966
17.56765305	141.7773109
17.5706838	141.0882353
17.81315381	140.1407563
17.92859578	138.6764706
17.88600604	138.762605
17.89503249	136.7815126
17.70365439	134.8004202
17.42897724	132.9915966
17.23613188	130.9243697
16.97887736	128.9432773
16.70783935	126.7037815
16.30275983	123.2584034
15.86058489	119.7268908
15.37260304	116.2815126
14.93658158	112.9222689
14.49762135	109.5630252
14.04917642	106.2037815
13.61438275	102.7584034
13.1840085	99.1407563
12.74263797	95.86764706
12.32363869	92.42226891
11.85898162	88.97689076
11.44637798	85.61764706
11.10055667	82.43067227
10.6932692	79.24369748
10.2746665	75.79831933
9.912977829	72.35294118
9.481158279	68.99369748
9.014654332	65.63445378
8.691708765	62.18907563
8.365616392	59.18298319
7.983973036	56.17689076
7.566440213	53.00714286
7.279722994	49.65651261
6.860386413	46.28865546
6.503214124	43.19642857
6.14895518	39.89747899
5.841454939	36.62436975
5.49969111	33.65273109
5.193413588	30.71554622
4.837276912	27.39936975
4.521851494	24.35882353
4.18336901	20.69810924
3.850594601	17.28718487
3.553394357	13.30777311
3.223543548	9.405882353
2.976919259	5.159453782
2.685799472	0.999159664
2.464696502	-2.954411765
2.261704135	-6.724516807
2.180802034	-9.009663866
2.118369031	-11.62815126
2.095636742	-15.69369748
2.00913923	-20.39663866
1.847851667	-24.92731092
1.703142886	-29.38046218
1.396029279	-34.61743697
1.000672494	-40.9052521
0.600241258	-47.28781513
0.21299644	-53.95462185
-0.224978268	-60.20798319
-0.61950404	-66.88340336
-1.104418121	-73.1539916
-1.638147236	-79.15756303
-2.221942077	-85.70378151
-2.620844319	-90.69957983
-3.071110655	-95.69537815
-3.599024289	-101.1218487
-4.103279311	-106.1176471
-4.577128602	-110.855042
-5.06865576	-115.0756303
-5.313996072	-117.1428571
-5.55542181	-118.9516807
-5.787138479	-120.9327731
-5.990942334	-122.6554622
-6.239021644	-124.8088235
-6.513527012	-126.789916
-6.794046287	-128.8571429
-7.001691723	-130.6659664
-7.399981405	-133.5084034
-7.758196666	-136.4369748
-8.06649894	-139.0210084
-8.451772176	-141.1743697
-8.809416372	-143.4138655
-9.192925462	-145.5672269
-9.650683623	-147.6344538
-9.995019411	-149.2710084
-10.86556073	-131.7857143
-11.43475281	-129.9768908
-11.71083782	-130.6659664
-12.15480283	-131.5273109
-12.47573942	-132.4747899
-12.84939405	-133.4222689
-13.21450314	-134.1113445
-13.60833697	-134.7142857
-13.95269159	-134.8004202
-14.33502881	-135.4894958
-14.66068236	-136.1785714
-14.97771013	-135.8340336
-15.21864813	-135.5756303
-15.60370624	-134.4558824
-15.99400758	-133.0777311
-16.39605486	-132.7331933
-16.76254498	-132.3886555
-17.01030049	-132.8193277
-17.36528611	-133.3361345
-17.69691389	-133.5945378
-18.0878109	-134.1113445
-18.42836422	-134.2836134
-18.70449807	-134.197479
-19.22297433	-134.0252101
-19.1319584	-133.9390756
-19.50781023	-134.0252101
-19.86926103	-134.0252101
-19.90030198	-132.3886555
-20.01666881	-130.6659664
-20.00026365	-129.0294118
-20.01207754	-127.4789916
-20.08107223	-126.8760504
-20.07475944	-124.894958
-19.76296492	-122.4831933
-19.41123485	-119.8991597
-18.98940105	-117.1428571
-18.67100465	-115.2478992
-18.37438165	-113.4390756
-18.07102927	-111.6302521
-17.81729371	-109.7352941
-17.51807977	-107.9264706
-17.28714392	-105.9453782
-16.89120445	-103.8781513
-16.68050324	-102.0693277
-16.34485299	-100.0021008
-16.04582982	-98.10714286
-15.79085647	-96.29831933
-15.43871648	-94.4894958
-15.20605577	-92.33613445
-14.93527111	-90.61344538
-14.57326209	-88.71848739
-14.22458046	-86.6512605
-13.93188024	-84.92857143
-13.71914399	-82.77521008
-13.40320611	-81.05252101
-13.10289087	-78.81302521
-12.7663156	-77.00420168
-12.51753504	-74.85084034
-12.11367736	-72.72331933
-11.82358723	-70.6302521
-11.45714705	-68.82142857
-11.23233597	-66.64222689
-10.89633302	-64.50609244
-10.57406842	-62.55945378
-10.29036333	-60.36302521
-9.978958877	-58.51113445
-9.683555275	-56.42668067
-9.421964426	-54.42836134
-9.111583381	-52.35252101
-8.854705674	-50.34558824
-8.560205112	-48.69180672
-8.320754187	-46.92605042
-8.062155066	-44.9105042
-7.804824855	-43.07584034
-7.526927212	-41.19810924
-7.274692443	-39.1394958
-6.967751683	-36.96029412
-6.722491481	-35.10840336
-6.485647252	-33.09285714
-6.321219252	-31.24096639
-6.04889907	-29.23403361
-5.889301463	-27.49411765
-5.757919899	-25.71113445
-5.588707034	-23.92815126
-5.395199824	-21.68004202
-5.20875995	-19.31134454
-5.026183472	-17.20966387
-4.882584872	-15.05630252
-4.79507007	-12.90294118
-4.741925177	-10.93046218
-4.575526497	-8.912331933
-4.464668076	-7.862352941
-4.389688521	-6.236134454
-4.391596226	-4.522058824
-4.313516293	-2.962163866
-4.357626643	-1.396239496
-4.460106464	-0.046512605
-4.496718783	1.800210084
-4.460177127	3.350630252
-4.407063399	5.57289916
-4.198936546	7.579831933
-4.107249425	9.069957983
-4.023117235	11.07689076
-3.888224197	13.16995798
-3.709373917	15.44390756
-3.578223355	17.44222689
-3.45298649	19.37163866
-3.322323817	21.36134454
-3.004500862	23.59222689
-2.933895072	25.20294118
-2.67938353	26.85672269
-2.569397281	28.26932773
-2.323813518	30.18151261
-2.13685495	32.03340336
-1.936039311	33.78193277
-1.703778376	35.71995798
-1.457190168	37.76995798
-1.235216432	39.86302521
-0.934440982	41.68907563
-0.746191557	43.71323529
-0.473069353	45.8407563
-0.161617726	48.0802521
0.121636626	49.8460084
0.377185025	51.77542017
0.598565135	53.86848739
0.961641608	55.78067227
1.145816567	57.27941176
1.407721789	58.85567227
1.652539413	60.67310924
1.859438266	62.53361345
2.157678006	63.99789916
2.355096662	65.80672269
2.536788794	67.18487395
2.69946515	68.04621849
2.998677238	69.94117647
3.253236858	71.92226891
3.529490176	73.21428571
3.797757086	75.19537815
4.024218559	76.65966387
4.292844925	78.72689076
4.500571726	79.41596639
4.7343692	81.48319328
4.963504466	82.77521008
5.298890791	84.58403361
5.569686974	86.4789916
5.90022576	88.28781513
6.173839121	90.18277311
6.433410455	91.64705882
6.765434755	93.3697479
7.078900552	95.09243697
7.354465378	96.47058824
7.622196215	98.62394958
7.970811867	100.1743697
8.252112007	101.8109244
8.567868095	103.0168067
8.878782964	104.7394958
9.096637501	105.7731092
9.355181262	107.3235294
9.66690283	108.7016807
10.02717226	110.4243697
10.32030738	111.7163866
10.52256431	112.6638655
10.86566106	114.2142857
11.05084729	115.3340336
11.35428726	116.4537815
11.65641003	117.7457983
11.92151483	118.6932773
12.78688553	122.3970588
13.0321509	123.5168067
13.27991147	124.3781513
13.46070262	125.2394958
13.77795989	126.3592437
14.10823053	127.5651261
14.44261514	128.7710084
14.74228153	129.8046218
14.99813748	130.407563
15.35294635	131.6134454
15.59713508	132.302521
15.96838265	133.25
16.30718726	134.2836134
16.59183878	135.3172269
16.91947384	135.4894958
17.22018741	136.1785714
17.54533763	136.2647059
17.57755693	136.4369748
17.88322843	136.4369748
18.14066614	137.1260504
18.54500691	137.8151261
18.81952843	138.1596639
19.16419647	138.762605
19.48010017	138.9348739
19.67158049	137.039916
19.44999667	135.3172269
19.17417853	133.3361345
19.02245347	131.6995798
18.727803	129.7184874
18.51485375	127.6512605
18.23947696	125.7563025
17.82861382	123.947479
17.62907263	121.6218487
17.28348011	119.7268908
17.08820279	117.7457983
16.81783167	116.1092437
16.51185414	114.0420168
16.19066034	112.2331933
15.95289824	110.5105042
15.64944382	108.5294118
15.33444527	106.289916
14.98054393	104.1365546
14.81823631	102.6722689
14.48700443	100.605042
14.14576864	98.71008403
13.88000206	96.47058824
13.50668706	94.57563025
13.29162073	92.33613445
12.94234299	90.69957983
12.72291049	88.54621849
12.36010548	86.22058824
12.05026968	84.15336134
11.76378553	82.60294118
11.52288889	80.62184874
11.22952802	78.6407563
10.91232687	76.65966387
10.65552241	74.33403361
10.33960246	72.43907563
10.00265525	70.28571429
9.764418025	68.56302521
9.436476074	66.32352941
9.18559085	64.42857143
8.86442568	62.18907563
8.589450447	60.19936975
8.296445414	58.35609244
8.025703216	56.5644958
7.776524348	54.43697479
7.504628366	52.30084034
7.201770758	50.04411765
6.850950037	47.6237395
6.524345713	45.41869748
6.202112664	43.08445378
5.887010436	40.9052521
5.590904001	38.73466387
5.316905747	36.74495798
5.07964766	34.65189076
4.789781232	32.90336134
4.48367694	30.60357143
4.084466593	28.45021008
3.956075068	26.52941176
3.692368742	24.45357143
3.400591567	22.34327731
3.109034249	20.24159664
2.818801048	18.24327731
2.593923315	15.74537815
2.345612285	13.71260504
2.038605095	11.35252101
1.816945919	8.914915966
1.570328668	6.528991597
1.36646932	4.108613445
1.094734824	1.869117647
0.90280299	-0.55987395
0.651838865	-3.016428571
0.444406071	-5.247310924
0.247622033	-7.118151261
0.173650216	-9.019138655
0.053247425	-10.59367647
-0.019010023	-12.02867647
-0.151213678	-14.05714286
-0.236432676	-16.52920168
-0.388837263	-18.82037815
-0.583158307	-21.16323529
-0.747929488	-23.43718487
-0.929529876	-25.71113445
-1.21903675	-28.1487395
-1.412200989	-30.62079832
-1.732793953	-33.4460084
-2.05046576	-36.18508403
-2.357316256	-39.10504202
-2.747128391	-41.94747899
-3.067087432	-44.51428571
-3.505411263	-47.55483193
-3.849152056	-50.55231092
-4.262437051	-53.5842437
-4.625982832	-56.19411765
-5.049081604	-59.30357143
-5.473720803	-61.72394958
-5.920000453	-64.36827731
-6.312762267	-67.18487395
-6.734831552	-69.7947479
-7.12011572	-72.55105042
-7.560040243	-74.96281513
-8.058099497	-77.69327731
-8.554726245	-80.27731092
-9.070393996	-82.86134454
-9.498052013	-85.27310924
-10.01285941	-87.42647059
-10.48075937	-90.18277311
-10.96929598	-92.42226891
-11.31222727	-93.45588235
-11.57406531	-94.74789916
-11.97943529	-96.38445378
-12.27361051	-97.8487395
-12.56356604	-99.22689076
-12.8500749	-100.9495798
-13.13334002	-102.0693277
-13.49961292	-103.447479
-13.82609625	-105.0840336
-14.22383688	-106.2037815
-14.53898649	-107.5819328
-14.86283776	-108.8739496
-15.18130142	-110.1659664
-15.45173753	-111.4579832
-15.79228468	-112.4054622
-16.08092138	-113.6113445
-16.40775087	-114.644958
-16.51802535	-115.1617647
-16.86230113	-116.539916
-17.30519597	-117.6596639
-17.41562416	-118.4348739
-17.83595527	-119.6407563
-18.11095918	-120.6743697
-18.42444137	-121.6218487
-18.75213912	-122.5693277
-19.10689477	-123.2584034
-19.428381	-123.947479
-19.68965542	-124.894958
-20.07027921	-125.7563025
-20.37975522	-126.1869748
-20.60473244	-125.0672269
-20.87860454	-125.9285714
-21.2808961	-126.2731092
-21.57919427	-126.8760504
-21.96788543	-127.3928571
-22.06783727	-125.4117647
-21.86781072	-123.6029412
-21.61031483	-121.7941176
-21.33415296	-119.6407563
-21.15676585	-118.262605
-20.74534208	-116.2815126
-20.56532225	-115.2478992
-20.27443819	-113.3529412
-19.85807332	-111.5441176
-19.78660297	-110.2521008
-19.42560826	-108.3571429
-19.1005251	-106.5483193
-18.92073524	-104.8256303
-18.57045327	-102.8445378
-18.17510043	-100.5189076
-17.81107433	-98.19327731
-17.47673695	-95.86764706
-17.09058014	-93.88655462
-16.68079934	-91.64705882
-16.3129956	-89.32142857
-15.86794312	-86.99579832
-15.59048459	-84.75630252
-15.16657246	-82.60294118
-14.75736426	-80.19117647
-14.44335864	-78.12394958
-14.04762618	-76.05672269
-13.69938543	-73.90336134
-13.29689197	-71.62079832
-12.96677341	-69.31239496
-12.57096131	-67.10735294
-12.18375838	-64.73865546
-11.90412598	-62.53361345
-11.40458008	-60.34579832
-11.09201426	-58.26134454
-10.75070605	-55.91848739
-10.3650532	-53.55840336
-10.01340522	-51.30168067
-9.656081191	-49.19138655
-9.318608163	-46.87436975
-9.042522855	-44.54012605
-8.616520223	-42.22310924
-8.305837333	-40.0697479
-7.981658896	-37.95084034
-7.630619995	-35.66827731
-7.344321745	-33.34264706
-7.070331079	-31.11176471
-6.807446494	-28.87226891
-6.547712326	-26.53802521
-6.269746193	-24.33298319
-6.047191699	-22.42079832
-5.837704981	-20.27605042
-5.610801559	-18.22605042
-5.457261821	-16.41722689
-5.265591147	-14.35
-5.125364408	-12.41197479
-4.995027319	-10.86844538
-4.950746573	-9.278403361
-4.895764843	-8.27407563
-4.772294288	-6.311932773
-4.681312565	-4.685714286
-4.605835117	-3.156827731
-4.641824539	-1.751113445
-4.6552157	-0.416029412
-4.643531962	1.240336134
-4.559811484	2.859663866
-4.531350099	4.349789916
-4.351099795	6.356722689
-4.163864174	8.294747899
-4.078416072	9.896848739
-3.910724554	11.7487395
-3.729447899	13.40252101
-3.632779151	14.89264706
-3.475673608	16.91680672
-3.252126969	18.78592437
-3.038554556	20.62058824
-2.852024092	22.39495798
-2.644758837	24.49663866
-2.387751715	26.43466387
-2.240966162	27.93340336
-1.97879832	29.9144958
-1.762121223	31.65441176
-1.577693032	33.29096639
-1.271735372	35.50462185
-0.997128322	37.4512605
-0.729501898	39.38067227
-0.453650897	41.39621849
-0.139435747	43.50651261
0.129663439	45.68571429
0.4279308	47.70987395
0.734059977	49.45840336
0.978548721	51.62037815
1.259513221	53.2052521
1.558264524	54.91932773
1.729795589	56.24579832
2.03568049	58.34747899
2.366413305	60.11323529
2.674232376	62.22352941
2.856165541	63.56722689
3.205129339	65.37605042
3.500886351	67.35714286
3.85724006	69.25210084
4.15614211	71.06092437
4.385460016	72.69747899
4.688019964	74.42016807
4.958412791	76.05672269
5.289045477	77.95168067
5.524951345	79.41596639
5.875691148	81.22478992
6.147978742	82.68907563
6.506580358	84.75630252
6.752018315	86.30672269
7.078278851	88.02941176
7.435521723	89.75210084
7.703653776	91.30252101
7.97376345	92.76680672
8.323653582	94.31722689
8.655441073	96.21218487
9.003718641	97.93487395
9.372235645	99.57142857
9.744508537	101.4663866
10.04474307	103.0168067
10.36547973	104.5672269
10.74942828	106.1176471
10.96697937	107.5819328
11.46973979	109.3046218
11.77453021	110.7689076
12.13836741	112.1470588
12.42313923	113.8697479
12.76409901	115.0756303
13.17001783	116.7121849
13.51047156	118.0903361
13.88174861	119.4684874
14.27998288	120.8466387
14.5373307	122.3970588
14.88701607	123.4306723
15.27243015	124.7226891
15.65392114	126.3592437
15.96548435	127.3067227
16.38473888	128.5987395
16.72063205	130.0630252
17.12807532	130.9243697
17.4366398	131.6995798
17.7373799	132.5609244
18.08579594	132.8193277
18.42434884	133.5945378
18.77075579	134.0252101
19.12436339	134.9726891
19.38200973	135.5756303
19.81201481	136.3508403
20.02607142	136.8676471
20.39261825	137.4705882
20.67034262	137.9012605
21.11326577	138.3319328
21.46875593	138.9348739
21.44991122	139.1932773
21.57062846	139.3655462
21.80322059	139.6239496
22.22884137	139.710084
22.45383531	139.8823529
22.56271561	140.3991597
23.0149396	140.5714286
23.46427693	140.8298319
23.58149028	141.0882353
23.94068191	141.2605042
24.15168293	141.605042
24.34500105	141.605042
24.8612288	141.7773109
25.11996703	141.8634454
25.2712072	142.1218487
25.69754916	141.9495798
26.09329795	142.2079832
26.3682194	142.2079832
26.75391404	142.2079832
26.93550434	142.0357143
27.36754146	141.8634454
27.72587126	141.605042
28.09034956	141.1743697
28.26978388	141.4327731
28.78299361	141.2605042
29.05177289	141.1743697
29.32315832	140.9159664
29.61193658	140.7436975
29.82339947	140.5714286
29.82102942	140.5714286
30.3124546	140.4852941
30.65970612	139.710084
31.0768631	138.9348739
31.29466218	137.4705882
31.14780617	135.5756303
31.53761018	134.0252101
31.43839496	132.1302521
31.24039744	130.3214286
30.91421306	128.2542017
30.60862879	126.1869748
30.40208989	124.2920168
29.99023147	122.2247899
29.81391732	120.3298319
29.26686287	118.262605
29.2152815	116.1953782
28.93220355	114.8172269
28.50346674	113.4390756
28.21494498	111.6302521
27.941326	110.0798319
27.624745	108.1848739
27.31371434	106.4621849
27.14817591	104.6533613
26.8079496	102.9306723
26.54458137	101.2079832
25.99149499	99.82983193
25.82317204	97.93487395
25.52854638	96.55672269
25.21211188	94.92016807
24.8528263	93.28361345
24.57406885	91.64705882
24.32696621	89.92436975
23.87286118	87.7710084
23.79006539	85.96218487
22.91886241	81.82773109
22.49199818	80.01890756
22.22691194	78.12394958
21.89571173	76.2289916
21.56020839	74.33403361
21.19636992	72.35294118
20.83198927	70.28571429
20.47671999	68.21848739
20.05146956	66.23739496
19.71813959	64.08403361
19.28141246	62.10294118
18.91228927	59.97542017
18.55046976	58.02878151
18.13924192	55.79789916
17.80081324	53.79096639
17.3995468	51.75819328
17.03229462	49.81155462
16.6890404	47.83907563
16.34490893	45.85798319
15.95534866	43.91995798
15.64274829	41.94747899
15.22686267	39.99222689
14.85147094	38.13172269
14.49094396	36.2539916
14.10237524	34.44516807
13.76482203	32.33487395
13.37940434	30.35378151
13.00132369	28.42436975
12.64359487	26.39159664
12.25338275	24.52247899
11.85553214	22.37773109
11.41425944	20.53445378
11.10012543	18.45861345
10.69286014	16.23634454
10.27723359	13.80735294
9.906391471	11.63676471
9.519936367	9.371428571
9.128103824	7.312815126
8.679303337	4.909663866
8.368741823	2.661554622
7.983039595	0.422058824
7.615260574	-1.852752101
7.229637643	-4.009558824
6.97391598	-5.995819328
6.625201839	-7.527289916
6.373123406	-9.268928571
6.102901516	-10.98042017
5.914273231	-12.75995798
5.700536703	-14.55672269
5.405072508	-16.65840336
5.074599361	-18.72563025
4.804330639	-21.12016807
4.44008749	-23.3855042
4.110222166	-25.56470588
3.722000328	-27.80420168
3.361545597	-30.30210084
2.927557132	-32.69663866
2.511176643	-35.22037815
2.036006117	-37.91638655
1.569749587	-40.63823529
0.971461178	-43.27394958
0.502746928	-45.99579832
0.012736803	-48.5539916
-0.526885951	-51.38781513
-0.985605075	-53.86848739
-1.614626533	-56.6592437
-2.098844001	-59.15714286
-2.63029596	-62.12016807
-3.213811999	-64.81617647
-3.778022396	-67.41743697
-4.374575349	-69.95840336
-4.953327337	-72.49936975
-5.472495028	-74.74747899
-6.06194325	-77.26260504
-6.699286448	-79.67436975
-7.229601274	-82.25840336
-7.870175488	-84.58403361
-8.473180766	-86.99579832
-9.088754273	-89.40756303
-9.702022369	-91.73319328
-10.24171838	-94.05882353
-10.89783447	-96.38445378
-11.5396506	-98.62394958
-12.17087325	-100.8634454
-12.73099999	-102.9306723
-13.35271442	-104.8256303
-13.99764184	-107.0651261
-14.63270164	-109.1323529
-15.15229343	-110.6827731
-15.68457058	-111.8886555
-15.98160883	-113.2668067
-16.45714821	-114.1281513
-16.84623911	-115.3340336
-17.23599768	-116.4537815
-17.53367612	-117.4012605
-17.93961331	-118.4348739
-18.30917169	-119.2962185
-18.70817134	-120.0714286
-19.08754393	-121.1911765
-19.53584372	-121.8802521
-19.86588505	-122.5693277
-20.27451905	-123.6029412
-20.69313005	-124.3781513
-21.09257323	-124.7226891
-21.49485313	-125.2394958
-21.85783954	-125.842437
-22.39886608	-126.5315126
-22.81503895	-126.8760504
-23.19998695	-127.3067227
-23.62275983	-127.4789916
-24.06792071	-127.737395
-24.4842111	-127.2205882
-24.93231379	-127.3067227
-25.29326083	-127.3928571
-25.6043863	-127.4789916
-26.06135931	-127.6512605
-26.25510855	-127.737395
-26.46991283	-127.5651261
-26.93041809	-127.5651261
-27.33576511	-127.4789916
-27.70121338	-127.3928571
-28.09162332	-127.2205882
-28.41342808	-127.1344538
-28.59159405	-126.789916
-29.0539075	-126.8760504
-29.26857845	-126.6176471
-29.54843442	-126.6176471
-30.01465292	-126.3592437
-30.40808226	-126.2731092
-30.7484371	-125.7563025
-31.19389577	-125.0672269
-31.50440819	-124.8088235
-31.92619872	-124.2920168
-32.11285489	-123.7752101
-32.45884162	-123.1722689
-32.55443648	-123
-32.92166377	-122.7415966
-33.33180981	-122.5693277
-33.32512523	-121.7941176
-33.65224305	-121.5357143
-33.53742613	-120.9327731
-33.73129023	-119.3823529
-33.56603929	-118.262605
-33.61875327	-115.1617647
-32.71144813	-111.3718487
-31.92187717	-108.0987395
-31.29702741	-104.8256303
-30.44710416	-101.6386555
-29.86617664	-98.36554622
-29.42769457	-95.26470588
-28.81248789	-92.25
-28.1781264	-89.14915966
-27.43213186	-86.22058824
-26.69063497	-83.1197479
-26.3166342	-80.19117647
-25.47404449	-77.17647059
-25.10282186	-74.16176471
-24.528073	-71.06953782
-23.9157062	-68.21848739
-23.28919101	-65.43634454
-22.65810377	-62.51638655
-22.08632445	-59.57058824
-21.54929695	-56.6592437
-21.04825873	-53.81680672
-20.45682072	-50.91407563
-19.88074383	-48.01995798
-19.32417557	-45.34117647
-18.72686453	-42.36092437
-18.2033503	-39.6907563
-17.68383333	-36.77079832
-17.07139181	-33.79915966
-16.57135536	-31.28403361
-16.08167644	-28.53634454
-15.55988497	-25.96953782
-15.23194314	-23.70420168
-14.88786313	-21.15462185
-14.46936491	-18.79453782
-14.03277268	-16.56365546
-13.7239407	-14.38445378
-13.32307054	-12.14495798
-13.10541313	-10.37058824
-12.80090129	-8.424810924
-12.5265595	-7.244768908
-12.39245166	-5.543613445
-12.20149649	-3.88552521
-12.06269818	-2.817457983
-11.9408013	-1.08012605
-11.88498258	0.852731092
-11.59582269	2.73907563
-11.25921377	4.832142857
-10.97765814	6.968277311
-10.61226889	8.88907563
-10.28780131	10.78403361
-9.897958468	12.78235294
-9.594868651	14.61701681
-9.228030257	16.50336134
-8.936294273	18.32079832
-8.548660411	19.97457983
-8.128213307	22.04180672
-7.776021615	23.74726891
-7.438171233	25.40105042
-7.139603148	26.79642857
-6.749109697	28.54495798
-6.371036472	30.36239496
-5.95872777	31.89558824
-5.703343469	33.41155462
-5.426531833	35.06533613
-4.874098143	36.66743697
-4.501454185	38.4762605
-4.117679581	40.12142857
-3.809364592	41.78382353
-3.373155403	43.30840336
-2.948538003	45.07415966
-2.55244876	46.76239496
-2.142533114	48.27836134
-1.761299322	49.9407563
-1.338133107	51.47394958
-0.958293893	53.11911765
-0.560208447	54.91932773
-0.153686523	56.46113445
0.249228029	58.1407563
0.710253046	59.76869748
1.133840444	61.43970588
1.600757455	63.30882353
2.034267526	64.68697479
2.443269395	66.40966387
2.897741198	68.13235294
3.383580692	69.59663866
3.803560364	71.06092437
4.294046621	72.95588235
4.682111613	74.59243697
5.149896947	76.2289916
5.588132546	77.86554622
6.146405925	79.24369748
6.572009373	80.8802521
7.062400056	82.34453782
7.440721983	83.89495798
7.939637602	85.53151261
8.46548757	87.16806723
8.91666629	88.8907563
9.423840563	90.35504202
9.888501366	91.81932773
10.40370001	93.3697479
10.84224513	94.66176471
11.33279616	96.12605042
11.90147245	97.8487395
12.37999154	99.22689076
12.87455846	100.605042
13.40227052	102.0693277
13.9120219	103.447479
14.37653774	104.9117647
14.79837614	106.2037815
15.3550202	107.5819328
15.90956058	109.1323529
16.46979472	110.3382353
16.967713	111.7163866
17.42399986	112.9222689
18.00104049	114.3865546
18.47389352	115.592437
19.06487012	116.7121849
19.54842431	118.0903361
20.16255691	119.210084
20.70739411	120.3298319
21.25896002	121.7941176
21.73164704	122.052521
22.14367131	122.2247899
22.49976081	123
22.63028501	123.6890756
23.01487379	124.2920168
23.4956677	124.8088235
23.74147107	125.2394958
24.15543527	125.9285714
24.52888289	126.6176471
24.81245583	127.0483193
24.98592457	127.4789916
25.47324296	127.9096639
25.92808618	128.5987395
26.0384995	128.9432773
26.56494626	129.3739496
26.93152003	129.8907563
27.31925639	130.2352941
27.69820634	130.4936975
27.88111657	130.4936975
28.33105166	130.6659664
28.71830828	130.8382353
28.83525122	131.0966387
29.18568284	131.1827731
29.43571801	131.4411765
29.56501074	131.5273109
30.02111657	131.7857143
30.11908603	131.6134454
30.38403289	131.6134454
30.77514396	131.6134454
31.04270549	131.6134454
31.22012567	128.512605
30.25922764	123.0861345
29.6082901	119.4684874
28.96727913	115.3340336
28.29555696	111.2857143
27.37013602	107.5819328
26.90397165	104.0504202
26.10064364	100.2605042
25.43258417	96.55672269
24.67504047	92.85294118
24.28836916	89.49369748
23.58062366	85.96218487
22.91956844	82.25840336
22.06153478	78.81302521
21.5154346	75.19537815
20.78553713	71.49159664
20.19488839	68.13235294
19.48718032	64.60084034
18.95634821	61.5
18.22724632	57.96848739
17.63808145	54.6092437
16.9469215	51.25861345
16.35205492	48.09747899
15.7488138	44.84159664
15.10133304	41.76659664
14.56339103	38.44180672
13.86908406	35.65966387
13.26881058	32.43823529
12.65673767	29.12205882
12.05478652	26.0039916
9.16780982	11.3697479
8.55286305	7.967436975
7.88120633	4.694327731
7.219987501	1.188655462
6.630723941	-2.110294118
6.013248384	-5.329138655
5.533908254	-7.677163866
4.999659212	-10.49634454
4.595516148	-12.95892857
4.123281693	-16.2105042
3.542671431	-19.53529412
2.997145143	-22.82563025
2.25449432	-26.31407563
1.586903634	-29.41491597
0.937990538	-32.81722689
-0.038913001	-37.4512605
-1.319511832	-42.87773109
-2.728586189	-48.51092437
-4.019492242	-53.80819328
-5.525079328	-59.08823529
-6.954547419	-64.15294118
-8.389747921	-68.70945378
-9.854583994	-73.75693277
-11.43129601	-78.21008403
-13.07599475	-82.77521008
-14.59676886	-87.16806723
-16.11346044	-91.30252101
-17.63036318	-95.17857143
-19.04527781	-98.88235294
-20.67308742	-102.1554622
-22.280101	-105.4285714
-23.89738213	-108.5294118
-25.62133468	-111.1134454
-26.63681677	-111.6302521
-26.96805054	-112.2331933
-27.5554158	-112.8361345
-27.92700584	-113.0945378
-28.37939272	-113.4390756
-28.90159817	-113.9558824
-29.31961183	-114.7310924
-29.64933798	-115.0756303
-30.14013486	-115.3340336
-30.53720676	-115.3340336
-31.09766784	-115.8508403
-31.43963308	-116.1953782
-32.00683371	-116.7983193
-32.45067148	-116.7121849
-32.61743896	-116.7121849
-33.1968007	-116.8844538
-33.60441381	-116.8844538
-33.96897068	-116.1092437
-33.96103202	-112.5777311
-33.41327664	-110.1659664
-33.04275495	-106.8067227
-32.32991607	-103.447479
-31.67570678	-100.2605042
-30.83179079	-97.24579832
-30.1876414	-94.31722689
-29.63975726	-91.21638655
-28.93996712	-88.02941176
-28.33927355	-85.10084034
-27.91866819	-82.17226891
-27.0577141	-79.24369748
-26.39848855	-76.2289916
-25.87485164	-73.47268908
-25.29028473	-70.55273109
-24.72802797	-67.68445378
-24.06717937	-64.85063025
-23.56914258	-62.15462185
-22.96061201	-58.79537815
-22.10040515	-53.96323529
-21.12628385	-49.22584034
-20.14263081	-44.68655462
-19.26903154	-40.06113445
-18.40580528	-35.53046218
-17.47688246	-31.13760504
-16.8226428	-27.38214286
-15.98825839	-23.17878151
-15.26063759	-19.38886555
-14.65627088	-15.54726891
-14.08224357	-12.1105042
-13.58598325	-9.138865546
-13.23225447	-7.213760504
-12.90593347	-4.253319328
-12.73643754	-2.238634454
-12.28117916	1.145588235
-11.70476896	4.470378151
-11.14697682	7.915756303
-10.55774789	10.96491597
-10.00008919	14.18634454
-9.392732291	17.05462185
-8.744957439	20.15546218
-8.169928322	22.87731092
-7.59708509	25.64222689
-6.943554254	28.4157563
-6.297512376	31.11176471
-5.731356865	33.59243697
-5.06357566	36.24537815
-4.420733363	39.05336134
-3.783330341	41.66323529
-3.147038109	44.16113445
-2.48093645	46.91743697
-1.797309541	49.45840336
-1.099108293	52.22331933
-0.339642082	54.84180672
0.26938367	57.5894958
1.084495977	60.14768908
1.852686768	62.96428571
2.565922314	65.37605042
3.404421471	68.04621849
4.132404153	70.54411765
4.966315247	73.30042017
5.71886468	75.88445378
6.527224066	78.29621849
7.365052395	80.8802521
8.13753941	83.55042017
8.917174544	85.70378151
9.748961323	88.46008403
10.56764615	90.87184874
11.38424296	93.19747899
12.28672988	95.52310924
13.07202805	97.76260504
13.98489346	99.91596639
14.75381361	102.3277311
15.67074847	104.2226891
16.55191025	106.6344538
17.3354905	108.8739496
18.26585175	111.0273109
19.15765134	113.0084034
20.02556068	114.9033613
20.96514542	116.8844538
21.76843156	118.9516807
22.68413877	120.5882353
23.90264058	122.3970588
24.88943789	124.1197479
25.98959409	125.7563025
26.77806178	127.3067227
28.06377541	128.4264706
28.99377611	129.6323529
30.11766194	130.3214286
31.42508314	131.1827731
32.67853727	131.4411765
33.88813025	131.6134454
34.62436781	130.6659664
34.91433229	130.1491597
35.4612401	129.8046218
35.78110177	129.6323529
36.17426287	129.460084
36.51383385	129.2016807
36.96284958	129.2878151
37.24176574	129.2016807
37.64403742	129.0294118
38.17010207	128.9432773
38.35919037	128.8571429
38.87647021	128.5987395
39.23102987	128.5987395
39.43491499	128.512605
39.72134603	128.2542017
40.32424456	128.2542017
40.84677953	127.9957983
41.14472591	127.737395
41.68723844	127.5651261
41.90776011	127.0483193
42.28676739	126.6176471
42.55915869	126.1008403
42.98946778	125.6701681
43.37737435	125.4117647
43.27797841	124.5504202
43.70319486	124.1197479
44.01662746	121.5357143
44.06081972	121.5357143
44.10767189	120.5882353
44.0988305	117.1428571
44.05940133	115.0756303
43.65120928	114.0420168
43.27359452	111.9747899
43.07732493	109.9936975
42.72795921	108.7878151
42.49917878	107.4096639
42.34275838	105.5147059
41.95224458	104.394958
41.56982961	102.5
41.39300411	100.0021008
40.65555072	96.55672269
40.03181415	92.93907563
39.19984473	88.46008403
38.19340507	83.29201681
37.10619067	78.21008403
36.09968587	73.47268908
35.10813552	68.47689076
33.91942225	63.56722689
32.7639431	58.65756303
31.80394429	53.98907563
30.72864918	49.26029412
29.89055082	44.66932773
28.7068627	40.18172269
27.73218229	35.95252101
26.86473136	31.33571429
25.7070802	26.82226891
24.45327109	22.43802521
23.37974153	17.91596639
22.37655205	13.85903361
21.65038957	10.81848739
20.87373728	7.769327731
20.19142862	4.806302521
19.37761792	1.998319328
18.67671432	-1.128361345
17.95463006	-3.856239496
17.18089653	-6.500567227
16.65377748	-8.477352941
15.99219083	-11.05363445
15.42885781	-13.03128151
14.69979913	-15.62478992
14.02790159	-18.17436975
13.36068762	-20.64642857
12.60453993	-23.20462185
11.77607484	-25.90063025
10.94855698	-28.49327731
10.05330521	-30.97394958
9.211910856	-33.77331933
8.254555301	-36.49516807
7.28625845	-39.36344538
6.279069046	-42.13697479
5.295915618	-44.8157563
4.228591062	-47.44285714
3.200453423	-50.34558824
2.261029792	-52.96407563
1.204346313	-55.80651261
0.280921339	-58.36470588
-0.752871199	-60.93151261
-1.6950692	-63.61890756
-2.705583569	-66.18571429
-3.777442163	-68.74390756
-4.858169185	-71.12121849
-5.861641826	-73.67079832
-6.981819647	-76.14285714
-8.031991577	-78.46848739
-9.096721367	-80.79411765
-10.12705864	-82.68907563
-10.89055376	-84.2394958
-11.78799843	-85.96218487
-12.61670744	-87.5987395
-13.423283	-89.23529412
-14.29220046	-90.95798319
-15.04139327	-92.25
-15.97797058	-93.71428571
-16.70735356	-95.35084034
-17.59950402	-96.81512605
-18.35451418	-98.19327731
-19.19453651	-99.48529412
-19.99092285	-100.9495798
-20.84761426	-102.0693277
-21.53587909	-103.447479
-22.36856074	-104.7394958
-23.136946	-105.7731092
-23.98951057	-106.8067227
-24.70959945	-107.6680672
-25.64501955	-108.8739496
-26.6309064	-109.907563
-27.3377263	-110.5966387
-28.18622843	-111.5441176
-28.95243282	-111.8886555
-29.85440105	-112.75
-30.83233815	-113.3529412
-31.60571795	-113.5252101
-32.56839636	-114.1281513
-33.21483086	-113.8697479
-33.90065166	-113.3529412
-34.09008894	-113.0084034
-34.54924788	-112.8361345
-34.95351583	-112.6638655
-35.36471139	-112.75
-35.5904628	-112.8361345
-36.12698693	-112.9222689
-36.48844266	-112.6638655
-36.82367371	-112.6638655
-37.25052853	-112.6638655
-37.29156271	-112.4915966
-37.8913853	-112.4054622
-38.33220724	-111.802521
-38.7761319	-111.5441176
-39.057902	-111.2857143
-39.46244135	-111.1995798
-39.65856281	-110.9411765
-39.94572493	-110.6827731
-40.309935	-111.1134454
-40.6740306	-110.9411765
-41.09169786	-110.855042
-41.52578185	-110.855042
-41.72483899	-110.5966387
-42.17844342	-110.5966387
-42.37257437	-110.2521008
-42.74621542	-110.2521008
-43.18836047	-109.907563
-43.7021902	-109.5630252
-43.79174606	-109.2184874
-44.42324506	-109.0462185
-44.70199675	-108.7878151
-44.91892864	-108.4432773
-45.26119326	-108.0987395
-45.67247055	-107.9264706
-45.94771777	-107.4957983
-46.45410484	-106.8067227
-46.64041876	-106.289916
-46.95648093	-105.5147059
-46.75793744	-102.0693277
-46.47055448	-98.88235294
-45.77575223	-94.83403361
-45.24572218	-91.30252101
-44.44201008	-87.51260504
-43.46258221	-83.89495798
-42.95469045	-80.27731092
-42.03664849	-76.65966387
-41.34290666	-73.12815126
-40.40507603	-69.61386555
-39.64436263	-66.03067227
-38.85414466	-62.81785714
-37.96991544	-59.43277311
-37.15480286	-56.16827731
-36.32166039	-52.89516807
-35.69863328	-49.63928571
-34.86427166	-46.46092437
-34.19598372	-43.29978992
-33.38321996	-40.2592437
-32.90999089	-37.90777311
-32.25941442	-35.22037815
-31.54246573	-32.45546218
-30.7732411	-29.74222689
-30.29188965	-27.08067227
-27.96638284	-17.94180672
-27.66477973	-15.67647059
-27.20411802	-13.46281513
-26.76114203	-11.54201681
-26.45154852	-9.722857143
-26.13601231	-8.050987395
-25.87776455	-6.843382353
-25.58466401	-4.955315126
-25.28609689	-3.496197479
-25.1613843	-1.745945378
-24.54115955	0.423781513
-24.19846893	2.523739496
-23.67664792	4.539285714
-23.16364614	6.606512605
-22.70400429	8.716806723
-22.14773677	10.71512605
-21.60319989	12.69621849
-21.13779581	14.52226891
-20.46084017	16.36554622
-19.98959454	18.12268908
-19.3623804	19.94012605
-18.7375268	21.7144958
-18.22805647	23.48886555
-17.5968423	25.15987395
-17.22607948	26.52079832
-16.61508408	28.20903361
-16.00821819	29.87142857
-15.68684785	31.01701681
-15.06322859	32.66218487
-14.39276611	34.26428571
-13.84076433	35.79747899
-13.14819368	37.51155462
-12.58210128	39.13088235
-12.27849403	38.45903361
-12.20204898	37.52878151
-11.84249616	39.63046218
-11.34232561	41.6460084
-10.7339154	43.42037815
-10.18359329	45.05693277
-9.512190437	46.69348739
-7.929818187	50.48340336
-7.288552004	51.8012605
-6.672742615	53.28277311
-5.988079424	54.78151261
-5.388874524	56.21995798
-4.701506944	57.54642857
-4.033395708	59.12268908
-3.410955731	60.48361345
-2.75342011	61.8789916
-2.131091566	63.13655462
-1.392941597	64.60084034
-0.75383752	65.89285714
-0.074922459	67.44327731
0.640370526	68.73529412
1.312672195	69.94117647
1.962236538	71.23319328
2.64062486	72.69747899
3.384836811	74.07563025
4.082888845	75.45378151
4.756294293	76.74579832
5.448961266	78.29621849
6.168457592	79.41596639
6.844657361	80.62184874
7.494129905	81.74159664
8.29685592	83.03361345
8.977505452	84.41176471
9.635110693	85.70378151
10.42237549	86.99579832
11.06952317	88.28781513
11.74032096	89.57983193
12.51396485	90.61344538
13.20186057	91.81932773
13.8598533	93.02521008
14.6560557	94.23109244
15.34957897	95.43697479
16.10649843	96.47058824
16.77725911	97.59033613
17.50006228	98.79621849
18.22450871	99.91596639
18.92336394	101.0357143
19.69852972	101.9831933
20.35536753	103.2752101
21.11497978	104.2226891
21.75395074	105.4285714
22.80616155	106.4621849
23.54944377	107.4957983
24.49216943	108.6155462
24.81818286	109.3046218
25.60182231	110.2521008
26.61288333	111.1995798
27.17137306	112.1470588
28.11624124	113.0084034
29.02474799	113.7836134
29.80850697	114.7310924
30.68057682	115.4201681
31.44438062	116.1092437
32.25552642	116.8844538
32.98639081	117.4012605
34.08504871	117.9180672
34.82235425	118.5210084
35.46102093	118.8655462
36.27748019	119.2962185
37.26062222	119.5546218
38.31571677	119.8991597
38.89483964	119.8991597
39.78540641	119.1239496
39.87722796	118.5210084
40.49266179	118.9516807
41.3592916	119.6407563
42.12701253	119.210084
42.55031604	118.1764706
42.83440658	117.6596639
43.27353005	117.3151261
43.36348767	116.9705882
43.8612796	117.0567227
44.17286574	116.4537815
44.22367292	112.4915966
43.60049416	109.5630252
43.23988901	106.8067227
42.81287499	104.3088235
42.27206155	101.6386555
41.64527883	98.88235294
41.56021881	96.38445378
40.99281439	93.71428571
40.81870828	91.30252101
40.26878902	88.63235294
39.49352856	86.13445378
39.17665744	83.72268908
38.6816463	80.96638655
38.19479579	78.55462185
37.49022926	76.14285714
36.9597983	73.73109244
36.58999975	71.14705882
36.18416137	68.73529412
35.50345263	66.23739496
34.8561106	63.91176471
34.55586898	61.5
33.95442149	59.18298319
33.49885662	56.91764706
32.89080912	54.59201681
32.27801307	52.34390756
32.09166277	49.96659664
31.48478992	47.75294118
30.96854982	45.47037815
30.26984048	43.17058824
30.01018447	41.04306723
29.41535458	38.87247899
28.94927368	36.58130252
28.53074019	34.41932773
27.84030682	32.18844538
27.28524757	29.95756303
26.87681103	27.78697479
26.26830239	25.45273109
25.79737927	23.30798319
24.917944	21.01680672
24.41488185	18.66533613
23.91753317	16.44306723
23.29809732	14.1605042
22.69661017	11.81764706
22.19785011	9.67289916
21.63250089	7.433403361
21.06980469	5.185294118
20.50848043	2.954411765
19.84158302	0.732142857
19.3387471	-1.481512605
18.63412503	-3.645210084
18.11314345	-5.716743697
17.70992285	-7.178445378
17.18729854	-8.752121849
16.6671342	-10.63760504
16.25770646	-12.00369748
15.72786697	-13.85042017
15.10599617	-15.82289916
14.55160776	-17.6144958
14.00341181	-19.50084034
13.54415029	-21.19768908
12.92000181	-22.95483193
12.32606445	-24.78088235
11.69910857	-26.58970588
11.09427526	-28.36407563
10.40036943	-30.05231092
9.733566614	-31.89558824
8.995560631	-33.65273109
8.308021114	-35.53046218
7.550265795	-37.27037815
6.761277499	-39.1394958
5.976762434	-40.93109244
5.21704209	-42.72268908
4.488712943	-44.42815126
3.700363567	-46.19390756
2.850381917	-47.78739496
2.144564795	-49.44117647
1.308365433	-51.00021008
0.576805026	-52.59369748
-0.237519831	-54.28193277
-1.031699686	-55.84957983
-1.790645156	-57.34831933
-2.640207039	-58.83844538
-3.433617451	-60.39747899
-4.197180827	-61.70672269
-5.018009792	-63.19684874
-5.879301246	-64.6697479
-6.720379211	-66.01344538
-7.548191422	-67.40021008
-8.416975128	-68.77836134
-9.259403576	-70.14789916
-10.13951965	-71.50882353
-10.92037842	-72.78361345
-11.74903091	-74.04117647
-12.58349175	-75.28151261
-13.49352137	-76.48739496
-14.36547588	-77.69327731
-15.16533456	-78.98529412
-16.06420697	-80.19117647
-16.8031399	-81.39705882
-17.65644147	-82.34453782
-18.46485791	-83.63655462
-19.30798772	-84.75630252
-20.09267952	-85.78991597
-20.95953056	-86.73739496
-21.75525646	-88.02941176
-22.539539	-88.8907563
-23.33689962	-90.0105042
-24.25022638	-90.95798319
-25.00292394	-91.90546218
-25.81472958	-92.76680672
-26.58322803	-93.62815126
-27.56231802	-94.66176471
-28.57993762	-95.43697479
-29.06631086	-96.12605042
-30.22294999	-96.81512605
-30.96794023	-97.50420168
-31.81620348	-98.10714286
-32.68423179	-98.88235294
-33.3612906	-99.05462185
-34.46272328	-100.0021008
-35.10284262	-100.605042
-36.20365967	-100.8634454
-36.96771225	-101.4663866
-38.10133379	-101.8109244
-38.75537065	-101.9831933
-39.96158892	-102.1554622
-40.84051793	-101.8109244
-41.71475426	-102.3277311
-42.375908	-101.6386555
-42.76187108	-100.9495798
-42.93324237	-100.6911765
-43.48553328	-100.605042
-43.67378395	-100.3466387
-44.17615528	-100.2605042
-44.29547342	-99.91596639
-44.44600829	-99.91596639
-45.03113643	-99.91596639
-45.36787808	-99.74369748
-45.67018145	-99.57142857
-46.1356756	-99.57142857
-46.50042015	-99.22689076
-46.82106211	-99.1407563
-47.04467977	-98.88235294
-47.25913606	-98.62394958
-47.6069536	-97.50420168
-46.95564747	-94.40336134
-46.39504193	-91.90546218
-45.89069315	-89.32142857
-45.60465373	-86.82352941
-45.05957135	-84.32563025
-44.45984516	-81.56932773
-43.8770295	-78.21008403
-43.08539876	-74.76470588
-42.17086445	-71.26764706
-41.40020147	-67.88256303
-40.58317317	-64.53193277
-39.92754989	-61.22436975
-38.96058509	-57.89957983
-38.32019511	-54.57478992
-37.43440034	-51.36197479
-36.69423647	-48.05441176
-35.98251494	-44.91911765
-35.27502521	-41.68046218
-34.57473153	-38.65714286
-33.65403421	-36.31428571
-33.28083137	-33.17037815
-32.34721705	-30.60357143
-31.88723074	-27.85588235
-31.43199762	-25.13403361
-30.71176268	-22.58445378
-30.14019512	-19.97457983
-29.64208052	-17.58004202
-29.07162971	-15.26302521
-28.55987436	-12.96323529
-28.10920994	-10.90892857
-27.69323303	-8.916638655
-27.51118656	-7.82789916
-27.10398319	-6.07592437
-26.85831544	-4.229201681
-26.66331973	-2.990588235
-26.14847588	-0.813109244
-25.66872623	1.309243697
-25.13557759	3.600420168
-24.6461559	5.727941176
-24.07884225	7.97605042
-23.65529265	9.982983193
-23.08171692	11.88655462
-22.56875346	13.71260504
-21.97778826	15.5644958
-21.37433684	17.64033613
-20.88724464	19.42331933
-20.25660032	21.27521008
-19.71246681	23.04096639
-19.18774477	24.77226891
-18.52036448	26.33991597
-18.29312281	27.08928571
-17.70357222	28.93256303
-17.21634424	30.56911765
-16.74444343	32.11953782
-16.0519285	33.5407563
-15.46597171	35.16008403
-14.89144646	36.84831933
-14.20769601	38.31260504
-13.55258888	39.77689076
-12.97666445	41.43928571
-12.36914305	42.74852941
-11.73324575	44.18697479
-11.11816789	45.71155462
-10.47179612	47.07247899
-9.820961843	48.54537815
-9.191017359	49.90630252
-8.499951276	51.31890756
-7.865560889	52.71428571
-7.167184022	54.0407563
-6.492706643	55.42752101
-5.773229894	56.71953782
-5.074002427	58.11491597
-4.398071382	59.50168067
-3.739654628	60.82815126
-3.132933944	62.01680672
-2.435931434	63.22268908
-1.678925582	64.60084034
-1.003831383	65.80672269
-0.263824065	67.18487395
0.4413531	68.30462185
1.200840003	69.68277311
1.918214144	70.88865546
2.591976429	72.00840336
3.272363044	73.38655462
3.995582169	74.42016807
4.750955185	75.79831933
5.472361636	76.91806723
6.187566539	78.21008403
6.983515146	79.24369748
7.744415297	80.44957983
8.410404858	81.56932773
9.191604038	82.68907563
9.88595018	83.72268908
10.63551906	84.84243697
11.35335862	86.13445378
12.07424801	87.16806723
12.90852416	88.37394958
13.59787294	89.40756303
14.24903146	90.26890756
15.10645821	91.38865546
15.77355838	92.59453782
16.51597932	93.71428571
17.30844486	94.66176471
18.00902442	95.78151261
18.82763314	96.81512605
19.62478821	97.76260504
20.38724448	98.79621849
21.17330331	99.57142857
21.91516856	100.605042
22.87976958	101.6386555
23.58491115	102.5861345
24.25376449	103.5336134
25.18919303	104.394958
25.86614067	105.4285714
26.55559096	106.2037815
27.4032557	107.1512605
28.27586086	107.9264706
29.1315979	108.7016807
29.74307547	109.5630252
30.58439277	110.3382353
31.48164152	110.9411765
32.45893174	111.6302521
33.30011145	112.3193277
34.13109613	112.9222689
34.75301923	113.5252101
35.66706634	114.0420168
36.82252092	114.3004202
37.55160032	114.5588235
38.36669492	114.8172269
39.19078831	115.0756303
40.21339142	115.1617647
41.19319026	115.2478992
41.93594793	115.2478992
43.12831651	115.1617647
44.06843602	115.0756303
45.09102446	114.8172269
46.20858339	114.644958
47.07898967	114.3004202
47.88376888	113.6113445
48.4153988	113.3529412
49.11957824	113.0084034
49.81213419	112.5777311
50.48818518	112.4054622
51.19432716	111.9747899
51.56927247	111.1134454
51.94452476	110.5966387
52.46549201	110.0798319
52.91150275	109.8214286
53.1439678	109.5630252
53.58091866	109.2184874
53.82362166	108.8739496
54.22178131	108.7878151
54.3987069	108.5294118
54.66185482	108.5294118
54.90176901	108.1848739
55.38732537	108.012605
55.78282354	107.8403361
56.11709552	107.4957983
56.66424676	107.3235294
56.98175839	106.8928571
57.43722369	106.1176471
57.76309429	104.394958
58.19519035	99.91596639
57.9412257	97.24579832
57.47865882	94.66176471
56.76664146	91.99159664
56.28004975	89.40756303
56.04077246	86.82352941
55.3997962	84.41176471
54.66078974	81.82773109
54.39084314	79.41596639
54.03414452	76.83193277
53.37918987	74.42016807
52.68696897	72.00840336
52.41347756	69.59663866
51.88060029	67.18487395
50.90083459	63.30882353
49.88606735	58.57142857
48.91926909	54.29054622
47.77548174	49.71680672
46.73283888	45.08277311
45.75629881	40.74159664
44.47219361	36.21092437
43.24902729	31.65441176
42.37585564	26.9342437
41.10879677	22.34327731
40.14621711	18.06239496
39.08729582	13.63508403
37.64494181	9.233613445
36.52601603	5.021638655
35.0659063	0.895798319
33.97718144	-3.143907563
32.84309334	-6.730546218
31.87521483	-9.852058824
30.83673326	-12.56098739
29.76865242	-16.13298319
28.45243332	-19.54390756
27.29899397	-22.76533613
26.01053747	-25.90063025
24.69244283	-29.02731092
23.34408438	-31.93865546
21.86853654	-35.08256303
20.40916792	-37.87331933
18.8874175	-40.69852941
17.25767871	-43.48928571
15.71613064	-46.10777311
14.02692799	-48.57121849
12.43268364	-50.93130252
10.73464451	-53.42058824
9.024153086	-55.77205882
7.51450371	-57.83928571
5.748892651	-60.0012605
4.05815694	-62.23214286
2.353713667	-64.36827731
0.622775905	-66.40966387
-1.145227822	-68.45966387
-2.869284221	-70.48382353
-4.622809551	-72.41323529
-6.359977651	-74.19621849
-8.107612791	-75.97058824
-9.953869693	-77.86554622
-11.69833071	-79.58823529
-13.46012515	-81.39705882
-15.16413858	-83.03361345
-16.96358597	-84.67016807
-18.74898644	-86.30672269
-20.37126936	-87.85714286
-21.91899918	-89.23529412
-23.66693728	-90.95798319
-25.24855257	-91.99159664
-26.90772459	-93.11134454
-28.76860168	-94.05882353
-30.52266023	-95.52310924
-32.21232437	-96.47058824
-33.74700619	-96.7289916
-35.49703152	-98.0210084
-37.55154933	-98.19327731
-39.44087709	-98.53781513
-41.07007409	-98.27941176
-42.96301069	-98.19327731
-44.30861213	-96.81512605
-44.83264641	-95.78151261
-45.13566023	-94.83403361
-45.4951187	-94.40336134
-45.72386372	-94.05882353
-46.18153826	-93.80042017
-46.57469778	-93.71428571
-46.89924637	-93.45588235
-47.22900248	-93.3697479
-47.38077515	-93.28361345
-47.81105429	-93.3697479
-47.94118822	-93.11134454
-48.50339897	-93.28361345
-48.80012878	-93.11134454
-49.51490061	-92.93907563
-49.87322783	-92.68067227
-50.24932067	-92.33613445
-50.51440363	-92.33613445
-51.04809446	-91.99159664
-51.26273804	-91.47478992
-51.97454523	-91.21638655
-52.30074111	-90.87184874
-52.70538383	-90.09663866
-52.69937499	-89.66596639
-53.07601025	-89.49369748
-53.59385255	-89.14915966
-53.8521934	-88.8907563
-54.05804899	-88.54621849
-54.27263722	-88.28781513
-54.5571315	-88.11554622
-54.93937186	-87.85714286
-55.22232798	-87.51260504
-55.62449312	-87.25420168
-56.04045992	-86.90966387
-56.25114191	-86.82352941
-56.64907208	-86.4789916
-56.93838661	-86.13445378
-57.17001611	-85.78991597
-57.50389609	-85.70378151
-57.87826467	-85.44537815
-58.21295688	-85.10084034
-58.62091639	-84.75630252
-58.98482966	-84.41176471
-59.26546533	-84.06722689
-59.6594345	-83.80882353
-60.05456548	-83.29201681
-60.44610886	-83.03361345
-60.5800657	-82.34453782
-60.76715615	-82.34453782
-61.11640493	-81.74159664
-60.61364373	-76.74579832
-59.34819194	-71.66386555
-58.13281089	-67.09012605
-57.17881527	-62.525
-56.20207724	-58.00294118
-55.40674062	-53.66176471
-54.35092941	-49.38088235
-53.22953143	-45.09138655
-52.38001843	-41.21533613
-51.73500003	-37.20147059
-51.1080762	-33.80777311
-50.18454875	-30.62079832
-49.46383409	-27.07205882
-48.52314551	-23.67836134
-47.85906992	-20.42247899
-47.20980642	-17.2355042
-46.41523719	-14.40168067
-45.74189706	-11.60231092
-45.42897978	-8.984684874
-44.83087624	-7.386029412
-44.49459437	-4.820084034
-44.19089401	-2.996617647
-43.45376962	-0.101638655
-42.91941866	2.790756303
-42.01553863	5.34894958
-41.59256925	7.97605042
-40.86529092	10.48256303
-39.93783007	12.9460084
-39.37208037	15.40945378
-38.35298505	17.82121849
-37.84706733	20.15546218
-37.16243905	22.11071429
-36.55601636	24.23823529
-36.16833513	24.57415966
-35.60157159	27.26155462
-34.97263646	28.96701681
-33.92943067	31.73193277
-32.73206626	34.93613445
-31.60074988	37.93361345
-30.42467867	40.87079832
-29.21938721	43.48928571
-27.92599655	46.15945378
-26.64125726	48.74348739
-25.25611388	51.25861345
-23.75326178	53.65315126
-22.19254924	55.88403361
-20.77913652	58.10630252
-19.2304662	60.26827731
-17.68176584	62.20630252
-16.07801153	64.08403361
-14.41971626	66.1512605
-12.8535498	67.96008403
-11.21814228	69.59663866
-9.650166319	71.40546218
-7.976727647	73.04201681
-6.365098643	74.76470588
-4.78368468	76.4012605
-3.201867127	77.77941176
-1.517735959	79.41596639
0.154376753	80.8802521
1.775787039	82.34453782
3.423897221	83.72268908
5.080181169	85.18697479
6.760413683	86.4789916
8.31650846	87.85714286
10.02556954	88.97689076
11.65946291	90.35504202
13.29100914	91.64705882
15.00255782	92.85294118
16.71555536	94.05882353
18.35907583	95.09243697
20.10647202	96.47058824
21.73478904	97.50420168
23.60380044	98.53781513
25.23556752	99.74369748
26.79429286	100.605042
28.66156868	101.8109244
30.55252171	102.6722689
32.17889606	103.3613445
34.08652255	104.0504202
35.97479577	104.5672269
37.77396205	105.0840336
39.64990626	105.342437
41.28909155	105.342437
43.55881333	105.0840336
45.33085121	104.8256303
47.28362807	104.394958
49.20742704	103.7058824
50.64591717	101.9831933
51.39457991	101.4663866
52.29290434	101.0357143
53.03750285	100.5189076
53.7925486	100.0021008
54.18313168	99.57142857
54.84872052	99.22689076
55.47103367	98.88235294
56.07825857	98.53781513
56.5706845	98.19327731
57.09932827	97.93487395
57.56435478	97.59033613
58.2205019	96.81512605
58.31039074	93.71428571
58.81235774	89.92436975
58.64564283	87.85714286
58.26996852	85.78991597
57.98002955	84.06722689
57.30360282	82.08613445
57.23539515	79.93277311
56.43160547	75.97058824
55.4470657	70.97478992
54.1923943	66.23739496
53.25825944	61.58613445
52.16699715	57.1157563
51.02052154	52.51617647
50.20036877	47.92521008
48.71676101	43.34285714
48.0151854	38.88109244
46.78679512	34.41932773
45.4139218	29.65609244
44.46285331	25.12542017
43.34013391	20.52584034
41.97658866	15.93487395
40.76309156	11.34390756
39.86212397	6.864915966
38.31385212	2.566806723
37.27359578	-1.507352941
36.23988336	-5.399768908
35.01780149	-8.435147059
33.79196224	-11.31806723
32.36930187	-16.33970588
29.93319432	-23.26491597
27.46431945	-29.46659664
26.02637271	-32.20567227
24.48876091	-35.24621849
22.95533933	-38.23508403
21.39638312	-40.93109244
19.88466394	-43.40315126
18.34075299	-45.71155462
16.67793559	-48.16638655
14.95138674	-50.26806723
13.18718514	-52.43004202
11.40175297	-54.36806723
9.748431412	-56.15105042
8.097782707	-57.99432773
6.382835952	-59.57920168
4.693685754	-61.22436975
2.91076302	-62.75756303
1.206023692	-64.25630252
-0.530705108	-65.6947479
-2.329777304	-67.18487395
-4.152545	-68.44243697
-5.907212468	-69.68277311
-7.604767956	-70.9144958
-9.428451054	-72.11176471
-11.28302982	-73.28319328
-13.16874067	-74.31680672
-14.92299008	-75.45378151
-16.66527165	-76.48739496
-18.44677937	-77.43487395
-20.18961974	-78.29621849
-21.93742758	-79.15756303
-23.58973409	-79.7605042
-25.44634397	-80.96638655
-26.97308168	-81.65546218
-28.61386466	-82.34453782
-30.61415888	-82.68907563
-32.22883204	-83.72268908
-34.18592062	-84.06722689
-35.63016908	-84.06722689
-37.40634746	-84.75630252
-39.35726688	-84.75630252
-41.14818574	-85.01470588
-42.92924269	-84.75630252
-44.55723244	-84.58403361
-46.25150276	-83.72268908
-47.94462078	-83.37815126
-49.49596137	-82.17226891
-50.99762462	-81.48319328
-52.98337912	-80.44957983
-54.48088656	-78.98529412
-56.16912898	-77.86554622
-58.03969437	-75.97058824
-59.56901629	-73.90336134
-59.85259458	-72.35294118
-60.08503017	-71.9394958
-60.20407275	-71.4657563
-60.77462586	-71.17289916
-61.10809577	-70.81113445
-61.4968965	-69.01092437
-61.19787003	-63.71365546
-59.5284173	-56.50420168
-57.935727	-50.01827731
-56.68540529	-43.87689076
-55.1735154	-37.79579832
-54.03553817	-31.76638655
-52.93239007	-26.58970588
-51.81420211	-21.78340336
-50.710412	-16.96848739
-49.69054824	-12.48088235
-49.04134599	-8.53592437
-48.54097181	-5.74
-47.96694264	-2.653802521
-47.17603071	1.834663866
-46.14950338	6.15
-45.12060683	10.0605042
-44.20789296	13.91071429
-42.92206471	17.64894958
-41.59124296	21.28382353
-41.42679965	22.42941176
-40.8150309	24.9789916
-39.83898047	27.96785714
-38.6988886	31.28403361
-37.52976688	34.59159664
-36.33813784	37.79579832
-35.22925938	41.08613445
-34.09250787	43.96302521
-32.88502442	46.79684874
-31.65003573	49.65651261
-30.28975507	52.33529412
-28.94192914	54.90210084
-27.61133295	57.44306723
-26.14595571	59.91512605
-24.68209854	62.08571429
-23.86814422	62.46470588
-22.76113351	64.77310924
-22.06452621	64.8592437
-21.6665865	64.94537815
-21.34808081	65.46218487
-21.01245148	65.72058824
-20.72913317	66.1512605
-20.33702001	66.49579832
-19.91733717	66.92647059
-19.57044541	67.44327731
-19.23007138	68.13235294
-18.9342288	68.30462185
-18.54927423	68.21848739
-18.18379486	68.30462185
-18.04483322	68.3907563
-17.6432613	68.73529412
-17.31991361	68.90756303
-16.51507829	69.59663866
-16.00256505	72.00840336
-14.62671022	74.50630252
-13.09337302	76.48739496
-11.44292064	78.12394958
-9.91207884	79.67436975
-8.163386151	81.22478992
-6.543708469	82.60294118
-4.971534011	83.89495798
-3.348790852	85.10084034
-1.659681146	86.13445378
-0.050624139	87.34033613
1.714965457	88.46008403
3.449966118	89.57983193
5.278687743	90.61344538
6.954568375	91.47478992
8.685281581	92.42226891
10.4342869	93.3697479
12.17677779	94.14495798
13.89308113	95.00630252
15.69214392	95.78151261
17.42823501	96.47058824
19.1995967	97.24579832
21.0220856	97.8487395
22.71458709	98.53781513
24.76870121	98.96848739
26.34677976	99.48529412
28.39648438	99.91596639
30.35882724	100.0882353
32.31360808	100.2605042
34.2392018	100.2605042
36.12966521	100.0882353
37.8699932	99.74369748
40.20685407	99.1407563
41.77995686	98.62394958
43.81562264	97.76260504
45.53534353	96.12605042
46.00702932	95.09243697
46.79261434	94.57563025
47.42156428	94.31722689
48.0154748	93.97268908
48.40535576	93.71428571
49.16871845	93.3697479
49.73343649	93.02521008
50.31326916	92.68067227
50.91242456	92.33613445
51.57051847	91.99159664
52.13579847	91.64705882
52.63844242	91.30252101
53.31897154	90.95798319
54.02571604	90.52731092
54.56839953	90.09663866
55.17699226	89.57983193
55.74928221	89.32142857
56.34964243	88.8907563
56.96450146	88.54621849
57.67481228	88.02941176
58.09619041	87.5987395
58.54381997	87.16806723
59.43695708	86.82352941
59.77048	86.30672269
60.63005514	85.87605042
61.129329	85.44537815
61.82466461	84.92857143
62.37351492	84.41176471
62.9581251	83.98109244
63.41825559	83.37815126
63.98266937	82.94747899
64.77292	82.51680672
65.47959144	82
65.93454388	81.31092437
66.58684034	80.79411765
67.23041652	80.27731092
67.77521614	79.7605042
68.53428081	79.24369748
69.09393518	78.55462185
69.45337949	78.03781513
70.35121504	77.5210084
70.41749524	76.4012605
71.03205209	75.71218487
71.42534369	75.1092437
71.52463797	74.67857143
72.01353585	72.69747899
72.2036111	71.23319328
72.37149933	69.25210084
72.57232461	65.72058824
72.8814344	63.7394958
72.6989207	62.36134454
72.27967458	60.95735294
71.84504842	59.28634454
71.70924806	57.17605042
71.23631824	55.42752101
70.98170197	54.05798319
70.60730539	52.62815126
70.14554253	51.38781513
69.90677086	48.19222689
69.07701252	45.1
68.46980032	41.96470588
67.74087466	38.84663866
67.05473799	35.62521008
66.03588511	30.87920168
64.92116324	26.22794118
63.56354618	21.79201681
62.75653828	17.11491597
61.69272855	12.56701681
60.33077657	7.786554622
59.20187203	3.255882353
58.24741829	-1.352310924
57.00268263	-5.537584034
55.87495282	-9.080294118
54.89986048	-12.21558824
53.79762284	-16.13298319
52.72166363	-19.78508403
51.206612	-23.34243697
50.13221048	-26.65861345
48.82292258	-30.23319328
47.4833539	-33.68718487
46.05074364	-37.11533613
44.29631305	-40.53487395
43.05290151	-43.64432773
41.20517202	-46.60735294
39.66731584	-49.37226891
38.0002577	-51.87878151
36.11980614	-54.26470588
34.67121746	-56.44390756
32.68419569	-58.44222689
31.00901066	-60.30273109
29.22839103	-62.03403361
27.73582994	-63.58445378
25.93953468	-64.97121849
24.16285404	-66.32352941
22.53025566	-67.66722689
20.71093379	-68.80420168
18.9873605	-69.78613445
17.14328316	-70.92310924
15.27182215	-71.92226891
13.5426785	-72.90420168
11.86499501	-73.66218487
9.950931043	-74.49768908
8.284834531	-75.19537815
6.316796373	-75.88445378
4.528997881	-76.48739496
2.738579336	-77.17647059
0.966836409	-77.77941176
-0.721611933	-78.38235294
-2.56333715	-78.89915966
-4.327061878	-79.32983193
-6.200272975	-79.7605042
-8.026887047	-80.27731092
-9.881542896	-80.53571429
-11.6632721	-80.62184874
-13.46085051	-80.96638655
-15.34819066	-81.31092437
-17.09255355	-81.31092437
-18.80412275	-81.31092437
-20.50355931	-81.31092437
-22.2408729	-81.22478992
-23.91119571	-81.31092437
-25.67940523	-80.96638655
-27.14819516	-80.62184874
-29.07733638	-80.44957983
-30.79953975	-79.93277311
-32.66724228	-79.50210084
-34.25697282	-78.81302521
-36.00775623	-77.77941176
-38.10174881	-77.09033613
-40.12095934	-75.79831933
-41.76383023	-74.93697479
-43.57535436	-73.99810924
-45.16339535	-72.67163866
-46.69493237	-71.54327731
-48.39279505	-70.00147059
-50.19787862	-68.68361345
-51.61880259	-66.89201681
-52.49727152	-65.64306723
-53.6771917	-64.8592437
-54.48068236	-63.98067227
-55.21071706	-63.23130252
-56.24166216	-62.43886555
-57.13404128	-61.71533613
-57.9722081	-60.88844538
-58.59201201	-60.22521008
-59.79317016	-59.33802521
-60.575503	-58.55420168
-61.52851313	-57.73592437
-62.29316566	-56.91764706
-63.47550549	-56.02184874
-64.44145584	-55.15189076
-65.32388616	-54.23886555
-66.22743103	-53.4894958
-67.21556194	-52.50756303
-68.16943767	-51.55147059
-68.97059043	-50.74180672
-69.67547892	-49.2947479
-70.13129686	-48.63151261
-70.52157606	-48.37310924
-71.01839347	-47.83907563
-71.21705203	-47.28781513
-71.94315151	-46.79684874
-72.29574387	-46.42647059
-72.75328667	-46.02163866
-73.05964308	-45.45315126
-73.19243432	-43.73046218
-73.12714728	-39.96638655
-72.42963729	-36.53823529
-71.57328875	-32.37794118
-70.80375877	-28.45021008
-70.04161927	-24.62584034
-69.00579453	-21.10294118
-68.18760479	-17.94180672
-67.36669444	-14.83235294
-66.93473957	-12.00714286
-66.02649321	-8.815
-65.21401845	-5.839915966
-64.93314776	-2.612457983
-64.07210168	1.688235294
-63.17145982	5.659033613
-62.29437926	9.586764706
-61.42453366	13.5144958
-60.4450009	17.39915966
-59.80859322	18.1657563
-59.41634146	20.36218487
-59.18337959	21.86953782
-58.50019175	24.29852941
-57.52884184	28.54495798
-56.88150534	32.26596639
-55.9422346	35.85777311
-54.86737514	39.26008403
-53.5287294	42.69684874
-52.63617115	45.8407563
-51.51770471	49.08802521
-50.15941598	52.06827731
-48.96545491	55.02268908
-47.5879967	57.91680672
-46.32571784	60.70756303
-44.86611217	63.13655462
-43.0413724	65.63445378
-41.53613444	68.47689076
-39.37970342	71.31932773
-37.38640789	74.07563025
-35.15087728	76.2289916
-33.17823554	78.46848739
-30.93149031	80.36344538
-28.79736255	82.25840336
-26.54916404	83.72268908
-24.23729966	85.27310924
-21.84683509	86.4789916
-19.37391575	87.68487395
-16.98583661	88.63235294
-14.4401526	89.66596639
-11.98364557	90.52731092
-9.537632255	91.1302521
-6.91039204	91.64705882
-4.455188549	92.25
-1.990521938	92.68067227
0.596435223	93.02521008
3.041846962	93.02521008
5.610968917	93.02521008
8.164016439	92.93907563
10.68335823	92.68067227
13.3483856	91.99159664
15.91672356	91.30252101
18.66787762	90.26890756
21.39503875	88.97689076
23.9555111	87.16806723
27.0976053	85.10084034
29.70505485	82.68907563
32.77642502	79.93277311
34.67319003	77.60714286
36.4063331	75.79831933
38.34829003	73.90336134
39.90261119	71.92226891
41.9567612	69.94117647
43.83752176	67.87394958
45.84783991	65.54831933
47.78168876	63.39495798
49.44677246	60.98319328
51.49089241	58.54558824
53.67900282	56.07352941
55.46666001	53.17079832
57.45912199	50.25084034
59.49110989	47.39978992
61.65421963	44.41092437
63.00767776	41.55987395
64.48178469	39.31176471
65.81513314	37.10672269
67.06196714	34.7552521
68.07083798	32.36071429
70.41163866	22.6447479
72.15059495	15.74537815
73.20535368	13.18718487
73.95800972	11.15441176
74.73080678	9.647058824
75.1648094	8.346428571
75.79139527	7.192226891
76.90058004	6.167226891
77.39016231	4.969957983
78.22168124	4.186134454
78.60338054	3.342016807
79.08247159	2.704621849
79.94010776	1.791596639
80.66785064	0.878571429
81.22974701	0
81.91646454	-0.876848739
82.43057208	-1.734747899
82.99734453	-2.596953782
83.85599797	-3.485861345
84.54969411	-4.46262605
85.17765024	-5.399768908
86.21430127	-7.763298319
88.3781187	-11.51359244
90.15209357	-15.08214286
91.88658031	-17.90735294
93.07090337	-20.39663866
94.08926786	-22.00735294
95.13884036	-23.41134454
95.76213539	-24.68613445
96.68959813	-26.09012605
97.27415582	-27.7697479
97.38450519	-28.91533613
97.87987149	-30.15567227
98.04675815	-31.37878151
98.49189062	-32.34348739
98.61914537	-33.42878151
98.99190926	-34.88445378
99.10303576	-36.3487395
99.68388661	-37.43403361
98.57434676	-37.82163866
98.8591128	-40.25063025
98.25858726	-43.03277311
97.17499696	-45.69432773
96.71729421	-47.99411765
96.17169022	-50.11302521
95.19023811	-52.59369748
94.68186127	-54.79012605
93.88539937	-56.8487395
93.1333091	-58.79537815
92.09182611	-60.6644958
91.29903099	-62.49915966
90.54362431	-64.29936975
89.6115077	-65.81533613
88.64724825	-67.40021008
88.04323729	-69.02815126
87.09715256	-70.37184874
86.21568147	-71.72415966
85.24799989	-73.05063025
84.5923308	-74.20483193
83.55838869	-75.19537815
82.83421204	-76.31512605
81.69613072	-77.43487395
80.7946801	-79.07142857
78.87707145	-80.62184874
77.34833655	-81.65546218
75.51964516	-82.34453782
73.80498522	-82.68907563
71.9476138	-82.94747899
70.39371092	-82
68.24359588	-79.93277311
66.30790855	-74.42016807
