"Bayrak and Sheikh 1996, AS3-HT"	
2318	
0	0
0.010955329	25.02981092
0.066693755	25.00138655
0.042672839	25.05909664
0.006422767	24.85668067
0.051920261	24.40792017
0.036655224	24.1667437
0.050138706	24.13573529
0.056619211	24.14779412
0.036360739	24.1744958
0.048135029	26.69134454
0.23104417	30.34344538
0.335392629	34.10063025
0.515044984	37.67521008
0.599447112	41.37037815
0.785293764	45.01386555
0.904939649	48.67457983
1.041099302	52.275
1.201580321	55.79789916
1.349320158	59.24327731
1.41203797	62.32689076
1.632753452	65.75504202
1.785255672	69.3210084
1.890722059	72.07731092
2.087948792	75.68634454
2.221166308	78.925
2.30786835	81.36260504
2.49244212	84.3342437
2.603297384	87.78823529
2.768997249	90.51869748
2.977545651	93.97268908
3.121272357	96.7289916
3.299393452	99.39915966
3.498734791	102.3277311
3.646390902	106.0315126
3.798122597	108.7016807
4.092637678	111.1134454
4.294129818	114.1281513
4.44266994	117.0567227
4.683726088	119.8130252
4.864683824	121.9663866
5.067163205	124.8088235
5.350007497	127.6512605
5.515723293	126.789916
5.556949466	123.2584034
5.363833789	119.7268908
5.268725213	116.7121849
5.137879975	114.3865546
4.885078339	110.5966387
4.758923116	106.8067227
4.551879491	102.9306723
4.454875151	99.91596639
4.173450515	96.12605042
4.153306234	93.62815126
3.868134262	89.92436975
3.710004807	86.08277311
3.536608047	82.4737395
3.370531219	78.74411765
3.240890801	75.03172269
3.060578549	71.2762605
2.938575658	67.61554622
2.824114162	64.01512605
2.632287926	60.36302521
2.537972397	56.90042017
2.510301482	55.70315126
2.392338401	53.3947479
2.252011656	49.76848739
2.131000283	46.41785714
1.992108672	42.80882353
1.884151593	39.39789916
1.944938037	35.69411765
1.712923214	32.00756303
1.575425998	28.40714286
1.438517003	24.75331933
1.289116758	21.1072479
1.259822794	18.81004202
1.103763767	15.1855042
0.946877758	11.31806723
0.788741495	7.579831933
0.646535682	3.867436975
0.483634381	0.895798319
0.314450492	-2.644327731
0.227149802	-5.538445378
0.007213855	-9.164705882
-0.19255716	-12.59285714
-0.43382562	-16.46029412
-0.623150358	-20.20714286
-0.876419362	-23.94537815
-1.035903146	-27.51995798
-1.279570397	-31.35294118
-1.455664278	-34.99642857
-1.714144866	-38.4762605
-1.721118081	-39.67352941
-2.048465279	-43.22226891
-2.315147022	-46.7710084
-2.482469748	-50.1302521
-2.667014779	-53.83403361
-2.865209681	-56.93487395
-3.052607355	-60.55252101
-3.230169711	-63.91176471
-3.478734133	-67.01260504
-3.706416894	-70.6302521
-3.913775604	-73.38655462
-4.149733824	-75.88445378
-4.28154759	-79.50210084
-4.553586638	-82.51680672
-4.767182369	-85.53151261
-5.053818531	-88.63235294
-5.276205651	-91.04411765
-5.412923394	-91.47478992
-5.538674655	-92.76680672
-5.446337569	-89.14915966
-5.227534458	-85.53151261
-5.072612061	-82.08613445
-4.872258418	-78.46848739
-4.751965705	-74.85084034
-4.5596386	-70.88865546
-4.374506085	-67.18487395
-4.234314652	-63.39495798
-4.095700779	-59.51890756
-3.88103148	-55.55672269
-3.669488816	-51.42226891
-3.4920838	-47.71848739
-3.23521473	-43.75630252
-3.171852008	-39.92331933
-2.919082981	-35.89222689
-2.717543338	-31.80945378
-2.554918353	-27.89894958
-2.360495068	-23.92815126
-2.20074726	-20.13823529
-2.024168746	-16.36554622
-1.776571534	-12.23109244
-1.701017422	-8.768487395
-1.502453569	-4.909663866
-1.269720741	-0.835504202
-1.150992865	2.988865546
-0.991816332	7.209453782
-0.741503128	11.42142857
-0.613410588	15.55588235
-0.449394553	19.64726891
-0.264653632	23.68180672
-0.061687559	27.29514706
0.155514716	31.47352941
0.335513943	35.62521008
0.548656473	39.94054622
0.761109768	44.22142857
0.895429084	48.6487395
1.174454867	53.06743697
1.324467671	57.60672269
1.478762179	61.58613445
1.703679084	65.58277311
1.874757554	69.32962185
2.031510832	73.48991597
2.198220021	77.18508403
2.341488747	81.38844538
2.568577164	85.48844538
2.759680877	89.5539916
2.977499186	93.54201681
3.170094749	97.50420168
3.429850497	102.0693277
3.676668882	106.289916
3.922913943	110.5966387
4.17217443	114.8172269
4.430062021	119.5546218
4.750253897	123.7752101
5.030996423	127.9096639
5.23925034	131.9579832
5.516949124	135.3172269
5.895744667	138.4180672
6.107512488	140.8298319
6.429243708	142.9831933
6.665790922	143.5861345
7.023181383	141.7773109
7.613191429	126.7037815
7.862978939	124.5504202
8.168878796	126.1869748
8.390841902	126.7037815
8.63047612	127.1344538
8.99456148	127.9957983
9.016427289	124.5504202
9.0790208	124.0336134
9.156202907	120.5882353
8.974107187	117.3151261
8.747663909	114.3865546
8.500793074	111.3718487
8.234541525	107.8403361
8.071450618	105.7731092
7.762174176	102.0693277
7.546978274	98.88235294
7.352785859	96.12605042
7.130733119	93.11134454
6.827038928	88.97689076
6.532791373	85.65210084
6.423946084	83.11113445
6.157205932	79.79495798
5.89975136	76.50462185
5.787000108	73.63634454
5.525780484	70.79390756
5.354518279	67.43466387
5.152561002	64.61806723
5.087255723	62.525
4.866108918	59.60504202
4.68624894	55.6342437
4.503630298	52.01659664
4.315605762	48.57983193
4.150546319	44.70378151
3.994602811	40.77605042
3.762051098	36.77941176
3.620117524	32.81722689
3.447209213	28.94117647
3.221017952	26.10218487
3.128095487	22.42510504
2.978740127	19.12960084
2.746009895	15.31470588
2.629465595	11.6539916
2.418229638	7.64012605
2.181490973	4.022478992
1.933744892	0.051680672
1.73203311	-3.789915966
1.536749684	-7.614285714
1.175836192	-11.61092437
1.044395245	-14.56533613
0.785144069	-18.20021008
0.597390025	-21.83508403
0.308778266	-25.82310924
0.104708153	-28.37268908
-0.152088597	-32.26596639
-0.364606047	-36.07310924
-0.721055841	-39.87163866
-0.928674069	-43.93718487
-1.200220934	-47.8907563
-1.387908343	-51.42226891
-1.686979708	-54.43697479
-1.939546586	-58.1407563
-2.174632589	-61.32773109
-2.417207319	-64.68697479
-2.595411874	-67.18487395
-2.873331448	-70.71638655
-3.024034252	-73.38655462
-3.20760379	-76.48739496
-3.426103691	-79.24369748
-3.766607911	-82.86134454
-3.950400369	-86.13445378
-4.231143772	-89.23529412
-4.47160785	-92.50840336
-4.720368061	-95.95378151
-5.033081578	-98.19327731
-5.233037167	-100.8634454
-5.493634139	-104.4810924
-5.64925436	-106.6344538
-5.97793641	-109.2184874
-6.175430335	-111.9747899
-6.482764091	-114.7310924
-6.647211944	-116.4537815
-6.936290563	-118.8655462
-7.191279371	-120.3298319
-7.452869248	-122.7415966
-7.619518027	-124.0336134
-7.832037289	-126.1008403
-7.910524926	-122.2247899
-7.642106555	-118.4348739
-7.369419802	-114.9894958
-7.22948329	-111.5441176
-6.935584013	-108.4432773
-6.726461781	-104.6533613
-6.408619322	-100.7773109
-6.320024199	-97.15966387
-5.982802385	-94.05882353
-5.782406687	-90.35504202
-5.542664268	-86.73739496
-5.251438915	-83.46428571
-5.087557742	-79.7605042
-4.906626609	-76.48739496
-4.667133608	-72.52521008
-4.413939836	-69.07983193
-4.267117137	-65.72058824
-3.958192368	-62.18907563
-3.736700198	-58.22689076
-3.531952265	-54.52310924
-3.342823963	-51.50840336
-3.106061639	-47.54621849
-2.844967102	-44.53151261
-2.694330197	-40.63823529
-2.388425111	-36.66743697
-2.223268915	-33.12731092
-1.94987533	-29.02731092
-1.717864552	-25.23739496
-1.534405977	-21.32689076
-1.24185913	-17.56281513
-1.078862378	-14.31554622
-0.820916948	-10.60315126
-0.584543854	-6.804621849
-0.408443021	-3.376470588
-0.16620113	0.284243697
-0.001881074	3.281722689
0.268071902	7.467857143
0.36562695	10.02605042
0.516341393	13.06659664
0.738444634	16.19327731
0.918102926	19.71617647
1.084853619	22.99359244
1.267370767	25.52852941
1.539017124	29.04539916
1.697302882	32.50714286
1.988802895	36.47794118
2.164029763	39.91470588
2.3944395	44.23004202
2.592890616	47.56344538
2.826265907	50.54369748
3.046064693	54.29054622
3.244475398	57.43445378
3.429831967	60.38886555
3.566544036	63.04180672
3.755806501	66.12542017
3.989020823	68.99369748
4.197137813	71.88781513
4.374370572	75.14369748
4.620696121	78.32205882
4.796398845	81.13865546
5.055053501	84.22226891
5.270429611	87.0302521
5.581466708	90.61344538
5.771168534	93.45588235
6.052376079	96.47058824
6.332974721	99.74369748
6.605573279	103.0168067
6.884517608	105.8592437
7.210671948	108.1848739
7.466672844	110.6827731
7.752108128	113.0084034
7.946663569	115.0756303
8.278507283	117.1428571
8.598854921	119.1239496
8.84603506	121.2773109
9.154532184	123.1722689
9.220946545	119.2962185
8.908979173	115.4201681
8.742658892	112.4054622
8.439758651	109.2184874
8.123641087	105.6008403
7.845804902	101.552521
7.481454402	97.93487395
7.280359852	94.31722689
6.951417758	91.04411765
6.629445226	87.20252101
6.332723039	83.89495798
6.047221796	79.7605042
5.790139522	76.54768908
5.505088214	72.95588235
5.317871602	69.78613445
5.161886704	66.39243697
4.96888294	63.17962185
4.754917154	59.63088235
4.552348784	56.40084034
4.438565211	53.23970588
4.241711766	49.72542017
4.018771901	46.43508403
3.882636758	43.30840336
3.882499864	40.38844538
3.61394225	37.05504202
3.444410551	33.56659664
3.285221958	29.77668067
3.09648185	26.69651261
2.995472937	23.62581933
2.771842791	19.54304622
2.677360295	16.38277311
2.516962261	13.20441176
2.268852178	9.405882353
2.081548962	6.167226891
1.923607576	2.325630252
1.708362753	-1.541806723
1.425434364	-4.935504202
1.21063647	-8.699579832
0.970584611	-12.27415966
0.674516406	-15.82289916
0.419766886	-19.82815126
0.282120403	-22.63613445
-0.022848386	-26.09012605
-0.231094686	-29.66470588
-0.488073809	-33.10147059
-0.741360462	-36.89138655
-1.095132199	-40.75021008
-1.378730902	-44.78991597
-1.580971465	-48.32142857
-1.823029818	-51.33613445
-2.05732348	-54.95378151
-2.387364443	-58.82983193
-2.630148469	-61.84453782
-2.789954251	-64.42857143
-3.05039422	-68.13235294
-3.303330536	-72.00840336
-3.602637467	-75.36764706
-3.864899873	-79.15756303
-4.1363461	-82.86134454
-4.444530695	-86.30672269
-4.699242585	-89.66596639
-4.981602485	-92.42226891
-5.178505629	-95.78151261
-5.467400319	-98.88235294
-5.657815713	-102.2415966
-6.029233817	-104.8256303
-6.123512459	-106.9789916
-6.395515979	-109.907563
-6.713356883	-113.0084034
-6.884419951	-115.5063025
-7.210958228	-118.1764706
-7.33831961	-119.8991597
-7.594733371	-122.2247899
-7.861112457	-124.8088235
-7.769416798	-121.0189076
-7.575797421	-117.487395
-7.276242635	-113.7836134
-7.138399943	-111.4579832
-6.874308944	-107.4957983
-6.610544557	-104.394958
-6.553106559	-102.0693277
-6.281081014	-98.62394958
-6.07851815	-94.83403361
-5.723187956	-91.04411765
-5.523315692	-87.7710084
-5.288452676	-83.98109244
-5.031297932	-80.27731092
-4.825773775	-77.09033613
-4.668071253	-73.38655462
-4.385542646	-69.59663866
-4.116328054	-65.72058824
-3.894194654	-62.53361345
-3.630193289	-58.91596639
-3.495924717	-56.24579832
-3.350843252	-53.74789916
-3.104176739	-50.1302521
-2.870855594	-46.25420168
-2.661891586	-42.46428571
-2.428273155	-39.02752101
-2.215360235	-35.09978992
-2.048903332	-31.65441176
-1.764037756	-27.99369748
-1.444012917	-24.05735294
-1.275938177	-20.25882353
-1.135684048	-17.45945378
-0.823469528	-13.34222689
-0.568476357	-9.181932773
-0.373435901	-6.003571429
-0.121066749	-2.894117647
0.074711133	1.059453782
0.285407241	4.849369748
0.521814961	8.492857143
0.721787261	11.33529412
0.87888466	14.01407563
0.994949919	17.28718487
1.207988969	20.94703782
1.439406669	24.31317227
1.640862741	26.87739496
1.837585947	30.17978992
2.099626511	33.87668067
2.287856739	37.51155462
2.581672353	41.31008403
2.731667286	44.91911765
2.912602158	48.47647059
3.225987943	52.02521008
3.45789951	55.22941176
3.580803203	58.32163866
3.853961834	61.53445378
4.007889336	64.46302521
4.216490254	67.57247899
4.424447488	70.21680672
4.601185148	73.0592437
4.863599411	76.11701681
5.00862859	78.89915966
5.23232777	82.17226891
5.543569041	85.36785714
5.794969226	88.36533613
6.012402287	91.11302521
6.27722851	93.88655462
6.58516383	96.64285714
6.793989206	99.1407563
7.11100384	102.0693277
7.400403493	104.8256303
7.693598167	108.012605
7.987556633	110.855042
8.322757983	113.8697479
8.585733021	116.3676471
8.868044758	118.5210084
9.150189863	121.4495798
9.494824431	123.2584034
9.807364801	124.894958
10.01113348	125.842437
10.39030024	127.3928571
10.66340578	128.7710084
10.95152145	129.8907563
11.29658276	131.2689076
11.62359477	132.302521
11.96905882	133.25
12.34614584	134.0252101
12.61831521	134.9726891
12.95016687	135.4894958
13.34993209	136.1785714
13.74199162	136.9537815
13.9632388	137.4705882
14.37099821	137.987395
14.75210816	138.5903361
14.99499847	138.9348739
15.41107229	139.1932773
15.72322165	139.8823529
16.05169295	140.0546218
16.37788308	140.657563
16.77811779	140.5714286
17.08317847	140.9159664
17.45175541	141.0021008
17.82235826	141.3466387
18.17799082	141.3466387
18.57245562	141.4327731
18.83501006	141.5189076
19.21536751	139.5378151
19.51089615	139.4516807
19.8791805	134.0252101
19.83599028	131.5273109
19.53650345	127.8235294
19.23374442	124.3781513
18.94674686	121.7079832
18.59987625	118.9516807
18.23661413	115.9369748
17.97656309	113.3529412
17.63220977	110.2521008
17.2958787	107.9264706
16.92925035	105.0840336
16.58916319	102.5
16.32850076	99.74369748
15.97962848	96.81512605
15.67555483	94.23109244
15.30990018	91.64705882
14.97632884	88.95105042
14.68176403	86.40147059
14.33519429	83.68823529
13.99104087	81.14726891
13.68331161	78.25315126
13.42314572	75.9447479
13.11582844	73.04201681
12.83235	70.31155462
12.45482187	67.21932773
12.17340435	63.99789916
11.81314174	60.78508403
11.51132551	57.62394958
11.1751713	54.64369748
10.90027591	51.63760504
10.64387457	48.87268908
10.39241422	45.80630252
10.14354955	42.8605042
9.896621139	39.57878151
9.611180182	36.4262605
9.310048317	33.15315126
9.126676196	30.14705882
8.877367113	27.50014706
8.716708254	25.84722689
8.54139991	22.32863445
8.168085745	19.22262605
7.953079751	15.86596639
7.693894443	13.05798319
7.455918156	10.51701681
7.224526332	7.614285714
6.950721987	4.54789916
6.728530763	1.49012605
6.448420294	-1.757142857
6.198541097	-4.470378151
5.918592325	-7.433403361
5.583412414	-10.6289916
5.29640215	-13.64369748
4.970798383	-16.95987395
4.673497702	-20.49138655
4.421594976	-23.575
4.070325958	-26.68445378
3.835435732	-29.48382353
3.576672439	-32.47268908
3.311592575	-35.88361345
3.009150071	-39.2342437
2.821342325	-42.15420168
2.422694188	-45.39285714
2.135069713	-48.83823529
1.848655152	-52.19747899
1.536005764	-55.12605042
1.239271127	-58.39915966
0.94368548	-62.01680672
0.669921779	-65.03151261
0.473711735	-67.87394958
0.123898467	-71.40546218
-0.102402839	-74.76470588
-0.518171786	-78.03781513
-0.749030235	-81.39705882
-0.995232342	-84.2394958
-1.304268993	-87.51260504
-1.660088097	-90.44117647
-1.859531923	-93.28361345
-2.136882701	-96.29831933
-2.411807422	-98.88235294
-2.669532459	-101.1218487
-2.93561877	-104.394958
-3.189858067	-106.8067227
-3.535329012	-110.1659664
-3.82941015	-113.2668067
-4.169044254	-116.1953782
-4.470578039	-118.6932773
-4.766365842	-121.2773109
-5.043842564	-123.4306723
-5.349574189	-126.1869748
-5.68357133	-128.7710084
-5.940067694	-131.0105042
-6.084871296	-132.4747899
-6.314530086	-134.1113445
-6.535527745	-135.4033613
-6.753208523	-137.1260504
-7.08507495	-138.8487395
-7.397970529	-140.5714286
-7.603565011	-142.2941176
-7.803487611	-143.5
-8.091588527	-144.9642857
-8.399677969	-146.2563025
-8.568327741	-147.0315126
-8.91161271	-147.8067227
-9.511416105	-144.7058824
-9.881532841	-143.5
-10.17196299	-142.8109244
-10.4764214	-142.552521
-10.90309136	-142.4663866
-11.21519733	-142.6386555
-11.60077251	-142.9831933
-11.95952701	-143.3277311
-12.36136156	-143.4138655
-12.74149132	-143.5861345
-13.07077653	-143.2415966
-13.46671949	-142.6386555
-13.93105096	-141.605042
-14.31611509	-141.2605042
-14.74827644	-140.7436975
-14.94841097	-140.3991597
-15.34403783	-140.3991597
-15.81940754	-139.5378151
-16.21317167	-138.8487395
-16.57817295	-138.762605
-16.9594238	-138.5903361
-17.31136006	-138.5042017
-17.71170157	-138.2457983
-18.01993936	-138.0735294
-18.4624104	-137.5567227
-18.87398843	-136.6092437
-18.98489625	-132.9054622
-18.72184027	-129.5462185
-18.44972438	-126.4453782
-18.15085455	-124.0336134
-17.92566446	-121.9663866
-17.5617628	-119.2962185
-17.39424776	-117.4012605
-17.07307366	-115.1617647
-16.93958845	-113.5252101
-16.64425523	-110.9411765
-16.32225742	-108.1848739
-15.98173493	-105.6008403
-15.63091463	-102.6722689
-15.3380007	-100.605042
-15.01927443	-97.67647059
-14.66379697	-95.17857143
-14.55440127	-93.45588235
-14.36164509	-91.73319328
-14.09505124	-89.14915966
-13.74764342	-86.82352941
-13.34607232	-84.06722689
-13.05897148	-81.31092437
-12.75206687	-78.55462185
-12.47285206	-76.65966387
-12.19410498	-73.73109244
-11.84939992	-70.97478992
-11.55627008	-68.47689076
-11.2796538	-66.23739496
-10.91755862	-63.30882353
-10.61442579	-60.72478992
-10.32108967	-58.22689076
-10.05622948	-55.81512605
-9.769634841	-54.00630252
-9.49219151	-51.68067227
-9.271368643	-48.92436975
-8.925637729	-46.16806723
-8.609193816	-43.49789916
-8.225318054	-40.65546218
-7.973284676	-37.70966387
-7.60307131	-34.87584034
-7.278039412	-31.97310924
-6.996160977	-29.46659664
-6.677206513	-26.60693277
-6.358299439	-24.08319328
-6.160807329	-21.9039916
-5.944120472	-19.95735294
-5.615371194	-17.55420168
-5.304067451	-14.71176471
-5.058495013	-12.40336134
-4.863935885	-10.25861345
-4.549227397	-7.86407563
-4.195058164	-4.944117647
-3.880451363	-2.187815126
-3.524379398	0.33592437
-3.372571997	2.807983193
-2.951745853	5.374789916
-2.723980549	7.777941176
-2.413419279	10.30168067
-2.230721645	12.27415966
-1.990085912	14.84957983
-1.671120393	17.64894958
-1.330093539	20.41644958
-1.110289634	22.38203782
-0.850575498	24.37691176
-0.611542446	25.77056723
-0.313974232	28.19783613
-0.063360108	30.85508403
0.232993564	33.20483193
0.515403278	35.66827731
0.76441815	37.79579832
1.114964049	40.31092437
1.279102955	42.51596639
1.605784394	45.21197479
1.864095325	47.40840336
2.187918151	49.77710084
2.454640121	52.00798319
2.77628095	54.50588235
2.959873994	56.53865546
3.256156451	58.33886555
3.550332257	60.6644958
3.796874719	62.63697479
4.068929957	64.65252101
4.316087292	66.66806723
4.605926512	68.63193277
4.904080159	70.59579832
5.191990157	72.55966387
5.468339859	74.65273109
5.754190595	76.52184874
6.063655869	78.52878151
6.361398598	80.44096639
6.647059525	82.37037815
6.992333443	84.24810924
7.344168343	86.37563025
7.619314129	88.20168067
7.971318792	89.90714286
8.278744049	91.78487395
8.610919289	93.3697479
8.906688239	95.09243697
9.304155717	96.9012605
9.615230145	98.79621849
10.01702474	100.605042
10.36884345	102.4138655
10.71505316	103.7058824
11.08439989	105.0840336
11.22872273	105.8592437
11.59559022	107.5819328
11.95565659	109.3907563
12.18425061	110.5966387
12.55227217	111.9747899
12.87757655	113.697479
13.31281284	115.0756303
13.60390149	116.4537815
13.98459302	117.8319328
14.36554223	119.4684874
14.59746561	120.3298319
14.9484958	121.6218487
15.27186176	122.7415966
15.47129111	123.5168067
15.7942386	124.5504202
16.15618371	125.4978992
16.50397519	126.5315126
16.84512062	127.2205882
17.13339794	127.9096639
17.45530457	128.7710084
17.93326018	129.6323529
18.21911611	130.3214286
18.57678104	130.9243697
18.68897639	131.1827731
19.12855136	131.7857143
19.39350839	132.2163866
19.77381458	132.302521
19.97498935	128.6848739
19.60604116	125.4978992
19.48709972	124.3781513
19.25391017	122.052521
18.96028862	119.4684874
18.64385202	116.9705882
18.25651162	114.0420168
17.8670079	111.1995798
17.46154281	108.5294118
17.17795716	106.2037815
16.83165333	103.9642857
16.55518333	101.6386555
16.13609128	99.05462185
15.81836513	96.21218487
15.4776943	94.05882353
15.19215583	91.64705882
14.83339584	89.19222689
14.45743286	86.54789916
14.11543092	83.98109244
13.81486267	81.46596639
13.45130573	78.84747899
13.19302723	76.42710084
12.78505052	73.92920168
12.45350599	71.49159664
12.16485073	69.01092437
11.82481185	66.58193277
11.51579428	64.04957983
11.17154097	61.67226891
10.8502379	59.25189076
10.61431349	56.65063025
8.112710743	33.51491597
7.86020228	31.55966387
7.647520559	29.52689076
7.379429943	27.25380252
7.18892312	25.54489496
6.976786799	22.99273109
6.617789064	20.38027311
6.363755958	18.04861345
6.189103224	15.71953782
5.89620057	13.7039916
5.615970035	11.21470588
5.393450879	8.578991597
5.047135789	6.158613445
4.808658517	3.695168067
4.534194227	1.843277311
4.276770687	-0.241176471
4.07055652	-2.024159664
3.787735728	-4.892436975
3.41234422	-7.545378151
3.138019905	-9.91407563
2.797423837	-12.22247899
2.446095413	-15.14243697
2.086654114	-17.78676471
1.739830797	-20.16407563
1.441413594	-23.35105042
1.096386488	-26.06428571
0.709930578	-28.65693277
0.363940027	-31.59411765
-0.01462985	-34.58298319
-0.333831778	-36.95168067
-0.666397413	-39.63046218
-1.009760226	-42.01638655
-1.380774022	-44.19558824
-1.653823805	-46.7710084
-2.07072724	-49.44117647
-2.373607652	-52.19747899
-2.661282682	-54.43697479
-2.98373921	-56.67647059
-3.267897953	-58.91596639
-3.674435901	-60.98319328
-4.027307906	-63.39495798
-4.367029816	-65.63445378
-4.78391744	-68.47689076
-5.10506337	-70.6302521
-5.534371622	-73.21428571
-5.789443623	-75.1092437
-6.17306657	-77.17647059
-6.509736119	-79.32983193
-6.808412596	-81.31092437
-7.141949044	-83.20588235
-7.51436675	-85.18697479
-7.815869516	-87.34033613
-8.213754978	-89.23529412
-8.601891984	-91.47478992
-8.920981352	-93.3697479
-9.287586064	-95.43697479
-9.629727078	-97.24579832
-9.988795921	-99.1407563
-10.34191534	-100.9495798
-10.73113062	-103.1029412
-11.06379928	-104.7394958
-11.40773595	-106.3760504
-11.7041995	-107.5819328
-12.10919071	-109.0462185
-12.42875044	-110.5966387
-12.74157161	-111.802521
-13.08271061	-113.3529412
-13.4051188	-114.5588235
-13.77643183	-116.0231092
-14.01815417	-116.8844538
-14.36095979	-118.262605
-14.55686754	-118.7794118
-14.91514183	-119.8991597
-15.28965056	-120.9327731
-15.67024503	-122.052521
-15.97007587	-123
-16.26900703	-123.8613445
-16.65161163	-124.9810924
-17.01595506	-125.7563025
-17.37983627	-126.5315126
-17.71580512	-127.3067227
-18.08590158	-127.8235294
-18.47042984	-128.2542017
-18.91448024	-128.5987395
-19.25170706	-128.7710084
-19.32689196	-124.9810924
-18.93163121	-121.7079832
-18.5886599	-118.3487395
-18.28039868	-116.0231092
-17.91756896	-112.6638655
-17.62143494	-110.1659664
-17.27426685	-107.4957983
-16.98075468	-104.9978992
-16.61775923	-102.5
-16.25072371	-99.48529412
-15.92996491	-96.9012605
-15.63014329	-94.23109244
-15.25796177	-91.99159664
-14.98340509	-89.49369748
-14.66306944	-86.56512605
-14.29261924	-83.98109244
-14.01290226	-81.65546218
-13.68274289	-78.89915966
-13.32030725	-76.48739496
-13.08059818	-74.16176471
-12.70530024	-71.75
-12.36986497	-68.99369748
-12.07020127	-66.49579832
-11.73638775	-64.17016807
-11.39223719	-61.24159664
-11.11511661	-58.91596639
-10.71768494	-56.15966387
-10.43833214	-53.66176471
-10.08055572	-51.16386555
-9.722548239	-48.32142857
-9.469758688	-46.25420168
-9.186292299	-44.01470588
-8.786086627	-41.23256303
-8.478778941	-38.70021008
-8.292224568	-36.57268908
-7.91817402	-34.10063025
-7.654910414	-31.80945378
-7.350322535	-29.57857143
-7.041635678	-27.03760504
-6.742999592	-24.42773109
-6.462017513	-21.85231092
-6.099330662	-19.46638655
-5.794663966	-16.72731092
-5.49007708	-14.39306723
-5.067267361	-11.7487395
-4.817103711	-9.026890756
-4.496300823	-6.356722689
-4.112090371	-4.048319328
-3.828582133	-1.515966387
-3.538701148	1.180042017
-3.290931281	3.772689076
-2.877502458	6.184453782
-2.519118289	8.863235294
-2.183582335	11.73151261
-1.828422247	14.32415966
-1.541095243	16.92542017
-1.225335515	19.61281513
-0.936748127	22.00046218
-0.561650964	24.50869748
-0.197576742	26.92046218
0.121232208	29.45884454
0.384664378	31.90420168
0.742681245	34.4710084
1.075593697	37.34789916
1.345953201	39.81134454
1.761895247	42.6710084
2.139566071	45.72878151
2.573707322	48.62289916
2.969521695	51.73235294
3.411579529	54.72121849
3.796337097	57.46029412
4.158978492	60.20798319
4.595798293	62.78340336
4.987682013	65.47079832
5.413619685	68.28739496
5.798491203	71.03508403
6.28825843	73.61911765
6.650305251	76.20315126
7.097170549	78.87331933
7.547275091	81.39705882
8.058005024	84.06722689
8.29213792	85.10945378
8.554926618	86.70294118
8.889723786	88.13277311
9.63427266	92.08634454
9.932581653	93.3697479
10.29400974	95.17857143
10.67579417	97.07352941
11.02151888	98.62394958
11.30806485	100.3466387
11.72135887	101.9831933
12.04964372	103.6197479
12.35608617	105.1701681
12.71799117	106.5483193
13.0407717	108.012605
13.40374495	109.5630252
13.76380267	110.9411765
14.14562045	112.5777311
14.49199595	114.3004202
14.86250283	115.5063025
15.18539613	116.7983193
15.57169109	118.1764706
15.92387961	119.4684874
16.24697225	120.3298319
16.63490593	121.2773109
16.96233061	121.9663866
17.29237868	122.6554622
17.58255863	123.6029412
17.96469952	124.2920168
18.26919049	125.2394958
18.57470876	125.9285714
18.93496507	126.4453782
19.18485342	127.1344538
19.45743153	127.5651261
19.81999805	128.0819328
20.17432781	128.8571429
20.41445715	129.3739496
20.76061459	129.9768908
21.14939781	130.1491597
21.51575584	130.4936975
21.80054876	130.8382353
22.16715209	131.0105042
22.44851902	131.2689076
22.84665584	131.2689076
23.24359806	131.4411765
23.53489172	131.4411765
23.94796436	131.5273109
24.36441223	131.6134454
24.66653565	131.355042
24.7358483	131.0966387
24.53230801	131.1827731
24.39938124	130.8382353
24.41062458	130.8382353
24.5664731	129.6323529
24.59417323	126.1008403
24.73975036	127.3067227
25.16577488	127.9096639
25.29336339	128.512605
25.5260942	128.8571429
26.02485035	128.6848739
26.34764928	128.512605
26.77529628	128.512605
26.90196761	128.512605
27.416928	128.2542017
27.79610154	127.9957983
27.95307953	127.4789916
28.26097312	126.789916
28.53222839	126.7037815
28.7720503	126.1008403
29.11019005	125.842437
29.19026215	125.4117647
29.32385314	123.5168067
29.82128459	123.5168067
30.01191106	123.1722689
30.54333877	122.7415966
30.98371212	122.1386555
31.20690065	121.4495798
31.60446436	120.4159664
32.0131216	117.1428571
32.00167787	114.3865546
32.19592783	112.0609244
32.41381894	109.7352941
32.45596632	108.1848739
32.65272381	105.7731092
32.38587135	103.3613445
32.20373266	101.6386555
31.96537313	100.4327731
31.56154899	98.53781513
31.0799073	94.74789916
30.27476773	90.95798319
29.82062164	87.54705882
29.18222376	84.12752101
28.58967655	80.57016807
28.06210662	77.09894958
27.50226727	73.79138655
26.97690906	70.51827731
26.48940433	67.09012605
25.76956858	63.80840336
25.39233856	60.63004202
24.84932534	57.56365546
24.46373682	54.40252101
23.91058689	51.10357143
23.44757642	48.14054622
23.02330539	45.08277311
22.63083476	41.96470588
22.16758428	39.03613445
21.68252718	36.2539916
21.37019414	33.3512605
21.01785351	30.76722689
20.53195113	28.1952521
20.17133912	26.28306723
19.91004646	24.40964286
19.56179067	22.14861345
19.13563299	19.48016807
18.75284617	17.06323529
18.3674064	14.67731092
18.03221474	12.36890756
17.5347778	10.00882353
17.16243673	7.579831933
16.74903315	5.254201681
16.33984048	2.790756303
15.91530925	0.568487395
15.56497544	-1.860504202
15.11490095	-4.005252101
14.6947629	-6.296428571
14.23901167	-8.639285714
10.17374348	-29.96617647
9.797217112	-32.0592437
9.409461107	-34.11785714
8.999479338	-36.30567227
8.554307483	-38.32983193
8.190467744	-40.31092437
7.74197163	-42.47289916
7.378806476	-44.53151261
6.941354274	-46.5987395
4.927956492	-56.07352941
4.482089999	-58.05462185
4.053419371	-60.29411765
3.767959368	-61.67226891
3.476809792	-62.36134454
3.148694907	-63.39495798
2.948056068	-64.25630252
2.621235302	-64.51470588
2.461905135	-65.89285714
2.220842686	-67.61554622
1.890583218	-69.42436975
1.664331796	-71.06092437
1.331534066	-72.69747899
1.074197703	-74.42016807
0.728407066	-76.2289916
0.40909459	-78.12394958
0.081235516	-79.50210084
-0.272853596	-80.96638655
-0.539136091	-82.51680672
-0.896494519	-83.98109244
-1.15141671	-85.70378151
-1.455200504	-86.99579832
-1.790674834	-88.20168067
-1.92053417	-89.23529412
-2.287702705	-90.26890756
-2.588004094	-91.56092437
-2.921944782	-93.02521008
-3.310509484	-94.57563025
-3.548339133	-95.78151261
-3.799708443	-96.7289916
-4.158595347	-98.0210084
-4.475496635	-99.48529412
-4.877679294	-100.8634454
-5.053607564	-101.8970588
-5.423209166	-103.0168067
-5.573312394	-103.7920168
-5.882953292	-105.0840336
-6.246467509	-106.0315126
-6.63290309	-107.0651261
-6.928597608	-108.5294118
-7.276168019	-109.7352941
-7.606728598	-110.9411765
-7.939435623	-111.9747899
-8.336449397	-113.2668067
-8.698529136	-114.3865546
-9.044397107	-115.5063025
-9.4020345	-116.539916
-9.707114972	-117.487395
-10.08828457	-118.6932773
-10.4296834	-119.3823529
-10.71652663	-120.2436975
-11.09815948	-121.2773109
-11.44814474	-121.9663866
-11.84074503	-122.9138655
-12.17790488	-123.6890756
-12.61132311	-124.4642857
-12.84499897	-125.0672269
-13.15303115	-125.7563025
-13.40411375	-126.1008403
-13.81353523	-126.789916
-14.15767439	-127.1344538
-14.53302239	-127.5651261
-14.88430221	-127.9096639
-15.13686019	-128.0819328
-15.49227369	-128.6848739
-15.8404007	-128.9432773
-16.24623957	-129.2016807
-16.60739865	-129.460084
-17.07492512	-129.5462185
-17.39832405	-129.7184874
-17.80842931	-129.6323529
-18.18908223	-129.8046218
-18.60358994	-129.6323529
-18.88014787	-129.6323529
-19.30960371	-129.2016807
-19.74715686	-129.2016807
-20.08921355	-129.0294118
-20.49221672	-128.7710084
-20.88883946	-128.512605
-21.28159499	-128.1680672
-21.76121404	-127.8235294
-22.10871729	-127.2205882
-22.47751229	-126.789916
-22.90181119	-126.1869748
-23.33899217	-125.842437
-23.7396629	-125.0672269
-24.20328608	-124.3781513
-24.56875651	-123.6890756
-25.14000957	-123
-25.62380544	-122.3109244
-25.86332064	-121.6218487
-26.31851945	-120.9327731
-26.83172895	-119.9852941
-27.2972099	-119.210084
-27.63991757	-118.3487395
-28.36633478	-116.4537815
-28.64958225	-114.8172269
-29.37365998	-113.5252101
-29.84764833	-112.3193277
-30.11422787	-111.3718487
-30.37807401	-110.4243697
-30.66279972	-109.8214286
-31.00646918	-108.8739496
-31.56604759	-108.3571429
-31.8188476	-107.4957983
-32.35195493	-106.289916
-32.8588788	-102.6722689
-32.61460148	-99.82983193
-32.29397101	-97.8487395
-32.19548529	-95.52310924
-32.1058566	-94.14495798
-31.93394727	-93.19747899
-31.71478718	-91.73319328
-31.50554628	-90.09663866
-31.22350651	-88.8907563
-30.95087744	-87.51260504
-30.89509491	-86.04831933
-30.7856216	-85.01470588
-30.17806247	-83.72268908
-30.13975253	-81.56932773
-29.9185378	-80.62184874
-29.66453518	-78.46848739
-29.28915107	-77.5210084
-29.05667281	-75.53991597
-28.7174834	-74.07563025
-28.51874274	-71.66386555
-28.30865607	-70.19957983
-27.98120737	-69.16596639
-27.83087883	-67.87394958
-27.51345349	-65.9789916
-27.32577851	-64.77310924
-27.09461342	-63.39495798
-26.7910776	-61.84453782
-26.45679577	-59.60504202
-26.20106473	-58.05462185
-25.90423547	-56.50420168
-25.5667177	-54.6092437
-25.25838468	-52.71428571
-25.00797333	-51.25
-24.66199731	-49.26890756
-24.41402015	-47.8907563
-24.08419058	-46.08193277
-23.7533099	-44.01470588
-23.45731944	-42.25756303
-23.23160177	-40.89663866
-22.90873634	-39.01029412
-22.64264513	-37.35651261
-22.25689632	-35.51323529
-21.930174	-33.34264706
-21.55002442	-31.0342437
-21.26579579	-28.92394958
-20.89929016	-26.96869748
-20.58779063	-24.9789916
-20.1961053	-23.11848739
-19.91469424	-21.08571429
-19.53888199	-19.07878151
-19.16047462	-16.90819328
-18.81421307	-14.96155462
-18.46087437	-12.97184874
-18.07874124	-10.91323529
-17.68841249	-8.906302521
-17.34671803	-6.994117647
-16.98680222	-4.944117647
-16.63137341	-3.075
-16.2983161	-1.050840336
-15.88229831	0.818277311
-15.53489359	2.954411765
-15.14348492	4.90105042
-14.73348153	6.976890756
-14.31116124	9.00105042
-13.91479207	11.05966387
-13.50473983	13.02352941
-13.15026192	14.8237395
-12.79950065	16.78760504
-12.30978361	18.69117647
-11.92115243	20.59216387
-11.53794436	22.43027311
-11.19769705	24.14434874
-10.75897147	25.53197479
-10.43202965	26.91443277
-10.17936184	28.5182563
-9.781690352	30.39771008
-9.400467403	32.24012605
-8.984325306	34.04894958
-8.618684605	35.85777311
-8.156398934	37.82163866
-7.783707487	39.73382353
-7.24642226	41.55987395
-6.80931242	43.62710084
-6.3419866	45.75462185
-5.851986328	47.72710084
-5.353294239	49.76848739
-4.89352573	51.76680672
-4.372339789	53.89432773
-3.899872689	55.97878151
-3.330134992	57.71008403
-3.002229958	59.51029412
-2.532299753	61.36218487
-2.059867425	63.14516807
-1.580429487	64.99705882
-1.104790202	66.64222689
-0.630139819	68.32184874
-0.129921671	70.04453782
0.288704157	71.77584034
0.795170172	73.30903361
1.293248968	75.03172269
1.784559968	76.6855042
2.310273901	78.20147059
2.854712133	79.88109244
3.329179075	81.42289916
3.805050692	82.92163866
4.415565095	84.31701681
4.952849207	85.82436975
5.375242415	87.28004202
5.989757621	88.77878151
6.51550407	90.16554622
7.104765047	91.61260504
7.617146209	92.80987395
8.183834622	94.14495798
8.772459794	95.6092437
9.366744948	96.81512605
9.898531656	97.93487395
10.4042112	99.31302521
11.00643304	100.605042
11.55512363	101.7247899
12.18757502	102.9306723
12.73163586	104.0504202
13.33658689	105.0840336
13.8548124	106.2037815
14.40280858	107.1512605
15.01034782	108.2710084
15.60737481	109.3046218
16.16974642	110.3382353
16.74960988	111.1134454
17.35874735	112.0609244
17.89941068	113.0084034
18.4396552	113.697479
18.98800354	114.3865546
19.52808175	114.9894958
20.05218702	115.592437
20.6968284	116.1953782
21.20879917	116.4537815
21.60549864	116.1953782
22.06492643	116.4537815
22.44169501	116.6260504
22.80609217	116.6260504
23.22976621	116.539916
23.61599319	116.7121849
24.04078483	116.8844538
24.31116975	116.3676471
24.73832445	115.5063025
25.04713839	115.2478992
25.4484163	115.0756303
25.55802987	114.9033613
26.01335341	114.8172269
26.35583528	114.7310924
26.84394427	114.7310924
27.14461125	114.3004202
27.51356815	113.697479
27.93069458	112.9222689
28.30434198	112.4915966
28.50666572	112.2331933
28.9485455	111.8886555
29.29921917	111.2857143
29.43560398	110.9411765
29.87683283	110.5966387
30.03710757	110.1659664
30.29717586	109.8214286
30.75832433	109.6491597
30.99159378	108.960084
31.45997143	108.4432773
31.73924429	107.5819328
32.1933844	106.8067227
31.97518512	103.7920168
31.7065076	100.8634454
31.63639995	99.22689076
31.40308723	98.45168067
31.30095063	96.81512605
30.90728182	95.86764706
30.63102872	93.71428571
30.26842743	91.90546218
30.19815749	90.20861345
29.76675027	89.13193277
29.52888038	87.15945378
29.27831746	85.42815126
29.12827857	83.73130252
28.66061514	82.49957983
28.47502375	80.38067227
28.28266704	78.21869748
28.04102068	76.91806723
27.81644732	75.34180672
27.52029207	74.09285714
27.04381644	72.43907563
26.94711232	70.6302521
26.49821404	69.07121849
26.56504293	67.15042017
26.29864737	65.97037815
25.86832081	64.8592437
25.71306582	63.20546218
25.50447497	61.60336134
25.32779899	60.67310924
25.15632875	58.9762605
24.84129933	57.35693277
24.55801662	55.40168067
24.27807277	53.54978992
24.00976493	51.73235294
23.6992468	49.85462185
23.48190369	48.35588235
23.29131886	46.62457983
22.91138705	44.90189076
22.77733316	43.35147059
22.48065448	41.49957983
22.24554657	39.66491597
22.08380666	38.2092437
21.73421983	36.59852941
21.47279552	34.61743697
21.24101936	33.09285714
20.91486771	31.14621849
20.70763684	29.87142857
20.49176349	28.18577731
20.21751197	26.73527311
19.92159043	25.55867647
19.73346313	24.30455882
19.40284278	22.02802521
19.02422719	20.10464286
18.83982182	18.71787815
18.57085889	17.13214286
18.26551856	15.60756303
18.04662122	13.91071429
17.63362592	12.16218487
17.42508284	10.58592437
17.00806738	9.147478992
16.72303944	7.519537815
16.32947811	5.598739496
16.03348507	3.919117647
15.75571746	2.575420168
15.40116412	1.240336134
15.04161342	-0.585714286
14.75332065	-2.101680672
14.42532065	-3.54012605
14.11938735	-5.099159664
13.82670903	-6.313655462
13.5835326	-7.812394958
13.25478919	-9.190546218
12.95208636	-10.38781513
12.58461259	-11.87794118
12.22578568	-13.57478992
11.87638716	-15.16827731
11.62053881	-16.55504202
11.25727271	-17.82121849
10.9733638	-19.31995798
10.63035797	-20.57752101
10.3736318	-22.22268908
9.951737895	-23.78172269
9.636149748	-25.22016807
9.371785318	-26.40021008
8.973162844	-28.00231092
8.657235352	-29.51827731
8.243618429	-30.97394958
7.978330198	-32.17983193
7.629366435	-33.47184874
7.258628087	-34.78109244
6.938033721	-36.20231092
6.605634264	-37.74411765
6.26771557	-38.95861345
5.884419981	-40.33676471
5.599232974	-41.3789916
5.218398816	-42.7657563
4.833818164	-44.31617647
4.530813056	-45.30672269
4.11706131	-46.7710084
3.795081793	-48.14915966
3.465223659	-49.26890756
3.172381322	-50.21638655
2.812114413	-51.33613445
2.403586422	-52.71428571
2.039447627	-54.09243697
1.719689712	-55.03991597
1.46327216	-55.9012605
1.062258743	-57.19327731
0.734586605	-58.39915966
0.462071873	-59.34663866
0.114408125	-60.46638655
-0.107174355	-61.15546218
-0.433249564	-62.27521008
-0.848174994	-63.22268908
-1.194319323	-64.34243697
-1.523520582	-65.46218487
-1.828098076	-66.32352941
-2.223974324	-67.44327731
-2.563892636	-68.47689076
-2.870279791	-69.42436975
-3.237197809	-70.37184874
-3.594315626	-71.31932773
-3.952389029	-72.43907563
-4.297703188	-73.30042017
-4.684693539	-74.24789916
-5.044658392	-75.28151261
-5.44112265	-76.14285714
-5.81098339	-77.26260504
-6.201323179	-78.21008403
-6.362756303	-78.89915966
-6.763014106	-79.67436975
-7.113410329	-80.53571429
-7.517753627	-81.31092437
-7.862941379	-82.34453782
-8.275967195	-83.29201681
-8.623933641	-84.06722689
-9.005289022	-84.75630252
-9.348163299	-85.61764706
-9.636848982	-86.56512605
-9.976854284	-86.99579832
-10.24744072	-87.68487395
-10.68388686	-88.37394958
-11.02440803	-89.14915966
-11.36011381	-89.92436975
-11.79256603	-90.69957983
-12.1817694	-91.30252101
-12.53954091	-91.99159664
-12.89739229	-92.85294118
-13.18304086	-93.28361345
-13.58325142	-93.88655462
-13.8931642	-94.66176471
-14.27904243	-95.00630252
-14.6653013	-95.69537815
-15.09522857	-96.38445378
-15.4850787	-97.07352941
-15.80265145	-97.41806723
-16.21581468	-97.8487395
-16.62279408	-98.36554622
-17.02745214	-98.88235294
-17.40702208	-99.22689076
-17.86335608	-99.57142857
-18.20539876	-99.91596639
-18.44350076	-100.0021008
-18.90153996	-100.3466387
-19.24047197	-100.5189076
-19.63253862	-100.7773109
-20.02208861	-100.9495798
-20.39853466	-101.0357143
-20.71100511	-101.2941176
-21.05878919	-101.2941176
-21.49176827	-101.3802521
-21.82871159	-101.552521
-22.24373055	-101.3802521
-22.68776245	-101.2941176
-23.13504032	-101.2941176
-23.54719699	-101.3802521
-23.91443003	-101.2941176
-24.25749446	-101.2079832
-24.64720757	-101.1218487
-25.03259841	-101.0357143
-25.46435701	-100.8634454
-25.84233351	-100.6911765
-26.46110432	-100.605042
-26.73621244	-100.2605042
-27.04559345	-100.0882353
-27.4563623	-99.91596639
-27.82605657	-99.74369748
-28.16291211	-99.57142857
-28.47902871	-99.31302521
-28.97915071	-99.22689076
-29.26016391	-98.53781513
-29.56157661	-98.19327731
-29.93645962	-97.8487395
-30.11106119	-97.41806723
-30.52046809	-97.15966387
-30.73011636	-96.81512605
-31.23686962	-96.7289916
-31.53611629	-96.38445378
-31.79979656	-96.21218487
-32.19900292	-95.86764706
-32.52147223	-95.52310924
-32.90792593	-95.09243697
-33.00082415	-91.47478992
-32.83924671	-89.14915966
-32.53931814	-87.51260504
-32.29905038	-85.27310924
-32.16752699	-83.29201681
-31.74049784	-82
-31.57646601	-79.93277311
-31.32468812	-77.95168067
-30.92798271	-76.48739496
-30.55144628	-74.42016807
-30.41169911	-72.09453782
-30.15301263	-70.6302521
-29.86726909	-69.07983193
-29.56074253	-67.35714286
-29.41409155	-65.80672269
-29.22567014	-65.03151261
-28.93992259	-63.22268908
-28.71397336	-61.67226891
-28.27877447	-60.20798319
-28.10062759	-58.1407563
-27.82822116	-56.8487395
-27.47763774	-54.95378151
-27.13795671	-53.23109244
-26.91423182	-50.99159664
-26.54935969	-49.09663866
-26.21813476	-47.20168067
-25.88360307	-45.13445378
-25.64250889	-43.75630252
-25.27269575	-41.84411765
-24.86073204	-40.13865546
-24.60429366	-38.08865546
-24.23940728	-36.4262605
-24.01519416	-34.50546218
-23.67986718	-32.57605042
-23.38645557	-30.74138655
-23.04978205	-29.29432773
-22.66980461	-27.18403361
-22.52885371	-25.70252101
-22.22293485	-24.03151261
-21.89504964	-22.35189076
-21.51736922	-20.49138655
-21.22775749	-18.64810924
-20.88668085	-16.57226891
-20.52762173	-14.31554622
-20.14189244	-12.38613445
-19.81528515	-10.54285714
-19.54120456	-8.871848739
-19.21689815	-7.200840336
-18.86435137	-5.254201681
-18.53453099	-3.583193277
-18.2169595	-1.679621849
-17.85671921	0.180882353
-17.45866023	2.067226891
-17.06352586	3.841596639
-16.74255096	5.59012605
-16.51245709	7.175
-16.14394442	8.966596639
-15.77103631	10.67205882
-15.40247935	12.42920168
-15.0760072	14.01407563
-14.7183831	15.5644958
-14.35034534	17.18382353
-14.03097446	19.00987395
-13.65736926	20.58096639
-13.27604202	22.26317227
-12.90123881	23.79722689
-12.56083929	25.10044118
-12.17697815	26.67411765
-11.94455777	27.58455882
-11.60784852	29.50794118
-11.26129101	30.9394958
-10.8833674	32.65357143
-10.52510998	34.04033613
-10.166529	35.64243697
-9.856298607	37.19285714
-9.492957177	38.78634454
-9.108928657	40.07836134
-8.761161807	41.62016807
-8.410419341	43.1447479
-8.085984625	44.54012605
-7.77099034	46.17668067
-7.365377943	47.55483193
-6.964252591	48.99327731
-6.638477624	50.38865546
-6.216610954	51.97352941
-5.907412035	53.37752101
-5.509887486	54.69537815
-5.101686087	56.38361345
-4.731965889	57.64978992
-4.294395503	58.96764706
-3.988937697	60.39747899
-3.608601679	61.58613445
-3.283400583	62.94705882
-2.980799867	64.09264706
-2.611278111	65.28130252
-2.208652779	66.5302521
-1.844751459	67.71890756
-1.48976614	68.81281513
-1.13447654	70.27710084
-0.706230476	71.31071429
-0.382941184	72.40462185
0.057684969	73.63634454
0.404048821	74.76470588
0.808355804	75.78970588
1.18280495	76.84915966
1.557222493	77.91722689
1.971517917	79.07142857
2.390494358	80.05336134
2.761209332	81.07836134
3.129766048	82.03445378
3.533218523	83.01638655
3.995550721	84.00693277
4.362075204	84.9802521
4.778372469	85.94495798
5.170933629	86.8407563
5.597487063	87.80546218
5.979504011	88.69264706
6.396482232	89.62289916
6.831553754	90.43256303
7.264930806	91.34558824
7.703629627	92.16386555
8.113260964	92.78403361
8.567815129	93.71428571
8.967983344	94.4894958
9.356222394	95.26470588
9.828319317	96.12605042
10.24291706	96.81512605
10.73290512	97.50420168
11.15258012	98.19327731
11.59382644	98.88235294
12.0043804	99.57142857
12.38827969	100.1743697
12.84378509	100.7773109
13.33112371	101.552521
13.73321593	102.0693277
14.1768646	102.6722689
14.64712039	103.1890756
15.04414726	103.7058824
15.44665464	104.3088235
15.95267599	104.7394958
16.31601312	105.1701681
16.7977528	105.6008403
17.20787686	106.0315126
17.64804119	106.3760504
18.1362826	106.5483193
18.62217435	106.9789916
19.06019469	107.0651261
19.48238639	107.4957983
19.9429207	107.4957983
20.35922042	107.6680672
20.86035745	107.7542017
21.26964522	107.7542017
21.72870181	107.7542017
22.16689708	107.7542017
22.64857358	107.5819328
23.1261327	107.4096639
23.57259213	107.1512605
24.05822029	106.4621849
24.55903122	106.2037815
25.05389804	105.7731092
25.3504971	105.2563025
25.95289193	104.8256303
26.27426339	104.394958
26.94711758	103.7920168
27.33537887	103.1029412
27.91455868	102.7584034
28.27405127	102.0693277
28.96012085	101.3802521
29.23676815	100.6911765
29.93651003	99.91596639
30.4559165	99.22689076
31.0042843	98.45168067
31.52105348	97.67647059
32.06817932	96.81512605
32.64609394	96.12605042
33.02556468	95.26470588
33.64515451	94.40336134
34.12189774	93.45588235
34.76110723	92.68067227
35.24976339	91.98298319
35.63533243	91.18193277
36.26983296	89.87268908
36.49834643	88.26197479
36.78465247	87.44369748
37.06706994	86.6512605
37.49183502	86.2894958
37.95145464	85.55735294
38.33642612	84.86827731
38.82451229	84.29117647
39.10998287	83.5762605
39.34005614	82.89579832
39.89448101	82.2842437
40.2947084	81.7157563
40.84442827	80.99222689
41.05012575	80.41512605
41.31923119	79.98445378
41.78666724	79.27815126
42.26181694	78.83886555
42.59392622	77.39180672
42.88964221	76.22037815
43.29989737	75.87584034
43.74895989	74.95420168
44.29141964	74.15315126
44.5563522	73.30042017
44.76337317	72.94726891
45.21513748	72.30987395
45.20237616	68.70084034
45.14542297	66.03928571
45.05918367	64.25630252
44.64071508	63.49831933
44.69386493	61.85315126
44.54512375	61.00903361
44.18404973	59.9237395
44.09898238	58.0460084
43.62523193	57.16743697
43.53398809	56.35777311
43.47704306	54.85042017
43.19281322	53.67037815
43.18328817	52.16302521
42.76110162	51.35336134
42.35001752	49.13970588
42.35542678	47.51176471
42.1457562	46.15084034
41.79328763	44.76407563
41.66566516	43.20504202
41.43083849	42.17142857
41.30085255	41.15504202
40.93073103	39.95777311
40.86871855	38.22647059
40.67852954	37.45987395
40.2343027	36.30567227
40.07041888	34.60021008
39.94116819	33.02394958
39.62676024	32.33487395
39.49406835	30.61218487
39.23683257	29.54411765
39.00279491	28.42006303
38.82162143	27.15302521
38.37908989	26.20037815
38.29344759	25.07115546
38.1408081	23.7007563
37.85018156	22.29245798
37.6153027	20.70844538
37.29844613	19.52495798
36.97973198	17.8505042
36.89390398	16.86512605
36.69014264	16.10714286
36.39338922	14.8237395
36.29662043	13.61785714
35.92630707	12.73067227
35.72261538	11.32668067
35.46563354	10.05189076
35.04097516	8.871848739
34.6680642	7.002731092
34.57926082	5.228361345
34.21070029	2.988865546
33.77050627	0.749369748
33.33922698	-1.507352941
32.85008254	-3.453991597
32.42638897	-5.633193277
32.04982888	-7.597058824
31.66387203	-9.44894958
31.06417184	-11.62815126
30.66867737	-13.65231092
30.51146296	-15.88319328
30.1322033	-17.26995798
29.55721282	-19.25105042
29.25459731	-21.25798319
28.79578055	-23.22184874
28.40119606	-24.81533613
28.11268786	-26.68445378
27.59916484	-28.5105042
27.22538628	-30.52605042
26.71980492	-32.30903361
26.39231427	-34.03172269
25.86471493	-35.84054622
25.39809133	-37.6407563
25.03610027	-39.46680672
24.5652577	-41.0947479
24.1401021	-42.90357143
23.62333811	-44.54012605
23.17468826	-46.16806723
22.70396885	-47.8907563
22.17935793	-49.61344538
21.74852898	-51.16386555
21.27150203	-52.80042017
20.74937478	-54.43697479
20.28616849	-55.81512605
19.76680016	-57.45168067
19.18526519	-59.08823529
18.66817869	-60.63865546
18.17870385	-62.01680672
17.62918443	-63.65336134
17.0761266	-65.20378151
16.51189627	-66.49579832
15.95767465	-67.87394958
15.36985634	-69.33823529
14.80926	-70.80252101
14.27069376	-72.09453782
13.7015022	-73.38655462
13.11605356	-74.76470588
12.52279168	-76.14285714
11.9659625	-77.43487395
11.37842397	-78.72689076
10.80331904	-79.93277311
10.2005495	-81.13865546
9.646187212	-82.25840336
9.071715561	-83.46428571
8.450021776	-84.49789916
7.84707751	-85.70378151
7.220028894	-86.82352941
6.587103635	-87.85714286
6.009460512	-88.97689076
5.423767783	-89.92436975
4.816629248	-91.04411765
4.232099015	-91.99159664
3.598969588	-93.02521008
2.987441686	-93.97268908
2.357715813	-94.74789916
1.719266312	-95.52310924
1.132427195	-96.47058824
0.460108576	-97.15966387
-0.1795965	-98.19327731
-0.80792243	-98.88235294
-1.493119359	-99.57142857
-2.171410708	-100.2605042
-2.956114204	-101.0357143
-3.516960288	-101.3802521
-4.211725572	-101.9831933
-4.934390323	-102.5
-5.671124836	-102.8445378
-6.387358607	-103.3613445
-7.158668152	-103.6197479
-7.807185702	-103.8781513
-8.681777599	-104.0504202
-9.371163274	-104.3088235
-10.2548381	-104.3088235
-10.99663731	-104.3088235
-11.78532665	-104.1365546
-12.59611385	-104.2226891
-13.38904929	-104.0504202
-14.22016992	-103.7920168
-14.85414612	-102.6722689
-15.24323118	-101.8970588
-15.67843865	-101.2079832
-16.06530683	-100.9495798
-16.44230219	-100.8634454
-16.71801616	-100.605042
-17.13218306	-100.2605042
-17.56192207	-99.91596639
-17.94816611	-99.91596639
-18.36126548	-99.57142857
-18.75193551	-99.39915966
-19.15546345	-99.22689076
-19.60231613	-98.79621849
-20.08030193	-98.53781513
-20.52878991	-98.45168067
-20.96811236	-98.0210084
-21.37171141	-97.8487395
-21.74309843	-97.50420168
-22.20618147	-97.24579832
-22.62687805	-96.81512605
-23.0715297	-96.47058824
-23.46968083	-96.29831933
-23.90542751	-95.78151261
-24.47963515	-95.43697479
-24.84512797	-95.09243697
-25.28146771	-94.74789916
-25.7122971	-94.40336134
-26.04849891	-94.05882353
-26.5393827	-93.71428571
-26.81320747	-93.28361345
-27.45159483	-92.68067227
-27.57050403	-92.33613445
-28.03137465	-91.90546218
-28.48938398	-91.47478992
-28.97998189	-91.04411765
-29.27384915	-90.44117647
-29.71643233	-89.92436975
-30.24359097	-89.57983193
-30.53344909	-89.06302521
-31.07528352	-88.63235294
-31.35825816	-87.94327731
-31.97464776	-87.5987395
-32.25449254	-87.16806723
-32.78272925	-86.6512605
-33.1067482	-86.13445378
-33.4061066	-85.44537815
-33.91839613	-85.10084034
-34.40920353	-84.41176471
-34.77846583	-83.63655462
-35.36779635	-83.03361345
-35.54826858	-82.51680672
-36.16741895	-82
-36.50398813	-81.31092437
-36.90264598	-80.96638655
-37.22105636	-80.53571429
-37.79928942	-79.93277311
-38.27332594	-79.41596639
-38.44812709	-78.72689076
-38.93197789	-78.21008403
-39.45526817	-77.77941176
-39.78791609	-76.91806723
-40.2768131	-76.65966387
-40.70995035	-76.05672269
-40.98970255	-75.53991597
-41.32528358	-74.93697479
-41.73982391	-74.42016807
-42.20572496	-73.38655462
-42.45633884	-72.69747899
-42.90039005	-72.18067227
-43.38159781	-71.66386555
-43.6204192	-70.71638655
-44.14983694	-70.02731092
-44.52758123	-69.07983193
-44.92179661	-68.30462185
-45.31369511	-67.78781513
-45.58381339	-67.18487395
-45.91824449	-66.40966387
-46.37621326	-65.89285714
-46.63315659	-65.37605042
-46.8153609	-61.84453782
-46.69034162	-60.46638655
-46.4702679	-58.22689076
-46.13197102	-57.27941176
-45.84129526	-55.47058824
-45.46814959	-53.23109244
-45.0049606	-51.16386555
-45.04039582	-49.52731092
-44.79063998	-48.23529412
-44.67203387	-46.85714286
-44.23602593	-45.90966387
-44.10088584	-44.10084034
-43.99946297	-43.09306723
-43.64968467	-42.25756303
-43.4956327	-40.56932773
-43.18967012	-39.57878151
-42.89669544	-37.65798319
-42.66796291	-35.88361345
-42.32116005	-34.53991597
-41.98753391	-32.95504202
-41.61470419	-31.47352941
-41.43648365	-29.76806723
-41.19967926	-28.15735294
-41.0790238	-26.92563025
-40.87781137	-26.08151261
-40.69923721	-25.09096639
-40.5035713	-24.34159664
-40.29363701	-23.22184874
-39.9360155	-22.44663866
-39.63046594	-20.62920168
-39.41975846	-19.05294118
-39.05059222	-17.62310924
-38.78089129	-15.45252101
-38.50775518	-13.85903361
-38.19196378	-12.26554622
-37.82931304	-10.32752101
-37.51856536	-8.604831933
-37.30690177	-7.019957983
-37.06959961	-5.727941176
-36.72606837	-4.737394958
-36.35334801	-3.143907563
-36.24088065	-1.82605042
-35.99653282	-0.766596639
-35.47727558	0.654621849
-35.35977419	2.38592437
-35.12206554	3.703781513
-34.81113278	5.469537815
-34.52879759	6.606512605
-34.31819047	7.760714286
-33.77325553	9.035504202
-33.62209989	11.0855042
-33.20325808	12.30861345
-32.93152921	13.88487395
-32.66888374	14.95294118
-32.48539044	15.9262605
-32.2514104	17.03739496
-32.08436677	18.1657563
-31.7939432	19.19764706
-31.51806286	20.24073529
-31.03246535	21.51983193
-30.98969963	22.63355042
-30.80254193	23.56035714
-30.39768388	24.87563025
-30.02282815	25.69735294
-29.57351779	27.03415966
-29.33132557	28.35632353
-29.0028378	29.91363445
-28.73133554	31.06869748
-28.34253891	32.55882353
-28.11284438	33.7302521
-27.76379	35.12563025
-27.50652518	36.15063025
-27.03137852	38.54516807
-26.50518996	40.82773109
-25.93232428	42.96386555
-25.35418215	45.22920168
-24.7354117	47.29642857
-24.03891465	49.39810924
-23.49590687	51.39642857
-22.81974356	53.36029412
-22.17110469	55.31554622
-21.61747186	57.2105042
-20.9234503	58.9762605
-20.30585144	60.78508403
-19.68405165	62.41302521
-19.01450211	63.94621849
-18.37597597	65.66029412
-17.76476774	67.15903361
-17.11284488	68.66638655
-16.45217075	70.07037815
-14.84832623	73.40378151
-14.19714458	74.56659664
-13.53497463	75.86722689
-12.87667876	76.90945378
-12.24586757	78.07226891
-11.5438894	78.96806723
-10.87154357	79.98445378
-10.2853847	80.86302521
-9.590283374	81.74159664
-8.891178795	82.67184874
-8.254766499	83.42121849
-7.535971706	84.17058824
-6.914960259	84.74768908
-6.25810106	85.41953782
-5.458865156	85.68655462
-4.898079892	85.91911765
-4.180810853	86.15168067
-3.431220709	86.3842437
-2.698697197	86.53928571
-1.973408333	86.70294118
-1.181817874	86.77184874
-0.470118552	86.90966387
0.283642652	86.89243697
1.002680905	86.85798319
1.736418829	86.81491597
2.532450849	86.72016807
3.277310396	86.35840336
4.050592657	86.10861345
4.796642649	85.95357143
5.578701069	85.7210084
6.342095566	85.36785714
7.052436177	85.04054622
7.832214857	84.6960084
8.616158923	84.32563025
9.398278771	84.07584034
10.18086362	83.64516807
10.97771346	83.28340336
11.7316469	82.77521008
12.54883519	82.31869748
13.23766682	81.85357143
14.07468948	81.26785714
14.82970359	80.79411765
15.54974496	80.15672269
16.38289777	79.70882353
17.11043638	79.15756303
17.93369203	78.55462185
18.62513542	77.95168067
19.31121049	77.40042017
20.10790328	76.875
20.88548528	76.17731092
21.65056632	75.06617647
22.37819001	74.60105042
23.20099022	73.88613445
23.96524964	73.22289916
24.70974808	72.35294118
25.28464229	71.23319328
25.72648081	70.2512605
26.2115311	69.78613445
26.76547109	69.17457983
27.27903139	68.58886555
27.60911742	68.0289916
28.24898834	67.50357143
28.52347967	67.02121849
29.12716146	66.49579832
29.41972512	65.93592437
29.86737606	65.41911765
30.32710539	64.83340336
30.93731463	64.28214286
31.40051987	63.69642857
31.90316736	63.10210084
32.22209278	62.49054622
32.91302089	61.81869748
33.45478169	61.15546218
33.73188309	60.06155462
34.16130456	59.53613445
34.393263	59.01932773
34.60883268	58.3302521
35.25212416	57.88235294
35.58118904	56.88319328
36.22385241	56.25441176
36.71119636	55.30693277
36.92895296	54.42836134
37.40237425	53.91155462
37.67142909	52.92962185
38.26645682	52.32668067
38.65996192	51.30168067
39.1134616	50.42310924
39.60630768	49.26890756
39.79616336	48.0802521
40.42774667	47.46008403
40.8700046	46.27142857
41.46917384	44.80714286
41.79572247	43.94579832
42.15010474	42.93802521
42.72158139	41.52542017
43.24104737	40.03529412
43.44128395	38.74327731
43.75279628	37.79579832
44.29308041	36.75357143
44.62381282	35.51323529
44.96562925	34.67773109
45.48471827	33.71302521
45.78138318	32.04201681
46.18641851	30.91365546
46.72352155	29.10397059
47.10181202	27.75079832
47.41574757	26.69048319
48.22256078	25.66548319
48.85052056	23.47163866
49.17746973	19.9082563
49.55991121	15.35777311
49.92035884	11.28361345
49.90191943	7.123319328
49.85810569	2.937184874
50.11805788	-1.025
50.37836481	-4.763235294
50.63549801	-7.485084034
51.52684653	-21.15462185
50.54615636	-22.3605042
49.96979162	-23.68697479
49.36890485	-25.04789916
48.51103247	-26.82226891
48.15447972	-28.39852941
47.47873589	-29.98340336
46.70618956	-31.61995798
46.12075748	-33.03256303
45.65638188	-34.66911765
44.87374887	-36.21092437
44.47515128	-37.64936975
43.67652948	-39.16533613
43.34592046	-40.59516807
42.73420875	-42.06806723
42.04944064	-43.59264706
41.43957321	-44.78991597
40.61512949	-46.08193277
40.20471938	-47.46008403
39.5237825	-48.57983193
38.85278452	-49.87184874
38.44034755	-50.99159664
37.83164653	-52.11134454
36.8671383	-53.23109244
36.35948149	-54.35084034
35.68781807	-55.12605042
34.80587126	-56.07352941
34.30813266	-56.93487395
33.48560663	-57.88235294
33.09314666	-58.74369748
32.25722746	-59.60504202
31.62721029	-60.3802521
30.84530618	-60.98319328
30.27664972	-61.67226891
29.52663392	-62.27521008
28.81372442	-63.05042017
28.25061095	-63.48109244
27.46126895	-64.08403361
26.8081467	-64.51470588
26.04084741	-65.11764706
25.34910564	-65.46218487
24.604984	-66.06512605
23.98121588	-66.32352941
23.18742158	-66.58193277
22.48455866	-66.92647059
21.74311454	-67.2710084
21.08247913	-67.52941176
20.27680745	-67.70168067
19.56900309	-67.96008403
18.82393295	-68.13235294
18.08351795	-68.30462185
17.26050486	-68.3907563
16.48900296	-68.47689076
15.65145205	-68.56302521
14.93149149	-68.64915966
14.10543682	-68.73529412
13.25557756	-68.82142857
12.43686028	-68.73529412
11.62987423	-68.73529412
10.8496507	-68.73529412
10.02214527	-68.64915966
9.171248955	-68.56302521
8.336643034	-68.56302521
7.537017651	-68.21848739
6.632395798	-68.21848739
5.88228344	-68.04621849
5.118121974	-67.96008403
4.246586545	-67.78781513
3.474511863	-67.61554622
2.63361534	-67.52941176
1.819444176	-67.18487395
1.016461622	-67.0987395
0.148028256	-66.84033613
-0.608559334	-66.58193277
-1.432218977	-66.32352941
-2.209754336	-66.23739496
-3.046156662	-65.80672269
-3.817292441	-65.72058824
-4.643883155	-65.54831933
-5.469841816	-65.28991597
-6.367844947	-64.8592437
-7.194234243	-64.60084034
-7.902973909	-64.42857143
-8.766055539	-64.08403361
-9.60782796	-63.7394958
-9.963132125	-62.70588235
-10.34878897	-62.44747899
-10.79597096	-62.27521008
-11.30887759	-62.01680672
-11.74418895	-61.93067227
-12.01247633	-61.67226891
-12.37356589	-61.58613445
-12.8887305	-61.32773109
-13.25200644	-60.98319328
-13.70236064	-60.98319328
-14.06583069	-60.81092437
-14.43624175	-60.63865546
-14.8720839	-60.55252101
-15.21786293	-59.17436975
-15.30662524	-58.48529412
-15.40337719	-57.96848739
-15.49351572	-57.53781513
-15.59934873	-57.19327731
-15.63823923	-57.10714286
-15.63043603	-56.76260504
-15.6243069	-56.50420168
-15.74753909	-56.33193277
-15.7581393	-56.07352941
-15.91473351	-55.9012605
-15.91861806	-55.47058824
-15.29553869	-51.76680672
