"Bayrak and Sheikh 1996, AS7-HT"	
1958	
0	0
0.765848298	17.6377521
0.810500728	19.31737395
0.895816646	20.93239496
0.959576139	22.73777311
1.008746167	24.67752101
1.097932277	26.42605042
1.171112764	28.16596639
1.194679267	29.61302521
1.315125408	31.30987395
1.439745351	34.12647059
1.485607828	35.93529412
1.552160342	37.41680672
1.622120534	39.32037815
1.731822229	40.96554622
1.804933528	42.81743697
1.870747745	45.53928571
1.999126383	47.39117647
2.038839983	49.33781513
2.149405548	50.87962185
2.224473564	52.75735294
2.450628063	56.84012605
2.541166083	58.69201681
2.658992427	60.45777311
2.702816301	62.74894958
2.847733359	64.47163866
3.024149444	67.68445378
3.064073686	69.37268908
3.205722144	71.43991597
3.315790634	74.09285714
3.38360053	75.41071429
3.511934041	77.67605042
3.636171762	79.09726891
3.804307038	81.50042017
3.864888905	83.20588235
3.936023604	84.74768908
4.063559986	86.4789916
4.133014372	88.71848739
4.356428157	91.04411765
4.415275205	93.19747899
4.537444308	95.26470588
4.68010356	97.33193277
4.833851022	98.71008403
4.758045012	96.47058824
4.725698047	94.4894958
4.64177362	92.59453782
4.503054748	90.61344538
4.450917369	88.80462185
4.424045892	87.08193277
4.299235196	85.53151261
4.212870904	83.36953782
4.052818749	81.37121849
4.046350674	79.70882353
3.915895738	77.94306723
3.882562348	76.16869748
3.774198333	74.41155462
3.642558057	72.19789916
3.58013102	69.83781513
3.413473905	67.18487395
3.237173895	65.10042017
3.170261644	63.59306723
3.150499461	61.7842437
3.036414018	59.32941176
2.91653155	56.41806723
2.798314397	53.67037815
2.623054375	51.70651261
2.561769463	49.57037815
2.482219595	46.38340336
2.316116568	44.41092437
2.255983509	42.72268908
2.211616273	40.23340336
2.073774369	38.23508403
2.019989455	36.65882353
1.956698485	34.51407563
1.838141127	31.3960084
1.729136245	29.21680672
1.574054863	27.68361345
1.553184982	25.60777311
1.410760478	23.22184874
1.328912127	21.03058824
1.269406936	19.25794118
1.212928851	17.47151261
1.14816738	15.68594538
0.998049938	13.77289916
0.936025709	11.89430672
0.868866838	10.08031513
0.774989563	7.614285714
0.700711111	5.882983193
0.534782623	4.056932773
0.443412472	2.16197479
0.449715737	0.594327731
0.327638311	-1.541806723
0.248266084	-3.445378151
0.119954609	-5.383403361
0.062305299	-7.261134454
-0.05013306	-9.104411765
-0.104339118	-11.36113445
-0.200675019	-13.21302521
-0.305156493	-15.19411765
-0.389022028	-17.37331933
-0.529781714	-19.48361345
-0.628827343	-20.93067227
-0.632631995	-22.54138655
-0.804231826	-24.52247899
-0.883392958	-26.23655462
-1.00366839	-28.26071429
-1.045744547	-29.97478992
-1.174283026	-31.35294118
-1.209887187	-33.1789916
-1.32830637	-34.52268908
-1.417894616	-36.36596639
-1.498176944	-38.76911765
-1.655829549	-40.54348739
-1.708171581	-42.25756303
-1.803355296	-44.54012605
-1.90902289	-46.8657563
-2.029757981	-48.31281513
-2.151768332	-50.04411765
-2.221760607	-51.80987395
-2.260235372	-53.66176471
-2.430900896	-55.12605042
-2.430593408	-56.93487395
-2.495646811	-58.57142857
-2.615772852	-60.29411765
-2.711412274	-61.75840336
-2.776323751	-63.39495798
-2.962405939	-65.20378151
-2.900964483	-67.0987395
-3.034165633	-68.90756303
-3.2392673	-70.71638655
-3.269576016	-72.35294118
-3.307111238	-73.55882353
-3.324000408	-71.83613445
-3.309300001	-69.85504202
-3.125020604	-67.61554622
-3.027168208	-65.72058824
-3.000462756	-64.17016807
-2.959709557	-62.53361345
-2.834439963	-60.46638655
-2.825303179	-59.00210084
-2.723872327	-57.10714286
-2.575816166	-55.29831933
-2.141526676	-46.25420168
-2.065991588	-44.32478992
-2.046796911	-42.51596639
-1.879165497	-40.81911765
-1.850191108	-38.97584034
-1.716215495	-37.22731092
-1.605727355	-35.33235294
-1.52987078	-33.50630252
-1.457951658	-31.52521008
-1.390641513	-29.75945378
-1.343384046	-28.02815126
-1.289717314	-26.81365546
-1.182595429	-25.14264706
-1.110890471	-23.29936975
-0.984890085	-21.55084034
-0.950998987	-19.89705882
-0.790125162	-17.48529412
-0.707681831	-15.60756303
-0.615700059	-12.92878151
-0.487707229	-10.88739496
-0.383556766	-9.078571429
-0.270262054	-7.252521008
-0.277453006	-5.073319328
-0.161305626	-3.29894958
-0.052557075	-1.662394958
-0.01564023	0.473739496
0.106214084	2.704621849
0.122971512	4.513445378
0.311070159	6.692647059
0.383636631	8.53592437
0.435686644	10.29306723
0.551867041	12.21386555
0.613349359	14.22165966
0.766504297	17.56884454
0.870322949	19.57319328
0.948383853	21.45609244
1.11583146	23.93331933
1.169901518	25.78865546
1.263032745	28.07983193
1.388854073	30.64663866
1.433208642	32.84306723
1.574085364	34.47962185
1.615289922	35.84915966
1.661250298	37.52878151
1.849345799	40.55210084
1.964814722	42.80021008
2.062144112	44.70378151
2.160149308	46.6762605
2.260102275	49.78571429
2.387688254	51.75819328
2.573476034	54.42836134
2.697567854	57.28802521
2.821324	60.13046218
3.015746031	63.63613445
3.040840749	65.28130252
3.200186869	66.86617647
3.275998505	69.09705882
3.449073087	71.29348739
3.516660258	72.75777311
3.589050019	74.75609244
3.717422241	76.91806723
3.812812285	78.70105042
3.911142816	80.31176471
4.074108004	82.80105042
4.152332279	84.86827731
4.335648427	88.28781513
4.527876144	90.95798319
4.607505028	92.76680672
4.707246238	95.6092437
4.898742991	97.76260504
5.02273111	100.0021008
5.080371023	102.5
5.286700057	102.9306723
5.304447881	104.5672269
5.371593134	105.7731092
5.494718334	107.8403361
5.615741322	109.4768908
5.735838714	111.1134454
5.852410377	113.7836134
6.020164564	115.1617647
6.138680506	117.5735294
6.307194884	119.7268908
6.347705047	117.8319328
6.204011512	114.9033613
6.117505483	112.8361345
5.953457736	111.0273109
5.915010679	109.1323529
5.814598952	107.3235294
5.776307801	105.0840336
5.638984639	103.1890756
5.550626587	101.0357143
5.426163687	98.96848739
5.332881968	97.07352941
5.291813285	94.66176471
5.077021505	92.16386555
4.930835649	90.35504202
4.858143524	87.94327731
4.732414283	86.04831933
4.651259018	84.02415966
4.469984433	82.11197479
4.388625113	80.14810924
4.296587437	78.14117647
4.213511843	76.01365546
4.088893246	74.85084034
4.073487954	73.10231092
3.852572939	70.21680672
3.821704083	68.05483193
3.700789212	66.09096639
3.624073673	63.90315126
3.413058736	61.84453782
3.372892561	59.93235294
3.249503702	57.66701681
3.170095032	55.47920168
3.021465858	53.49810924
2.88217159	51.67205882
2.77206137	50.12163866
2.766826619	48.175
2.623309949	45.26365546
2.526100555	43.44621849
2.467480092	41.42205882
2.25856356	39.15672269
2.250398947	36.83109244
2.115668867	34.68634454
2.027665961	32.82584034
1.956394058	30.79306723
1.854166592	28.80336134
1.755070503	27.21848739
1.661526344	25.28046218
1.607495619	23.23046218
1.490284828	20.80836134
1.404289533	18.94096639
1.292063246	17.02792017
1.205486485	14.98567227
1.124780299	13.03042017
1.01835708	11.21298319
0.897518241	8.828781513
0.773800254	6.907983193
0.656899349	4.43592437
0.648732499	2.566806723
0.474567488	0.499579832
0.413586993	-1.326470588
0.332660665	-3.453991597
0.181767579	-5.547058824
0.072164006	-7.321428571
-0.013583404	-9.414495798
-0.062696315	-11.31806723
-0.177392718	-13.23886555
-0.322697318	-15.25441176
-0.322071095	-17.12352941
-0.50377876	-19.36302521
-0.55028401	-21.24936975
-0.62454194	-22.96344538
-0.689680831	-25.19432773
-0.938767474	-27.40798319
-0.977397765	-29.78529412
-1.002136224	-31.45630252
-1.223530109	-33.94558824
-1.29892713	-35.90084034
-1.218237262	-37.97668067
-1.43021069	-39.69936975
-1.596024658	-41.44789916
-1.577541612	-42.94663866
-1.568441867	-44.28172269
-1.702683049	-45.66848739
-1.800071492	-47.63235294
-1.928839826	-49.44117647
-2.046636049	-51.32752101
-2.040082206	-53.14495798
-2.072496651	-54.78151261
-2.291094188	-56.59033613
-2.423981327	-58.48529412
-2.438679861	-60.12184874
-2.496185359	-61.93067227
-2.664100776	-63.7394958
-2.7714371	-65.63445378
-2.841693279	-67.18487395
-2.925816624	-69.5105042
-2.996468241	-71.31932773
-3.141653327	-73.55882353
-3.189049689	-75.53991597
-3.370007115	-77.3487395
-3.419439714	-78.72689076
-3.479092232	-80.70798319
-3.628885021	-82.25840336
-3.705090877	-84.15336134
-3.825211303	-86.22058824
-3.851399788	-87.68487395
-3.936973176	-89.66596639
-4.090416843	-91.1302521
-4.114544364	-92.93907563
-4.22989172	-94.83403361
-4.265578144	-96.29831933
-4.391662682	-97.76260504
-4.495669295	-99.31302521
-4.621812048	-100.9495798
-4.596016623	-99.22689076
-4.553671189	-97.41806723
-4.329793585	-95.69537815
-4.350475031	-93.88655462
-4.214291601	-91.73319328
-4.16017133	-89.75210084
-4.126384949	-87.85714286
-4.028408197	-85.70378151
-3.917472377	-84.2394958
-3.886944789	-82.68907563
-3.841099156	-81.22478992
-3.666441433	-78.98529412
-3.643199902	-77.17647059
-3.5074513	-75.62605042
-3.447737364	-73.90336134
-3.384315944	-71.92226891
-3.328818363	-70.02731092
-3.174306882	-68.21848739
-3.034298409	-65.80672269
-2.948549136	-63.91176471
-2.877392486	-62.10294118
-2.839124214	-60.72478992
-2.679223068	-58.82983193
-2.691659622	-57.27941176
-2.584211105	-55.64285714
-2.456988136	-53.74789916
-2.406822993	-52.02521008
-2.247529886	-50.47478992
-2.221898186	-48.81239496
-2.249111173	-47.21029412
-2.074577713	-45.44453782
-1.980323504	-44.10084034
-1.992914421	-41.92163866
-1.792754291	-39.61323529
-1.72727906	-37.88193277
-1.610391003	-36.31428571
-1.60248432	-34.36764706
-1.41900364	-32.49852941
-1.378375024	-30.75
-1.237718409	-28.23487395
-1.062924479	-26.40021008
-1.102829025	-24.65168067
-1.004907102	-23.17016807
-0.984708731	-21.20630252
-0.882557186	-19.98319328
-0.788224812	-18.38109244
-0.71417845	-16.59810924
-0.652552165	-14.60840336
-0.454538083	-12.80819328
-0.402233442	-11.04243697
-0.306645307	-8.88907563
-0.206331837	-6.701260504
-0.135771185	-4.599579832
-0.009335075	-2.506512605
0.055673248	-0.792436975
0.239194778	2.024159664
0.317478873	3.850210084
0.366178116	5.409243697
0.462495843	7.106092437
0.522431144	8.811554622
0.602866497	10.74957983
0.724734266	12.79010504
0.812960756	14.5937605
0.897785921	16.43531513
0.994472399	18.51115546
1.070307971	20.75840336
1.161808268	22.71882353
1.346484489	25.1512605
1.359487572	27.00315126
1.471665416	28.91533613
1.59814921	31.57689076
1.708769198	33.55798319
1.827487169	36.46071429
1.953390987	39.07058824
2.052991926	41.24117647
2.112146552	43.05861345
2.326954177	46.36617647
2.476924111	49.18277311
2.543149946	50.9657563
2.594883422	52.64537815
2.692671063	54.5144958
2.761485037	56.70231092
2.856381824	58.78676471
2.983971005	60.87983193
3.06465142	62.75756303
3.171112928	65.06596639
3.357931603	67.9342437
3.523986081	70.27710084
3.625046151	72.32710084
3.601265045	74.41155462
3.839338625	77.32289916
3.891558606	79.3987395
4.058960912	81.42289916
4.190175863	83.93802521
4.294231495	85.67794118
4.362854741	87.85714286
4.603163051	90.52731092
4.650977216	92.50840336
4.778351869	95.00630252
4.894410669	97.67647059
4.983392911	99.74369748
5.166687079	102.7584034
5.291569003	104.7394958
5.372063172	107.4096639
5.504885677	109.8214286
5.630883561	112.1470588
5.801301963	114.4726891
5.874296386	116.0231092
5.968439006	118.262605
6.138472699	121.105042
6.29718963	122.7415966
6.257106805	120.5021008
6.213078995	118.1764706
6.066735318	116.3676471
5.940203615	114.3004202
5.942843515	112.3193277
5.802859077	110.855042
5.758912371	108.8739496
5.601495084	107.0651261
5.53718587	104.8256303
5.44541488	102.6722689
5.325730181	100.6911765
5.231491877	99.22689076
5.204606997	97.76260504
5.018381997	95.78151261
4.965822396	93.54201681
4.900457319	91.1302521
4.608145805	87.42647059
4.511291752	83.98109244
4.398200547	82.01722689
4.20570459	79.70882353
4.086513605	76.90084034
4.011949901	74.68718487
3.882163159	72.29264706
3.807360778	70.5355042
3.693255707	67.88256303
3.490504705	64.48886555
3.34375607	62.75756303
3.300776536	60.8539916
3.231278814	58.85567227
3.016287951	55.03130252
2.8707845	52.60231092
2.747441974	49.49285714
2.606363552	47.40840336
2.498737821	45.31533613
2.496362335	43.23088235
2.344082731	41.08613445
2.185402193	38.74327731
2.061308052	35.47016807
1.947964604	32.25735294
1.867108916	30.6552521
1.781509137	28.6052521
1.63427139	25.93508403
1.483751534	23.37689076
1.407144522	20.96684874
1.30300585	18.84105042
1.225851833	16.84617647
1.090302286	14.78670168
1.009662302	12.70397059
0.881784221	10.76939076
0.792214334	8.64789916
0.687518341	6.701260504
0.590149941	3.815756303
0.518255981	1.82605042
0.454382548	0.430672269
0.366280984	-0.714915966
0.212354228	-2.635714286
0.117559009	-4.539285714
0.07563809	-6.124159664
-0.028260242	-7.795168067
-0.083268458	-10.09495798
-0.164888168	-11.53340336
-0.261001308	-13.63508403
-0.345053865	-15.55588235
-0.425736053	-17.3302521
-0.546532905	-19.475
-0.633018861	-20.95651261
-0.657288031	-23.36827731
-0.78404388	-25.01344538
-0.932731269	-26.65861345
-1.000881623	-28.61386555
-1.144772944	-30.32794118
-1.117876368	-31.89558824
-1.235590511	-34.17815126
-1.353265848	-35.93529412
-1.457847736	-37.52878151
-1.501301051	-39.65630252
-1.642553555	-41.37037815
-1.693666429	-43.38592437
-1.719211479	-45.10861345
-1.945961881	-47.08970588
-1.972404645	-49.26890756
-2.036887208	-50.87962185
-2.181259806	-52.3697479
-2.251621632	-54.52310924
-2.245487985	-56.33193277
-2.418511983	-57.79621849
-2.456121774	-59.69117647
-2.536666112	-61.24159664
-2.649086048	-63.22268908
-2.788564106	-65.20378151
-2.855225566	-66.66806723
-2.938677672	-68.04621849
-3.045489818	-69.68277311
-3.131034677	-71.23319328
-3.199025592	-73.30042017
-3.175351956	-74.42016807
-3.298112306	-76.05672269
-3.435456253	-77.86554622
-3.432113771	-79.32983193
-3.554713315	-80.96638655
-3.659993786	-82.77521008
-3.746297672	-84.84243697
-3.83590164	-86.56512605
-3.995996784	-88.28781513
-4.031466769	-90.18277311
-4.148115799	-91.64705882
-4.233389691	-93.54201681
-4.252365174	-95.35084034
-4.383052453	-97.50420168
-4.44571904	-98.96848739
-4.629283878	-100.7773109
-4.608011102	-98.88235294
-4.521465695	-96.9012605
-4.448135841	-95.09243697
-4.376582181	-93.28361345
-4.206609395	-91.64705882
-4.151763082	-89.83823529
-4.138057308	-87.85714286
-3.935312919	-85.78991597
-3.975245487	-84.32563025
-3.872872785	-82.51680672
-3.795524341	-80.79411765
-3.674886879	-79.32983193
-3.578081153	-77.86554622
-3.575021224	-75.97058824
-3.411728706	-73.81722689
-3.346982872	-71.66386555
-3.263187401	-69.85504202
-3.162801508	-67.70168067
-3.107451136	-65.9789916
-3.023138869	-63.7394958
-2.90725709	-61.24159664
-2.680441501	-59.00210084
-2.664419943	-57.27941176
-2.574442532	-55.12605042
-2.430993855	-53.31722689
-2.303877923	-51.50840336
-2.219860638	-49.43256303
-2.112735319	-47.12415966
-2.104981071	-44.64348739
-1.844604968	-42.39537815
-1.788035601	-40.50042017
-1.752889664	-38.16617647
-1.590050442	-36.5210084
-1.572793385	-34.58298319
-1.394572378	-32.92058824
-1.354430489	-30.81890756
-1.203226635	-28.57079832
-1.170430144	-26.71890756
-1.084969466	-24.99621849
-0.954542025	-22.95483193
-0.887622861	-21.19768908
-0.819101125	-19.3802521
-0.686545558	-17.31302521
-0.597938428	-15.76260504
-0.454162433	-12.37752101
-0.382214308	-10.0605042
-0.237024751	-8.044957983
-0.113513367	-5.521218487
-0.007887369	-3.264495798
0.062973113	-1.119747899
0.229795893	0.895798319
0.279744738	3.109453782
0.455097471	4.711554622
0.544706446	7.037184874
0.689258863	10.90462185
0.763183482	12.81163866
0.901971603	15.71092437
0.989118744	17.94094538
1.090530372	19.95821429
1.145168753	21.82302521
1.346637882	25.65945378
1.507432871	28.4157563
1.637774357	31.24957983
1.744022221	34.13508403
1.879894788	37.31344538
2.038874962	39.93193277
2.174161688	43.20504202
2.346388351	47.08970588
2.544842382	50.92268908
2.709346897	54.64369748
2.885824115	56.68508403
3.008837316	59.77731092
3.216385058	63.57584034
3.32416272	66.08235294
3.482138814	69.31239496
3.641802809	72.55966387
3.785362836	75.21260504
3.917503401	78.88193277
4.057372533	81.14726891
4.215399627	83.99831933
4.318489261	86.6512605
4.44832911	88.97689076
4.542443419	91.56092437
4.769337107	94.83403361
4.90349955	97.67647059
5.011087497	99.57142857
5.113758086	101.9831933
5.277537239	104.0504202
5.468121103	106.8928571
5.518909746	108.7878151
5.641157957	111.1134454
5.713040126	113.1806723
5.902375394	115.4201681
6.025403666	117.6596639
6.124782985	119.2962185
6.251550958	120.6743697
6.265573328	123.0861345
6.441085935	125.5840336
6.54552356	127.4789916
6.740797436	129.5462185
6.844464778	131.9579832
6.973574861	133.5084034
7.067456778	135.2310924
7.192663675	136.3508403
7.253580061	138.0735294
7.433505766	140.0546218
7.537967498	141.7773109
7.680525863	144.1029412
7.774541808	145.394958
7.996658942	147.2037815
8.194495294	149.2710084
8.423236249	151.3382353
8.517897315	152.9747899
8.800573126	154.6113445
8.946831859	155.9894958
9.121843595	157.7121849
9.28346218	159.1764706
9.635533228	156.4201681
10.23704722	154.0084034
10.53249798	152.1995798
10.95720956	149.3571429
11.15435087	147.2037815
12.07117358	146.342437
12.50850021	146.0840336
13.15845349	144.2752101
13.13042745	142.6386555
13.06496743	141.1743697
12.89487317	139.2794118
12.85008182	137.7289916
12.7151342	135.8340336
12.55832667	133.8529412
12.34498819	132.1302521
12.21675892	130.3214286
12.11803385	128.3403361
11.90011674	126.3592437
11.76985978	124.894958
11.66045853	123.0861345
11.48043954	121.105042
11.32700161	119.210084
11.11671865	116.9705882
10.98952564	115.0756303
10.84386769	113.5252101
10.72973674	111.3718487
10.56444107	109.3046218
10.39315901	107.237395
10.20776096	105.5147059
10.15770188	103.6197479
9.91142924	101.6386555
9.793329425	98.96848739
9.588459633	96.9012605
9.433281726	94.66176471
9.279483501	92.50840336
9.073309564	90.61344538
8.982955859	88.63235294
8.768539978	86.4789916
8.564705687	83.46428571
8.437357165	81.1644958
8.274059362	78.82163866
8.007750491	76.40987395
7.858257537	73.28319328
7.695882487	70.71638655
7.433680508	67.82226891
7.362034797	65.36743697
7.128217476	62.9039916
6.964199711	60.59558824
6.832286103	58.50252101
6.603361802	55.21218487
6.462788296	52.25777311
6.191673836	49.03634454
6.067085503	47.15
5.959358577	44.84159664
5.837047808	42.93802521
5.661573911	40.3539916
5.462372848	37.72689076
5.272785588	34.41932773
5.115454391	31.69747899
4.987109505	29.08760504
4.842327481	26.44327731
4.745402578	24.04012605
4.546198141	22.07539916
4.446055903	19.95390756
4.347609404	18.22260504
4.203869226	15.03563025
3.971647627	12.04245798
3.855104958	10.05189076
3.739842841	7.881302521
3.608144961	4.875210084
3.456879409	2.696008403
3.277306546	0.542647059
3.152296846	-1.82605042
3.050712012	-3.63487395
2.881168309	-5.667647059
2.784267961	-7.75210084
2.681719501	-9.431722689
2.607643455	-11.25777311
2.474479626	-13.4197479
2.455345099	-15.79705882
2.247131326	-17.37331933
2.205245073	-18.91512605
2.037994787	-20.9737395
1.997943251	-22.96344538
1.847501263	-24.72058824
1.787933366	-26.40021008
1.673567995	-28.1487395
1.485728986	-30.37962185
1.391443508	-32.14537815
1.325823553	-33.99726891
1.130892614	-35.90084034
1.034644925	-38.09726891
0.997199466	-39.72521008
0.86754447	-41.58571429
0.646477219	-43.95441176
0.54985513	-46.09054622
0.448070489	-48.5539916
0.354313108	-50.48340336
0.262305761	-52.11134454
0.223764953	-53.92016807
-0.006891301	-55.81512605
0.003473114	-57.71008403
-0.165614328	-59.34663866
-0.292636548	-61.58613445
-0.422138904	-64.25630252
-0.535880878	-66.1512605
-0.639849317	-68.04621849
-0.744930415	-70.02731092
-0.914496578	-71.75
-0.96023884	-73.64495798
-0.974306503	-75.1092437
-1.212485885	-76.74579832
-1.336376075	-78.89915966
-1.451457896	-80.96638655
-1.650049716	-83.03361345
-1.737758281	-85.44537815
-1.838492916	-87.25420168
-1.978630934	-89.57983193
-2.017933209	-91.38865546
-2.200766182	-93.62815126
-2.327486908	-95.17857143
-2.467058057	-96.55672269
-2.503487947	-98.36554622
-2.624660486	-99.82983193
-2.795636931	-101.8109244
-2.797107453	-103.447479
-2.854090127	-105.7731092
-3.1388868	-107.6680672
-3.251548259	-109.2184874
-3.284135444	-110.4243697
-3.431314023	-112.1470588
-3.494173918	-113.8697479
-3.624451337	-115.592437
-3.662238646	-117.487395
-3.851781929	-118.7794118
-3.945871474	-120.7605042
-4.074517313	-122.7415966
-4.251978616	-124.2920168
-4.320105877	-126.0147059
-4.396259696	-127.737395
-4.664956534	-129.3739496
-4.71466675	-130.6659664
-4.892134726	-132.302521
-4.848631879	-134.3697479
-5.152761985	-135.7478992
-5.246582193	-137.7289916
-5.386567306	-139.2794118
-5.578152523	-141.1743697
-5.672968111	-142.8970588
-5.791385524	-144.447479
-5.920798085	-146.5147059
-6.178972066	-147.8928571
-6.250532398	-149.7016807
-6.452229866	-151.5966387
-6.483650002	-153.3193277
-6.753306237	-154.7836134
-6.877941778	-156.7647059
-6.959176797	-158.8319328
-7.190092759	-160.2962185
-7.351227773	-162.105042
-7.56279683	-164.1722689
-7.748102501	-166.0672269
-7.93866218	-168.0483193
-8.191846412	-169.3403361
-8.305591624	-170.9768908
-8.934271985	-171.5798319
-9.768513383	-171.9243697
-10.66538774	-171.4936975
-11.07005143	-168.9096639
-11.31475694	-166.9285714
-11.87786232	-164.947479
-11.92834938	-162.7079832
-11.99232046	-160.9852941
-12.21518105	-159.1764706
-12.2458714	-157.3676471
-12.20356441	-155.5588235
-12.12161322	-154.0084034
-11.98767059	-150.9936975
-11.90695803	-148.9264706
-11.62829295	-146.9453782
-11.56099112	-145.0504202
-11.37951963	-143.0693277
-11.28275692	-141.2605042
-11.12509862	-139.2794118
-11.00916255	-137.3844538
-10.76208853	-135.2310924
-10.68972984	-133.25
-10.41787086	-131.2689076
-10.3237006	-129.0294118
-10.14084587	-127.3067227
-9.948550433	-124.7226891
-9.814872684	-122.8277311
-9.658741752	-121.0189076
-9.564548754	-119.210084
-9.390277532	-117.487395
-9.124448922	-115.1617647
-9.049478245	-113.1806723
-8.882622361	-111.1995798
-8.731899205	-109.3907563
-8.564440887	-107.5819328
-8.508673234	-105.6869748
-8.31182893	-103.7920168
-8.165688006	-101.6386555
-7.946053952	-99.39915966
-7.814577463	-96.55672269
-7.554396782	-94.05882353
-7.468682985	-92.33613445
-7.22469954	-90.35504202
-7.047506839	-87.5987395
-6.847288413	-85.27310924
-6.700853931	-83.37815126
-6.619165523	-81.56932773
-6.357756969	-79.24369748
-6.228733138	-76.83193277
-6.028211153	-74.76470588
-5.845958851	-72.43907563
-5.767716023	-70.97478992
-5.539150127	-68.04621849
-5.350017452	-66.23739496
-5.210762839	-64.17016807
-5.097719449	-62.27521008
-4.869734261	-60.29411765
-4.776655175	-58.22689076
-4.649657453	-56.15966387
-4.469421385	-54.17857143
-4.25705694	-52.19747899
-4.148616913	-50.04411765
-3.954527623	-48.02857143
-3.787216513	-46.05609244
-3.727833333	-44.27310924
-3.531759162	-42.42121849
-3.497860392	-40.72436975
-3.321028272	-38.94138655
-3.241500663	-37.00336134
-3.005442668	-34.72079832
-2.865410802	-32.68802521
-2.641539135	-30.40546218
-2.502088274	-28.38991597
-2.332085031	-25.87478992
-2.19213335	-23.75588235
-2.047794711	-21.525
-1.858275557	-19.68172269
-1.740538502	-17.56281513
-1.542382615	-15.49558824
-1.391177405	-12.92016807
-1.112603602	-10.76680672
-1.014339829	-8.751260504
-0.773554126	-5.667647059
-0.637030089	-3.557352941
-0.430990513	-1.119747899
-0.263053474	1.378151261
-0.088236848	3.738235294
-0.008352046	5.366176471
0.237402176	8.010504202
0.428409521	10.58592437
0.596919518	14.03560924
0.864925912	17.24584034
1.015686542	19.07189076
1.28317171	22.30107143
1.444408175	25.63361345
1.736821045	28.2262605
1.906147225	31.26680672
2.128008092	33.48907563
2.26804784	36.46071429
2.462298647	39.57878151
2.729698166	42.43844538
2.954797842	45.59957983
3.151717729	48.49369748
3.393713732	51.64621849
3.633930926	54.22163866
3.893696034	57.36554622
4.115452401	60.1907563
4.337247352	63.38634454
4.564256658	66.59915966
4.795444448	68.95063025
5.065760627	72.11176471
5.337676802	75.30735294
5.602214876	78.42542017
5.859917896	81.31953782
6.120640653	84.22226891
6.402295424	87.51260504
6.651908179	90.26890756
6.908409402	93.02521008
7.133290121	95.35084034
7.313249201	98.10714286
7.580241368	100.9495798
7.834596441	103.2752101
8.064082702	105.6869748
8.302547405	107.4957983
8.498983249	109.907563
8.789926586	112.75
9.042981002	115.5063025
9.291684691	117.9180672
9.493296382	119.8130252
9.783009544	121.7941176
9.92039071	123.6029412
10.22908995	125.842437
10.48301539	127.8235294
10.67227275	129.8046218
10.92926874	131.2689076
11.16687537	133.25
11.41782622	135.144958
11.67950717	137.1260504
12.05978671	138.762605
12.28165446	140.9159664
12.61865252	142.2079832
12.94661516	143.6722689
13.29803839	145.8256303
13.56611635	143.7584034
13.46258119	142.3802521
13.34408941	140.5714286
13.23572185	138.6764706
13.12617421	136.7815126
12.97252798	134.6281513
12.79692112	132.3886555
12.51357096	129.7184874
12.37158966	127.3928571
12.25623578	125.4117647
11.92844085	123.0861345
11.74763277	120.3298319
11.54218071	118.262605
11.36471492	116.1092437
11.12720329	113.7836134
10.94800134	111.6302521
10.83116274	109.6491597
10.64098544	107.7542017
10.47376819	105.6008403
10.21838774	103.447479
9.913308661	101.2941176
9.8819455	99.1407563
9.625164609	97.24579832
9.470759828	95.09243697
9.242232669	92.59453782
9.087826989	90.52731092
8.858656061	89.06302521
8.733592947	87.34033613
8.546902823	84.75630252
8.249387294	81.89663866
8.15538224	80.02752101
7.97583574	77.83109244
7.761661954	75.59159664
7.516607356	72.51659664
7.341969777	70.13928571
7.102051565	67.50357143
6.921839583	65.13487395
6.764740479	62.86092437
6.625701894	61.11239496
6.453839874	59.32941176
6.258947669	57.01239496
6.027396713	53.70483193
5.785040581	51.25
5.616956339	49.09663866
5.532267412	47.20168067
5.286626134	44.7210084
5.117740197	41.51680672
4.918548121	38.89831933
4.670950508	36.7105042
4.584498043	34.57436975
4.399008347	32.43823529
4.275223942	30.38823529
4.136062693	28.20042017
3.919335442	25.9092437
3.694894786	23.03235294
3.496909593	20.03142857
3.348624894	18.02363445
3.122083438	15.45510504
2.957612106	13.34911765
2.78205037	10.9519958
2.564248211	8.802941176
2.473212618	6.770168067
2.295137585	4.771848739
2.165478069	2.592647059
1.981734745	0.895798319
1.91955504	-1.317857143
1.70481723	-3.677941176
1.490926964	-5.624579832
1.352990766	-7.528151261
1.26168127	-9.750420168
1.035965899	-12.21386555
0.858740653	-13.48004202
0.72514175	-15.40945378
0.631276469	-17.56281513
0.385244999	-19.65588235
0.414156304	-21.30105042
0.215139984	-23.18739496
0.062997288	-25.05651261
-0.075682202	-27.26155462
-0.213813912	-29.2512605
-0.469085731	-31.16344538
-0.585677519	-33.47184874
-0.636726936	-35.16008403
-0.864043631	-37.07226891
-0.973426312	-38.82941176
-1.132535217	-40.79327731
-1.355876434	-42.36953782
-1.378948867	-44.49705882
-1.608694229	-46.5987395
-1.730944996	-48.26113445
-1.839466391	-49.8460084
-2.04344713	-51.85294118
-2.182694622	-53.83403361
-2.305349557	-55.7289916
-2.513118056	-57.71008403
-2.652739843	-59.86344538
-2.76630926	-61.5
-2.899613898	-63.13655462
-3.093449322	-64.77310924
-3.176005401	-66.84033613
-3.342697893	-68.82142857
-3.539281141	-70.71638655
-3.66095094	-72.69747899
-3.914807696	-74.07563025
-3.984560701	-75.79831933
-4.093447432	-77.77941176
-4.216193324	-79.32983193
-4.25052752	-80.79411765
-4.508689625	-82.34453782
-4.571599454	-84.06722689
-4.75819258	-85.27310924
-4.907649537	-86.99579832
-4.978095223	-88.37394958
-5.11534201	-90.52731092
-5.354971032	-92.33613445
-5.490481317	-94.23109244
-5.679474202	-96.12605042
-5.849201758	-97.93487395
-5.927039295	-99.48529412
-6.082400428	-101.0357143
-6.2615808	-102.5
-6.448475142	-104.394958
-6.566356616	-106.0315126
-6.704453675	-107.9264706
-6.95115553	-109.3907563
-6.985366737	-110.855042
-7.199912045	-113.0084034
-7.463706026	-114.8172269
-7.659479035	-116.8844538
-7.808855039	-118.6071429
-7.935903937	-120.6743697
-8.244739998	-122.3970588
-8.339541367	-123.947479
-8.606270185	-125.7563025
-8.796254855	-127.5651261
-8.936076818	-129.0294118
-9.000446267	-130.8382353
-9.336196234	-132.302521
-9.450550439	-133.9390756
-9.65322004	-135.5756303
-9.879280104	-137.1260504
-10.06105937	-138.5042017
-10.24304999	-139.9684874
-10.41818285	-141.605042
-10.7855376	-143.5861345
-11.24283251	-145.5672269
-11.63974962	-147.2037815
-11.99255105	-148.5819328
-12.24531738	-146.6008403
-12.04638281	-144.2752101
-11.91903802	-142.552521
-11.76675968	-139.710084
-11.58182742	-137.3844538
-11.39708378	-135.5756303
-11.31562329	-133.4222689
-11.09331928	-131.9579832
-10.96493734	-130.2352941
-10.79140724	-128.5987395
-10.65960605	-126.789916
-10.5314373	-124.3781513
-10.32663727	-122.6554622
-10.11557376	-120.9327731
-9.974043853	-118.9516807
-9.845398002	-116.7121849
-9.644790112	-114.5588235
-9.452158959	-112.2331933
-9.323229439	-110.1659664
-9.172075519	-108.012605
-8.951944712	-106.1176471
-8.736481661	-103.5336134
-8.575689151	-101.2079832
-8.272137879	-99.1407563
-8.121927923	-96.98739496
-8.056208827	-94.74789916
-7.848728212	-93.02521008
-7.643900371	-91.04411765
-7.518532735	-88.8907563
-7.346707258	-87.34033613
-7.151933806	-84.84243697
-7.017302091	-82.60294118
-6.857944246	-79.93277311
-6.531890843	-77.77941176
-6.415297446	-75.71218487
-6.312044932	-73.47268908
-6.0559779	-70.88865546
-5.854821449	-68.82142857
-5.782814286	-67.01260504
-5.500344939	-64.94537815
-5.394531859	-63.22268908
-5.224147845	-61.24159664
-5.055162273	-58.82983193
-4.874807672	-56.41806723
-4.67652031	-54.43697479
-4.549800444	-52.45588235
-4.417137485	-50.90546218
-4.332940547	-49.13970588
-4.147884677	-46.90882353
-3.947227093	-44.44537815
-3.788498637	-42.37815126
-3.632674413	-40.07836134
-3.4011781	-37.96806723
-3.313299886	-36.03004202
-3.088556873	-33.87668067
-2.925838055	-31.76638655
-2.77856273	-29.88004202
-2.627078032	-28.1487395
-2.493166089	-26.34852941
-2.346704768	-24.81533613
-2.345370477	-23.29936975
-2.115651186	-20.9737395
-1.897656452	-18.84621849
-1.751280151	-16.72731092
-1.599024907	-14.59978992
-1.26494993	-11.94684874
-1.204101397	-9.905462185
-0.915319737	-7.218067227
-0.666608803	-4.814915966
-0.679881668	-2.937184874
-0.415971232	-0.094747899
-0.175241883	2.876890756
0.079231096	6.046638655
0.288989647	9.044117647
0.5433383	12.10189076
0.664454534	14.64457983
0.996093164	17.94783613
1.162569406	20.20369748
1.377099922	23.16586134
1.597409681	26.34852941
1.875021571	28.87226891
1.954311417	31.38739496
2.236659138	34.52268908
2.454157365	37.61491597
2.698648477	40.3539916
2.946571134	43.57542017
3.119659666	46.33172269
3.477456056	49.75987395
3.722419935	52.61953782
3.910584185	55.68592437
4.245295193	59.03655462
4.416350949	62.10294118
4.723978137	64.72142857
4.871746062	67.07289916
5.096179183	69.54495798
5.337066256	72.36155462
5.595859414	74.95420168
5.864555163	77.88277311
6.158569814	80.58739496
6.456619355	83.23172269
6.632322532	85.9105042
6.928193042	88.80462185
7.150420586	91.38865546
7.430505162	94.23109244
7.718811755	96.81512605
7.951304861	99.1407563
8.154930666	101.0357143
8.396819432	103.7920168
8.53006323	105.0840336
8.812614607	106.8067227
8.927166731	109.1323529
9.110378715	110.6827731
9.436122937	112.75
9.693648143	115.0756303
9.852951815	116.539916
10.13220827	118.3487395
10.25467891	120.2436975
10.5305618	122.3970588
10.78152938	124.1197479
11.00426688	125.7563025
11.20357998	127.8235294
11.36865777	129.5462185
11.71895649	131.5273109
12.02539472	133.7668067
12.35052268	135.5756303
12.69484984	137.7289916
13.19915994	139.6239496
13.74555015	141.5189076
14.42847695	142.8970588
15.49350404	137.1260504
15.74341986	135.7478992
15.94433737	136.1785714
16.32450648	135.7478992
17.23592886	134.8004202
18.08507667	134.4558824
18.73139064	134.5420168
19.47466958	133.8529412
20.06829763	132.0441176
21.00362067	131.0105042
22.03073378	129.7184874
22.55850497	128.1680672
22.98855506	126.4453782
23.05515866	124.2920168
22.87328392	122.3970588
22.6575191	120.9327731
22.53449278	119.0378151
22.33899679	117.2289916
22.15227072	115.6785714
22.10402627	113.6113445
21.86128394	111.802521
21.64629634	109.9936975
21.36942309	107.8403361
21.1230448	106.0315126
21.0482242	104.3088235
20.75393115	102.7584034
20.5414353	100.7773109
20.3812111	99.1407563
20.09986598	97.24579832
19.88377025	95.43697479
19.67726984	93.88655462
19.5374289	91.99159664
19.29258432	89.75210084
18.94866849	87.42647059
18.6498412	84.92857143
18.39854552	82.45651261
18.13494106	80.1394958
17.85076481	78.03781513
17.5290776	75.57436975
17.19979548	72.66302521
16.94714951	69.9842437
16.64297449	67.97731092
16.37713904	65.63445378
16.14917078	63.72226891
15.90151205	61.51722689
15.51045893	58.54558824
15.21609891	56.03046218
14.93609335	53.08466387
14.61202615	50.25945378
14.37055925	48.28697479
14.10529202	45.88382353
13.78273301	43.25672269
13.52603551	41.24978992
13.3011461	38.97584034
12.90581706	35.48739496
12.60919693	32.88613445
12.36584482	30.39684874
12.11289658	27.96785714
11.84472262	25.82310924
11.54902555	23.31659664
11.31809467	20.65934874
11.07840365	18.83415966
10.89833711	16.78329832
10.59998799	14.3267437
10.34249783	12.08207983
10.10773503	9.552310924
9.911407012	7.648739496
9.709580934	5.624579832
9.402772675	2.919957983
9.214924664	0.637394958
8.970244267	-1.188655462
8.853145536	-2.799369748
8.568747182	-5.392016807
8.293166765	-7.597058824
8.117995222	-9.879621849
7.85939134	-12.14495798
7.59741755	-14.26386555
7.379170191	-15.91764706
7.260700143	-17.90735294
7.025884125	-19.77647059
6.731987292	-21.79201681
6.632695431	-23.87647059
6.382293958	-25.77142857
6.242017253	-27.5802521
6.00698105	-29.75945378
5.743547158	-32.06785714
5.490972573	-34.05756303
5.272832881	-35.9697479
5.061390057	-37.90777311
4.88743335	-39.33760504
4.76394319	-41.27563025
4.605735389	-43.15336134
4.34117123	-45.27226891
4.077500146	-47.07247899
3.921115783	-49.09663866
3.693485978	-50.92268908
3.5542205	-52.71428571
3.366446453	-54.43697479
3.23050997	-55.81512605
3.104365661	-57.53781513
2.993103065	-59.2605042
2.771790799	-61.24159664
2.538410247	-63.13655462
2.40148763	-64.77310924
2.24405796	-66.49579832
2.01309612	-68.47689076
1.754769389	-70.45798319
1.560881674	-72.8697479
1.326721243	-74.85084034
1.020688537	-76.57352941
0.986552894	-78.12394958
0.727350837	-80.62184874
0.443143196	-82.43067227
0.252109259	-84.32563025
0.038632304	-86.4789916
-0.322101669	-88.80462185
-0.595383965	-90.78571429
-0.801862518	-92.85294118
-1.048307554	-95.26470588
-1.279992005	-97.07352941
-1.548694988	-99.1407563
-1.768772093	-101.2941176
-1.963017024	-103.2752101
-2.170246852	-104.7394958
-2.416640805	-106.6344538
-2.611168622	-108.7016807
-2.881132531	-109.907563
-3.066283573	-111.6302521
-3.393712565	-113.7836134
-3.591533447	-115.8508403
-3.797570993	-117.5735294
-4.096885514	-119.4684874
-4.387296869	-121.105042
-4.628458071	-122.8277311
-4.916706997	-124.2920168
-5.180563017	-126.1008403
-5.504399966	-127.6512605
-5.854039987	-129.2878151
-6.130189234	-131.0966387
-6.48246894	-133.1638655
-6.947918353	-134.8865546
-7.124494276	-136.4369748
-7.438673339	-138.4180672
-7.846269663	-140.4852941
-8.225998975	-141.9495798
-8.561164791	-143.4138655
-8.845553199	-145.0504202
-9.384194752	-146.8592437
-9.849949713	-148.4096639
-10.52327577	-149.7878151
-11.55505649	-151.4243697
-12.41120599	-152.6302521
-13.38283658	-152.8886555
-14.52676726	-152.9747899
-15.62530065	-152.7163866
-16.7249556	-151.855042
-17.59633502	-149.960084
-18.80262389	-149.2710084
-19.73027759	-147.6344538
-20.63633692	-145.8256303
-21.58825646	-143.6722689
-21.80274255	-142.1218487
-21.86668148	-140.1407563
-21.71897463	-138.0735294
-21.56262405	-136.2647059
-21.31131267	-134.4558824
-21.22161118	-132.5609244
-20.97702308	-130.7521008
-20.75784562	-128.5987395
-20.46371775	-126.3592437
-20.17301432	-124.4642857
-19.99264846	-122.6554622
-19.78546067	-120.9327731
-19.5477318	-118.8655462
-19.30372155	-116.7983193
-19.13074521	-115.2478992
-18.87372569	-113.4390756
-18.6490302	-111.7163866
-18.45334482	-109.907563
-18.16802987	-107.6680672
-17.94749698	-105.9453782
-17.72143777	-103.7058824
-17.44938869	-102.0693277
-17.25092482	-100.1743697
-17.03257142	-98.19327731
-16.79769719	-96.38445378
-16.53023491	-94.40336134
-16.2779991	-92.25
-16.03391134	-90.35504202
-15.79407283	-88.46008403
-15.56445174	-86.56512605
-15.28323375	-84.41176471
-15.06543559	-82.43067227
-14.84377457	-80.96638655
-14.66518577	-79.24369748
-14.44317977	-77.17647059
-14.19252383	-75.02310924
-13.8877039	-73.21428571
-13.66492365	-71.14705882
-13.46141034	-68.99369748
-13.14110648	-67.01260504
-12.91885302	-64.68697479
-12.68072344	-62.79201681
-12.4051817	-60.72478992
-12.1277157	-58.82983193
-11.83730755	-57.0210084
-11.68770104	-55.29831933
-11.49329952	-53.4894958
-11.27419374	-51.50840336
-11.04862586	-49.88046218
-10.84650432	-47.77016807
-10.55053946	-45.85798319
-10.3709277	-44.03193277
-10.12287339	-42.50735294
-9.896783787	-40.7157563
-9.656722279	-38.70882353
-9.467602341	-36.71911765
-9.218478114	-34.77247899
-8.916448158	-32.54159664
-8.749457801	-30.87920168
-8.4398821	-28.95840336
-8.257795683	-27.20987395
-7.992164216	-25.10819328
-7.791117902	-22.99789916
-7.520568258	-21.18907563
-7.375444499	-19.38886555
-7.050421297	-17.53697479
-6.805338607	-15.1855042
-6.562977291	-13.07521008
-6.330840163	-11.32668067
-6.182606095	-9.578151261
-5.893692223	-7.700420168
-5.607202564	-5.46092437
-5.34408283	-3.385084034
-5.080973009	-1.524579832
-4.817155462	0.887184874
-4.444169859	3.729621849
-4.183284452	6.305042017
-3.840065156	8.932142857
-3.585793233	11.26638655
-3.190624161	14.28884454
-2.932085085	16.5412605
-2.686176309	18.45861345
-2.321310025	21.00905462
-2.081472088	23.41995798
-1.770782358	26.43466387
-1.4341077	28.85504202
-1.045742185	30.91365546
-0.829785147	33.86806723
-0.500856056	36.54684874
-0.145277201	39.02752101
0.163176064	41.30147059
0.51703911	43.72184874
0.872715785	46.44369748
1.164879619	48.7262605
1.546229515	50.98298319
1.880390963	53.41197479
2.260706234	55.92710084
2.668815961	57.80483193
2.974142722	60.43193277
3.44927254	63.38634454
3.773400784	65.7894958
4.051056175	67.21932773
4.387715381	69.13151261
4.743298582	71.56911765
5.208578939	74.17037815
5.41749223	76.27205882
6.013786225	78.66659664
6.268979026	80.4237395
6.554104475	82.06029412
6.99845265	83.94663866
7.283225801	85.57457983
7.757858938	87.94327731
8.146742596	90.26890756
8.816528629	92.85294118
9.282957305	94.83403361
9.759269971	96.55672269
10.26039562	98.96848739
10.86516767	100.5189076
11.45984494	102.5
12.04102274	104.3088235
12.52167804	105.9453782
13.15323388	107.5819328
13.81185077	109.0462185
14.50814522	110.855042
14.9602592	112.1470588
15.83430568	113.697479
16.66557322	115.592437
17.65309636	116.9705882
18.65427218	117.1428571
19.5997794	117.1428571
20.41030079	116.539916
21.18563333	116.8844538
22.16465931	116.2815126
22.80362152	115.5063025
23.75198065	115.1617647
24.1761237	113.0084034
24.17500457	111.0273109
23.93572816	109.1323529
23.79854956	107.1512605
23.49027361	104.9117647
23.31951067	103.447479
23.13554659	101.552521
22.83017379	99.48529412
22.61983126	97.67647059
22.40681048	95.95378151
22.22105442	94.57563025
21.96738313	92.25
21.70372001	90.18277311
21.41688651	88.11554622
21.15602051	86.22058824
20.90616948	84.32563025
20.64680873	82.41344538
20.35836593	80.56155462
20.08776768	78.41680672
19.84051741	76.19453782
19.510161	74.41155462
19.27631832	72.73193277
19.05998437	70.60441176
18.74895841	68.4855042
18.44820636	66.18571429
18.0359142	64.18739496
17.90520333	62.59390756
17.67599818	60.46638655
17.38686737	58.16659664
17.01051329	56.12521008
16.73466788	53.63592437
16.4554399	51.94768908
16.14674391	49.63928571
15.78647105	47.64957983
15.51801438	45.30672269
15.23701943	43.12752101
14.83039478	40.80189076
14.64081847	39.28592437
14.35298409	37.32205882
14.11822353	35.3237395
13.82260923	33.41155462
13.49969621	31.36155462
13.19490558	28.77752101
12.88937813	26.92563025
12.62953599	24.80672269
12.32694697	22.58445378
12.02309937	20.32945378
11.79203152	18.68084034
11.51343781	16.66271008
11.23562821	14.84096639
10.96018392	12.83317227
10.72480984	10.98472689
10.39213466	8.458403361
10.13905908	6.856302521
9.875999702	4.814915966
9.610903221	2.721848739
9.314947777	0.525420168
9.038642684	-1.774369748
8.734079116	-3.841596639
8.426216464	-5.598739496
8.145720339	-7.605672269
7.851635573	-9.750420168
7.649779677	-11.29222689
7.397693303	-13.23886555
7.047803111	-15.27163866
6.851202086	-17.29579832
6.604623438	-19.18214286
6.349186416	-20.50861345
6.100666577	-22.30882353
5.854618343	-24.62584034
5.513434862	-26.31407563
5.324218567	-28.36407563
4.998857282	-30.39684874
4.662594776	-32.74831933
4.468360344	-34.80693277
4.148707755	-37.13256303
3.79847257	-38.8552521
3.552016689	-40.72436975
3.280031359	-42.42121849
2.988491318	-44.38508403
2.678663308	-46.6762605
2.34908746	-48.52815126
2.080688794	-50.68151261
1.845233102	-52.54201681
1.530021385	-54.43697479
1.230540469	-56.41806723
0.911619467	-58.74369748
0.646565699	-60.29411765
0.386848718	-61.93067227
0.138625474	-63.56722689
-0.171595072	-65.46218487
-0.364764908	-67.0987395
-0.70297068	-68.99369748
-0.986315737	-70.88865546
-1.323238603	-72.69747899
-1.652163435	-74.42016807
-1.90716447	-76.57352941
-2.26065821	-78.21008403
-2.486918002	-79.7605042
-2.835382221	-81.65546218
-3.216257831	-83.55042017
-3.510482388	-85.3592437
-3.858619504	-86.82352941
-4.076910413	-88.37394958
-4.316301979	-90.26890756
-4.764401173	-92.25
-5.104593696	-94.23109244
-5.557611067	-96.29831933
-5.960391185	-98.45168067
-6.516989722	-100.0882353
-6.869490552	-102.0693277
-7.273603363	-103.7058824
-7.671415849	-105.4285714
-8.123065051	-107.0651261
-8.514780561	-108.7878151
-9.004451921	-110.5105042
-9.319458872	-112.1470588
-9.73310682	-114.0420168
-10.37275365	-115.8508403
-10.7810157	-117.2289916
-11.13734502	-118.8655462
-11.71362258	-120.5882353
-12.34732804	-122.1386555
-13.22472696	-123.947479
-13.64911134	-125.6701681
-14.69827393	-127.1344538
-15.65536307	-128.4264706
-16.55157171	-129.8046218
-17.58416685	-131.0105042
-18.68376124	-131.5273109
-19.62890299	-131.8718487
-20.67751726	-130.9243697
-21.77154925	-130.7521008
-22.16885483	-129.2878151
-22.23835988	-127.4789916
-22.21661432	-125.3256303
-22.01449785	-123
-21.75521824	-121.0189076
-21.54602547	-118.7794118
-21.34033883	-116.7121849
-21.03101973	-114.644958
-20.81499441	-112.6638655
-20.5199164	-110.6827731
-20.32319336	-108.8739496
-19.95596926	-106.7205882
-19.75096491	-104.6533613
-19.58147962	-102.6722689
-19.23560913	-100.1743697
-18.99232578	-98.53781513
-18.76218915	-96.29831933
-18.43322279	-94.40336134
-18.12418983	-92.07773109
-17.90702871	-90.35504202
-17.63999126	-88.02941176
-17.4046293	-86.04831933
-17.09861349	-84.49789916
-16.88478275	-82.25840336
-16.66716047	-80.44957983
-16.31793167	-78.55462185
-16.04005507	-76.2289916
-15.82447817	-74.24789916
-15.44285897	-71.66386555
-15.20386973	-69.33823529
-14.90953644	-67.70168067
-14.65577485	-65.54831933
-14.39751016	-63.56722689
-14.07920472	-61.32773109
-13.82066475	-59.2605042
-13.54172033	-57.36554622
-13.27158489	-54.78151261
-12.9774292	-53.14495798
-12.76926283	-50.99159664
-12.33585885	-48.79516807
-12.1206917	-46.5987395
-11.82362739	-44.52289916
-11.52254757	-42.54180672
-11.23891376	-40.75882353
-11.03808709	-38.79495798
-10.7371085	-37.07226891
-10.51687682	-34.4710084
-10.07355515	-32.03340336
-9.855158745	-29.36323529
-9.494960505	-27.62331933
-9.173726283	-25.34936975
-8.917812398	-22.98067227
-8.610430089	-20.69810924
-8.28611367	-18.13991597
-7.998536201	-16.03823529
-7.613650096	-13.54033613
-7.294496901	-11.57647059
-7.105367052	-8.983823529
-6.688251647	-7.261134454
-6.430680007	-4.935504202
-6.033669029	-2.635714286
-5.695105042	-0.292857143
-5.38846799	2.248109244
-5.110031279	4.504831933
-4.71075127	6.916596639
-4.396905374	9.862394958
-4.040437541	12.19663866
-3.788485788	14.60323529
-3.33241685	17.01586134
-3.069010772	18.86689076
-2.734706459	20.91344538
-2.368089008	23.11073529
-2.059100901	25.47857143
-1.683747595	27.97647059
-1.313606332	30.36239496
-0.953162928	32.73970588
-0.592077387	35.35819328
-0.24886368	37.78718487
0.218267337	40.79327731
0.545214471	42.70546218
0.945728654	44.88466387
1.268585028	46.46953782
1.577533211	48.80378151
1.944870786	50.61260504
2.325563879	52.96407563
2.650468398	54.91932773
3.099483239	56.99516807
3.348547147	58.57142857
3.867347269	61.07794118
4.351097683	63.30021008
4.792301267	65.53970588
5.272575362	67.56386555
5.528208496	69.36407563
6.020564083	71.70693277
6.510883899	73.96365546
6.986183668	75.67773109
7.538890523	78.08088235
7.99179752	79.54516807
8.509631162	82.04306723
9.229831845	84.67016807
9.837680231	86.4789916
10.37369637	88.20168067
10.81914167	90.09663866
11.45130659	91.47478992
12.06387774	93.28361345
12.7156736	95.17857143
13.61799858	97.15966387
14.33002967	98.71008403
15.0902052	100.0882353
16.06528501	101.8109244
16.9195383	103.1890756
18.06034976	103.8781513
18.92610488	104.0504202
19.83790819	104.5672269
20.65380961	105.1701681
21.50757498	104.9978992
22.57820902	104.5672269
23.43479433	103.6197479
24.16424759	103.1029412
24.76457251	101.552521
25.56344271	100.2605042
26.28874097	99.1407563
27.01793875	97.50420168
28.08583771	96.47058824
28.6832516	95.17857143
28.98812017	93.62815126
29.77360067	91.81932773
30.644514	90.26890756
31.43919864	88.11554622
32.37328533	86.73739496
32.89351713	85.27310924
33.38294381	83.80021008
33.9723337	81.85357143
33.95712843	79.80357143
33.96322001	77.82247899
33.71370707	75.72079832
33.42373257	73.56743697
33.38814522	71.73277311
33.09791426	69.64831933
32.55139865	68.16680672
32.58814186	66.0737395
32.1719255	64.4802521
31.98405931	62.58529412
31.86567443	60.5697479
31.4294654	58.82121849
31.218503	57.20189076
30.87945505	55.00546218
30.59787114	53.23970588
30.35538165	51.4394958
30.0832274	49.11386555
29.75560945	47.15861345
29.45475696	45.31533613
29.16804914	43.24810924
28.84515471	41.46512605
28.66315979	39.62184874
28.28111084	37.85609244
28.04702055	35.43571429
27.67561664	33.52352941
27.40538538	31.75777311
27.11480482	29.725
26.78806018	27.2012605
26.46766468	25.49579832
26.19223367	23.42857143
25.93094609	21.44661765
25.59210254	19.63951681
25.21628874	17.72302521
24.99724909	15.94262605
24.68865763	14.03560924
24.42241175	12.06829832
24.18021927	10.09495798
23.85718669	8.286134454
23.49890479	6.287815126
23.24696188	4.341176471
23.00437745	2.644327731
22.63708662	0.921638655
22.3622896	-1.025
22.04946555	-3.135294118
21.67935841	-4.944117647
21.39951756	-6.821848739
21.0891451	-8.553151261
20.8241815	-10.39642857
20.58091962	-11.9210084
20.2476092	-13.69537815
19.92044368	-15.5644958
19.61310289	-17.54558824
19.31264797	-19.42331933
18.96470707	-21.30105042
18.59683858	-23.32521008
18.21201774	-25.29768908
17.94984674	-27.26155462
17.61894575	-29.14789916
17.28144077	-30.52605042
17.04842197	-32.2487395
16.69429593	-33.97142857
16.43700658	-35.79747899
15.97590347	-37.45987395
15.72230139	-39.18256303
15.49848806	-40.86218487
15.18638219	-42.47289916
14.79967745	-44.47121849
14.49727474	-45.99579832
14.14480104	-47.83907563
13.77643358	-49.81155462
13.34768559	-51.57731092
13.16488261	-53.23109244
12.8141127	-55.12605042
12.43464904	-56.8487395
12.07256834	-58.82983193
11.64380421	-61.15546218
11.23957013	-63.13655462
10.75001685	-65.11764706
10.31460265	-67.52941176
9.886193612	-69.42436975
9.452575514	-70.80252101
8.98155761	-72.78361345
8.671507102	-74.50630252
8.27054497	-76.48739496
7.776947367	-78.12394958
7.284383412	-79.93277311
6.91100801	-81.74159664
6.413919856	-83.63655462
5.985797187	-85.3592437
5.52723611	-86.99579832
4.982307622	-88.97689076
4.363837524	-90.78571429
3.775013546	-92.93907563
3.192049764	-94.66176471
2.608231047	-96.7289916
1.971864164	-98.62394958
1.366725763	-100.7773109
0.576198581	-102.5
-0.094807882	-104.6533613
-0.927764502	-106.5483193
-1.945928449	-108.8739496
-2.913959135	-110.2521008
-3.575710077	-112.2331933
-4.564732591	-113.3529412
-5.620149755	-114.644958
-6.528124081	-115.9369748
-7.42968759	-116.9705882
-8.429850061	-118.0042017
-9.277665849	-118.8655462
-10.3571224	-119.9852941
-11.51094076	-120.4159664
-12.54037376	-120.5882353
-13.56719588	-120.5882353
-14.49886646	-120.6743697
-15.62865544	-120.157563
-16.58303087	-119.3823529
-17.66723057	-119.0378151
-18.92644509	-117.8319328
-19.85087696	-117.4012605
-20.6633293	-115.6785714
-21.7784086	-114.1281513
-22.97482737	-113.0084034
-24.15151347	-110.855042
-24.85866124	-109.3046218
-25.2464077	-107.8403361
-25.73216416	-106.0315126
-26.45099108	-103.8781513
-27.24900333	-101.8970588
-27.9074579	-99.82983193
-28.62144588	-97.8487395
-28.89450109	-95.69537815
-29.16927413	-93.28361345
-29.95129777	-90.69957983
-30.85274726	-86.73739496
-43.32443343	-28.68277311
