"Bayrak and Sheikh 1996, ES8-HT"	
2164	
0	0
9.41E-08	10.02133311
0.400235388	20.33613445
0.800470682	30.67226891
1.480870682	41.00840336
1.520894212	42.04201681
1.520894212	41.42184874
1.480870682	39.97478992
1.400052666	35.02132123
1.210052133	25.00023133
1.102825165	20.00221156
0.894295154	15.16268908
0.800984082	12.67168067
0.687536329	10.50109244
0.622164914	8.330504202
0.545653501	6.211596639
0.460786902	3.947983193
0.388071606	1.746386555
0.274250924	-0.599915966
0.199504967	-3.018571429
0.123585232	-5.003109244
0.046227742	-7.370084034
-0.065388091	-9.675042017
-0.147161285	-11.79394958
-0.207216767	-14.18159664
-0.250664882	-16.29016807
-0.331330513	-18.31605042
-0.444242125	-20.48663866
-0.537197878	-22.67789916
-0.637375817	-24.8794958
-0.704576944	-27.15344538
-0.828915533	-28.9312605
-0.959639933	-31.20521008
-0.929099255	-33.28277311
-1.080980612	-35.53605042
-1.157231821	-37.61361345
-1.290224322	-39.84621849
-1.417353186	-41.11756303
-1.463980551	-43.08142857
-1.53247954	-45.24168067
-1.485257891	-43.18478992
-1.415345876	-41.27260504
-1.382852423	-39.3707563
-1.338262052	-37.09680672
-1.149406595	-34.61613445
-1.158769	-32.20781513
-1.0926036	-29.90285714
-1.052015058	-27.88731092
-0.971604697	-25.43764706
-0.914470684	-23.37042017
-0.87061117	-21.00344538
-0.796685527	-18.73983193
-0.705591469	-16.17647059
-0.674562916	-14.30563025
-0.643471819	-12.18672269
-0.559381481	-10.22285714
-0.539570241	-8.01092437
-0.395265173	-5.871344538
-0.383190972	-3.866134454
-0.319921205	-1.530168067
-0.229272245	0.991848739
-0.185603407	3.224453782
-0.044433622	5.767142857
0.036658628	7.948067227
0.100647416	9.829243697
0.165628203	11.91714286
0.217465969	14.13217647
0.317305272	16.33067227
0.396764027	18.59945378
0.503431517	20.89821008
0.424012274	22.51081933
0.514527657	24.39113445
0.658508336	26.21718487
0.706835276	27.9157563
0.830767515	29.65567227
0.929036861	33.43697479
1.023346084	35.41806723
1.094626536	37.45084034
1.1986859	39.70756303
1.235158989	41.51638655
1.267340227	43.47163866
1.329245257	45.18571429
1.393581938	47.27878151
1.4031086	49.36323529
1.433246984	51.24096639
1.539731914	53.32542017
1.594178078	55.18592437
1.670520121	57.06365546
1.699225189	59.15672269
1.735491644	61.40483193
1.826797132	63.29978992
1.867033279	65.14306723
1.858964614	66.77962185
1.953579057	68.39894958
1.99619425	70.3197479
2.037319223	72.22331933
2.120560408	73.98907563
2.126852989	76.53004202
2.243186395	78.79537815
2.263156141	80.475
2.339851775	81.83592437
2.388269483	83.63613445
2.511978626	85.6947479
2.527871183	87.21071429
2.587710145	89.33823529
2.62860521	91.06092437
2.699362082	92.61134454
2.706846282	94.33403361
2.782671784	95.88445378
2.902660187	97.43487395
2.944003527	99.41596639
3.031307269	101.052521
3.109419679	102.8613445
3.086016269	104.2394958
3.079365324	106.3067227
3.228789044	108.1155462
3.238819569	110.355042
3.408008391	111.8193277
3.393865468	113.3697479
3.392769286	114.9201681
3.521159763	116.4705882
3.656597079	118.3655462
3.720011572	119.657563
3.713721348	120.9495798
3.659474335	118.6239496
3.607974232	116.987395
3.564125645	115.3508403
3.504754072	113.3697479
3.449176656	111.8193277
3.359167624	109.9243697
3.26691654	108.0294118
3.26675392	105.9621849
3.148038977	104.4117647
3.158859855	102.4306723
3.003227456	100.4495798
2.959218855	98.72689076
2.919470777	97.09033613
2.916471838	95.28151261
2.831528687	93.47268908
2.832645231	91.57773109
2.721683849	89.5105042
2.744539212	87.78781513
2.663534529	85.85840336
2.601641632	84.11848739
2.541921532	82.39579832
2.547403143	80.77647059
2.463731529	78.9762605
2.439137876	77.17605042
2.359021141	75.56533613
2.348747412	73.70483193
2.285130221	71.96491597
2.247142309	70.1302521
2.197075807	68.60567227
2.116862866	66.77962185
2.179742473	64.78130252
2.073750071	62.93802521
2.047956191	61.12920168
1.987162046	59.22563025
2.00048895	57.1842437
1.998940479	55.47016807
1.884416379	53.39432773
1.835921126	51.80084034
1.752603561	49.86281513
1.744815078	48.01953782
1.705877062	46.32268908
1.693814187	44.38466387
1.61169649	42.65336134
1.605340825	40.64642857
1.582529924	38.78592437
1.526000652	37.00294118
1.484912062	35.19411765
1.526852456	33.34222689
1.427346773	31.77457983
1.43392048	30.06911765
1.343735158	27.92436975
1.348229238	25.71932773
1.271419618	23.90102941
1.171096356	22.10943277
1.091010996	20.27132353
1.010022175	18.44010504
0.966736136	16.43920168
0.886376052	14.66483193
0.80040016	12.84222689
0.665919042	11.11953782
0.609251553	9.457142857
0.524778043	7.407142857
0.410255974	5.494957983
0.287808589	3.272689076
0.197674408	1.748109244
0.058896457	-0.258823529
-0.005909784	-2.024579832
-0.103855421	-3.755882353
-0.214118969	-5.73697479
-0.320655905	-7.356302521
-0.376538728	-8.915336134
-0.427172848	-10.67247899
-0.511114882	-12.54159664
-0.650826292	-14.40210084
-0.753241296	-16.07310924
-0.839114357	-17.74411765
-0.866990141	-19.38928571
-1.045328824	-21.18088235
-1.045907532	-23.13613445
-1.134814313	-24.82436975
-1.270235313	-26.54705882
-1.334686412	-28.10609244
-1.48629625	-29.86323529
-1.499398258	-31.97352941
-1.643316992	-33.54978992
-1.650951399	-35.1605042
-1.765465418	-36.99516807
-1.871407061	-38.95042017
-1.916670525	-40.51806723
-1.991277032	-42.11155462
-2.114307412	-44.1012605
-2.115971153	-45.90147059
-2.32734058	-47.56386555
-2.370732378	-49.59663866
-2.470763601	-51.23319328
-2.56528504	-53.21428571
-2.675007821	-55.1092437
-2.737711458	-56.91806723
-2.800216017	-58.89915966
-2.937475582	-60.44957983
-3.035000263	-62.34453782
-3.142643405	-63.98109244
-3.255148155	-65.70378151
-3.315817454	-67.7710084
-3.476300479	-69.66596639
-3.534268765	-71.56092437
-3.621444882	-73.3697479
-3.726649861	-75.00630252
-3.830458181	-76.7289916
-3.753822962	-75.00630252
-3.609405214	-73.3697479
-3.65841558	-71.47478992
-3.615004559	-69.49369748
-3.470887168	-67.34033613
-3.382619895	-65.70378151
-3.361321782	-63.89495798
-3.261942017	-62.08613445
-3.286251836	-60.27731092
-3.121273731	-58.46848739
-3.06890466	-56.4012605
-3.011780975	-54.59243697
-2.878752847	-52.69747899
-2.870959744	-50.80252101
-2.766775053	-49.16596639
-2.718741034	-47.18487395
-2.568412979	-45.61722689
-2.559876498	-43.85147059
-2.478744845	-42.13739496
-2.369218464	-40.33718487
-2.318236088	-38.43361345
-2.301560779	-36.69369748
-2.172732897	-34.97962185
-2.082900529	-33.32584034
-1.945360088	-31.70651261
-1.937336506	-30.12163866
-1.865558055	-28.2697479
-1.799098029	-26.68487395
-1.728514204	-24.78130252
-1.556773008	-22.91218487
-1.583050571	-20.93970588
-1.443285628	-18.70882353
-1.367278775	-16.97752101
-1.258621489	-14.79831933
-1.20462213	-12.94642857
-1.129324857	-11.04285714
-1.073003149	-9.242647059
-0.939774712	-7.270168067
-0.86612991	-5.340756303
-0.75568884	-3.480252101
-0.688191029	-1.602521008
-0.535750863	0.309663866
-0.463192978	2.01512605
-0.405668581	3.737815126
-0.286031984	5.908403361
-0.2086327	7.777521008
-0.101454422	9.905042017
0.031155404	11.7052521
0.053778588	13.58298319
0.198497602	15.34184874
0.304099502	17.26953782
0.390035666	19.26182773
0.494402655	21.16539916
0.697810151	24.06985294
0.808641661	25.84163866
0.867659445	27.56260504
1.082818211	29.70735294
1.155777915	31.76596639
1.239222495	33.61785714
1.299593685	35.46113445
1.317486971	37.52836134
1.39574711	39.31995798
1.451052512	41.28382353
1.507959605	43.1960084
1.557963246	44.70336134
1.610222166	46.70168067
1.672547136	48.66554622
1.732674471	50.52605042
1.823884818	52.79138655
1.890994789	55.08256303
1.972574126	57.11533613
1.985547324	59.26008403
2.087927919	61.31008403
2.132982107	63.43760504
2.167205205	64.70378151
2.190343529	67.49453782
2.265615235	69.83739496
2.251154336	72.42142857
2.378291378	74.61785714
2.478093487	76.38361345
2.526985836	78.58865546
2.555180653	80.40609244
2.595927773	82.17184874
2.62906288	84.45441176
2.709404387	86.32352941
2.736241662	87.96008403
2.81498838	90.45798319
2.849488647	92.26680672
2.857144374	93.9894958
2.949997609	95.45378151
3.037259418	97.26260504
3.001630324	99.41596639
3.13451396	100.7941176
3.158634586	102.2584034
3.137794863	104.3256303
3.231326282	106.0483193
3.313196151	107.6848739
3.366651693	108.8046218
3.416778462	110.9579832
3.446083763	113.1113445
3.492236443	114.8340336
3.579444809	116.8151261
3.628293437	118.3655462
3.705285874	120.2605042
3.648029586	118.710084
3.598869909	116.987395
3.561284599	115.0063025
3.417407003	112.6806723
3.352291031	110.6995798
3.270803963	108.6323529
3.17566074	106.5651261
3.174715563	104.6701681
3.119589391	102.7752101
3.080018668	100.8802521
2.976002252	99.07142857
2.913577857	97.5210084
2.933071353	95.53991597
2.877726366	93.55882353
2.877028782	91.83613445
2.744476408	90.02731092
2.753784233	88.3907563
2.70063291	86.40105042
2.653902158	84.60945378
2.623472332	83.02457983
2.573090176	81.14684874
2.50853413	79.32079832
2.475488336	77.59810924
2.362828254	75.50504202
2.342385492	73.3
2.299364292	71.19831933
2.267552269	69.68235294
2.250637216	67.8907563
2.16393279	65.78907563
2.140600082	63.8855042
2.125004137	62.00777311
2.042782785	60.23340336
2.044415903	58.43319328
1.950146669	56.30567227
1.906661703	54.50546218
1.906485913	52.94642857
1.809003412	50.97394958
1.820093659	49.02731092
1.744244158	47.32184874
1.716992068	45.08235294
1.720365744	43.20462185
1.639723353	41.32689076
1.609770045	39.07878151
1.520621539	36.67563025
1.56863552	35.0907563
1.516282803	33.09243697
1.485508299	31.25777311
1.439729798	29.75042017
1.456772015	27.96743697
1.396678479	26.06386555
1.336718496	24.11636555
1.275467366	22.14647059
1.219538032	20.31094538
1.142671472	18.58394958
1.022188021	16.70621849
0.940396353	14.77336134
0.838508358	13.18762605
0.77619803	11.4210084
0.679707534	9.215966387
0.581298561	7.12289916
0.420147153	5.279621849
0.343552582	3.703361345
0.216472061	1.817016807
0.150011785	-0.138235294
0.069520591	-1.86092437
-0.021647845	-3.566386555
-0.111237365	-5.874789916
-0.256493631	-7.959243697
-0.377972261	-9.897268908
-0.391788217	-11.70609244
-0.581561534	-13.55798319
-0.624096527	-15.67689076
-0.781816466	-17.47710084
-0.900647227	-19.25147059
-0.974529431	-20.97415966
-1.039562498	-22.89495798
-1.15967671	-24.48844538
-1.223682935	-26.15084034
-1.318363828	-28.0802521
-1.417767777	-30.05273109
-1.555394511	-32.01659664
-1.581881824	-33.84264706
-1.68711483	-35.60840336
-1.781246664	-37.46890756
-1.896975416	-39.23466387
-1.962347685	-40.88844538
-2.051427981	-42.46470588
-2.1574675	-44.18739496
-2.260437305	-46.28046218
-2.325087891	-48.05483193
-2.427549424	-49.94117647
-2.527164332	-51.49159664
-2.642299511	-53.21428571
-2.664018185	-55.1092437
-2.731728376	-56.74579832
-2.851304057	-58.46848739
-2.950716229	-60.27731092
-3.121447504	-62.17226891
-3.165755366	-63.80882353
-3.333322559	-65.96218487
-3.349541643	-68.20168067
-3.38026692	-70.0105042
-3.540455218	-71.64705882
-3.574647735	-73.02521008
-3.716291277	-74.92016807
-3.783549151	-76.38445378
-3.661322718	-74.57563025
-3.555978214	-72.42226891
-3.518445996	-70.52731092
-3.503777945	-68.71848739
-3.470053315	-66.90966387
-3.317295508	-64.75630252
-3.30297555	-62.77521008
-3.203714567	-60.79411765
-3.115332227	-58.89915966
-3.027954475	-57.00420168
-3.004040588	-54.93697479
-2.897565584	-52.78361345
-2.779388897	-50.97478992
-2.778559132	-49.25210084
-2.658052729	-47.44327731
-2.556008137	-45.64306723
-2.482347901	-44.01512605
-2.343859223	-42.16323529
-2.313231305	-40.60420168
-2.268241095	-39.15714286
-2.244297861	-37.23634454
-2.111553477	-35.39306723
-1.988782261	-33.88571429
-1.963935639	-32.14579832
-1.877068071	-30.18193277
-1.787076439	-28.05441176
-1.705552492	-26.05609244
-1.530233595	-24.3592437
-1.528544282	-22.61071429
-1.48710262	-20.50903361
-1.341654542	-18.24369748
-1.260980971	-16.58991597
-1.220283286	-15.06533613
-1.134655015	-13.18760504
-1.020184462	-11.21512605
-0.970256111	-9.483823529
-0.889400218	-7.537184874
-0.725346393	-5.418277311
-0.653398271	-3.618067227
-0.60025867	-1.421638655
-0.551053607	0.30105042
-0.426621835	2.101260504
-0.32890288	3.522478992
-0.241463124	5.693067227
-0.113531113	7.631092437
-0.026914992	10.04285714
0.11200291	11.97226891
0.15708155	13.91890756
0.301320725	15.90689076
0.409504204	17.81218487
0.53053635	19.66407563
0.625437145	21.3169958
0.788972318	23.64176471
0.908791764	25.52294118
1.035557991	27.71764706
1.141873296	29.44894958
1.211576679	30.87878151
1.345534653	33.72121849
1.440585789	35.50420168
1.489547676	37.49390756
1.553541469	39.72478992
1.602119677	41.99012605
1.689302939	44.04012605
1.741342389	46.02983193
1.840716312	48.55357143
1.921921127	50.82752101
1.945015368	52.62773109
2.029540311	54.52268908
2.138513211	56.64159664
2.149868548	58.71743697
2.266587839	60.62962185
2.264096345	63.16197479
2.337260826	65.33256303
2.387843481	67.2447479
2.399621786	69.20861345
2.528611618	71.22415966
2.531416901	73.47226891
2.557213723	76.05630252
2.675199508	78.02878151
2.692106298	80.13046218
2.754468439	81.5947479
2.813120773	83.38634454
2.82726105	85.90147059
2.907114498	87.78781513
2.960675489	89.94117647
3.003691292	91.75
3.062868962	94.16176471
3.133766945	96.05672269
3.163757454	97.60714286
3.238804553	99.93277311
3.280632462	101.4831933
3.339385292	103.2920168
3.38083166	104.9285714
3.430214176	107.1680672
3.525077439	108.6323529
3.572748782	110.6134454
3.61121946	112.1638655
3.658741183	114.7478992
3.676645188	116.7289916
3.765154436	118.2794118
3.857087724	120.1743697
3.987577328	121.8970588
4.006635513	124.3088235
4.060415165	126.0315126
4.149196526	127.4096639
4.203370904	129.3046218
4.283581467	130.855042
4.390942788	132.8361345
4.384387521	134.4726891
4.470741412	136.9705882
4.603040698	138.7794118
4.67251199	141.1911765
4.817343409	142.3970588
4.864036517	144.7226891
4.93152021	146.8760504
5.09824971	149.0294118
5.206404853	151.0105042
5.283113191	152.8193277
5.408380803	154.4558824
5.482076611	156.4369748
5.618209811	157.7289916
5.684097418	159.9684874
5.751078296	161.1743697
5.989707697	163.2415966
6.118632363	165.1365546
6.292673767	166.8592437
6.450352477	168.3235294
6.626792294	170.1323529
6.83235429	171.855042
6.944304124	173.4915966
7.186159607	174.8697479
7.266778048	176.3340336
7.452696817	177.9705882
7.822483086	176.2478992
7.945818195	172.8886555
8.319598515	171.2521008
8.427690113	166.8592437
9.201151544	168.5819328
9.32313729	166.5147059
9.149176561	164.6197479
9.152290189	162.8109244
9.010590779	161.1743697
9.008268582	159.1071429
8.878244622	157.2983193
8.792135391	155.7478992
8.668795996	153.4222689
8.595768542	151.9579832
8.469010584	149.7184874
8.336151882	147.1344538
8.254007021	145.6701681
8.223211319	143.8613445
8.011042494	141.7079832
7.958259376	140.0714286
7.854765408	137.9180672
7.688483845	136.1092437
7.543295088	133.697479
7.489804086	131.9747899
7.338012601	129.8214286
7.264662678	128.3571429
7.194461692	126.4621849
7.106442571	125.342437
6.991940648	123.2752101
6.890599661	120.9495798
6.808688381	119.0546218
6.724862443	117.0735294
6.632293485	115.092437
6.586914312	112.6806723
6.452736026	110.9579832
6.40348637	109.0630252
6.294875005	107.2542017
6.261419828	105.2731092
6.187216089	103.2920168
6.072673125	101.2247899
6.017083775	99.41596639
5.934456124	97.5210084
5.940783756	95.62605042
5.84329088	93.47268908
5.764992122	91.66386555
5.756918504	89.5105042
5.666899632	87.78781513
5.673840002	85.87563025
5.620537956	84.25630252
5.556993116	82.25798319
5.465578429	80.29411765
5.391627185	78.86428571
5.310274599	76.50420168
5.2578692	74.50588235
5.219561408	72.63676471
5.159067532	70.70735294
5.033100422	68.74348739
5.01693284	66.51260504
4.947979223	64.40231092
4.850183397	62.66239496
4.866955576	60.54348739
4.768652826	58.63130252
4.695086091	56.36596639
4.635298596	54.22983193
4.581509234	52.42962185
4.478554295	50.43991597
4.47685567	48.69138655
4.36751598	46.56386555
4.376625444	44.64306723
4.27444538	42.56722689
4.196583679	40.60336134
4.142929705	38.58781513
4.11871397	36.66701681
4.06598992	34.59978992
3.985643104	32.52394958
3.982234013	30.50840336
3.932704718	28.62205882
3.885434899	26.88214286
3.840417887	24.95273109
3.809031982	23.02418067
3.677289712	21.34972689
3.595749342	19.34796218
3.522556767	17.63733193
3.436310885	15.73634454
3.338323653	13.8577521
3.221580008	12.10147059
3.102968686	10.1289916
3.020425505	8.475210084
2.846265575	6.364915966
2.691617333	4.194327731
2.589453867	2.428571429
2.473189446	0.688655462
2.316739624	-1.731722689
2.168741099	-3.652521008
2.092278696	-5.616386555
1.985061143	-7.175420168
1.886547832	-8.708613445
1.781674796	-10.71554622
1.671182487	-12.91197479
1.554166439	-14.64327731
1.421101369	-16.85693277
1.264503554	-18.95
1.18148012	-20.80189076
1.063353492	-22.34369748
0.996159328	-24.13529412
0.858159636	-26.18529412
0.768131286	-28.07163866
0.567411266	-30.30252101
0.434300277	-32.1802521
0.36572752	-34.08382353
0.243468351	-35.87542017
0.134557905	-38.15798319
-0.037348187	-40.01848739
-0.139552582	-42.03403361
-0.168791983	-43.91176471
-0.370115296	-45.92731092
-0.534455557	-47.52079832
-0.549030454	-49.16596639
-0.685210782	-51.57773109
-0.821411321	-53.55882353
-0.903821227	-55.28151261
-1.025348935	-57.3487395
-1.133589748	-59.15756303
-1.238425017	-60.8802521
-1.414220937	-62.60294118
-1.418836374	-64.49789916
-1.541218517	-65.96218487
-1.600968	-67.5987395
-1.771899702	-69.57983193
-1.893031777	-71.21638655
-1.974630496	-73.19747899
-2.06997384	-74.92016807
-2.124661378	-76.38445378
-2.253482109	-77.93487395
-2.351260685	-79.65756303
-2.435519811	-81.03571429
-2.547650017	-82.5
-2.694204218	-84.39495798
-2.741322546	-86.20378151
-2.951679378	-88.0987395
-2.953253185	-89.73529412
-3.067029311	-91.37184874
-3.183325252	-93.09453782
-3.349269101	-95.33403361
-3.473984206	-97.57352941
-3.553758584	-99.6407563
-3.726400269	-101.6218487
-3.858306702	-103.6029412
-3.887880613	-105.1533613
-3.98981613	-106.7037815
-4.232301374	-108.512605
-4.329717361	-110.3214286
-4.449456718	-112.2163866
-4.622975819	-113.7668067
-4.695943345	-115.5756303
-4.822705836	-117.3844538
-4.999223324	-118.9348739
-5.041291252	-120.7436975
-5.190207328	-122.4663866
-5.360637697	-124.1890756
-5.549140933	-125.5672269
-5.584779013	-127.5483193
-5.780879202	-129.2710084
-5.822737962	-131.2521008
-6.064654824	-133.0609244
-6.22869705	-134.9558824
-6.191513202	-134.9558824
-6.363609958	-136.2478992
-6.420207025	-137.9705882
-6.588303735	-139.4348739
-6.736936185	-141.4159664
-6.921889483	-143.052521
-7.073974235	-144.6029412
-7.12122116	-146.4978992
-7.285890378	-147.9621849
-7.360788958	-149.7710084
-7.636358571	-151.407563
-7.696581899	-153.0441176
-7.853316727	-154.7668067
-8.049740483	-156.5756303
-8.128941332	-158.2121849
-8.264769374	-159.6764706
-8.378844672	-161.2268908
-8.508485126	-162.6911765
-8.752551735	-164.4138655
-8.891165592	-165.8781513
-8.956470878	-167.342437
-9.266883668	-169.3235294
-9.431341479	-166.8256303
-9.605372592	-165.2752101
-9.653792929	-163.3802521
-9.774037416	-161.4852941
-9.854190945	-159.9348739
-9.821271353	-158.3844538
-9.685841029	-156.3172269
-9.714521227	-154.4222689
-9.620730777	-152.355042
-9.431599828	-150.2016807
-9.399418782	-148.3928571
-9.327173424	-146.842437
-9.23541258	-145.1197479
-9.114886412	-143.3970588
-9.055247744	-141.7605042
-8.865065954	-140.1239496
-8.874828113	-138.3151261
-8.788877887	-136.3340336
-8.675133601	-134.4390756
-8.558999349	-132.9747899
-8.432990672	-131.1659664
-8.360932248	-129.5294118
-8.249340298	-127.9789916
-8.116919357	-125.8256303
-7.955368118	-124.2752101
-7.953470239	-122.2941176
-7.888986546	-120.657563
-7.742455361	-119.0210084
-7.583918878	-116.9537815
-7.42751408	-114.8865546
-7.345487571	-113.25
-7.278799882	-111.4411765
-7.132842782	-109.460084
-7.024419605	-107.5651261
-6.912049903	-105.9285714
-6.831287273	-104.2058824
-6.736793794	-102.1386555
-6.571589189	-100.0714286
-6.526631105	-97.83193277
-6.367059395	-96.19537815
-6.31399842	-94.64495798
-6.151430466	-92.92226891
-6.045777088	-91.28571429
-5.904749151	-89.21848739
-5.930726349	-87.58193277
-5.823251387	-85.60084034
-5.611941601	-83.6197479
-5.521221223	-82.15546218
-5.427531992	-80.08823529
-5.348774945	-78.19327731
-5.250224399	-76.38445378
-5.163432908	-74.31722689
-4.99487855	-72.50840336
-4.901272017	-70.95798319
-4.789907824	-69.23529412
-4.669884055	-67.16806723
-4.508406908	-65.18697479
-4.460750895	-63.55042017
-4.32692913	-61.74159664
-4.197436588	-59.93277311
-4.04689095	-57.95168067
-3.981983034	-56.2289916
-3.911003664	-54.33403361
-3.686408693	-52.35294118
-3.664572613	-50.54411765
-3.604678878	-48.90756303
-3.438741971	-47.01260504
-3.367930874	-44.78172269
-3.228715626	-42.85231092
-3.109095273	-41.14684874
-2.980213803	-39.17436975
-2.842511817	-37.08130252
-2.762758122	-35.47920168
-2.59550059	-33.26554622
-2.52303825	-31.62037815
-2.396374076	-29.42394958
-2.23540425	-27.77016807
-2.147853053	-26.10777311
-2.084549471	-24.44537815
-1.941372641	-22.71407563
-1.805719527	-20.92247899
-1.727094943	-19.16533613
-1.613133317	-16.57268908
-1.450385544	-14.7552521
-1.340254107	-12.87752101
-1.26066204	-10.97394958
-1.138023252	-9.096218487
-0.983278424	-7.166806723
-0.879357622	-5.469957983
-0.802188613	-3.575
-0.643968502	-1.688655462
-0.538906036	0.094327731
-0.517163578	1.66197479
-0.325939014	3.867016807
-0.177204465	5.744747899
-0.089811206	7.450210084
0.05251476	9.198739496
0.163448486	11.10231092
0.289334214	13.00588235
0.452761102	14.98697479
0.582434084	16.88968487
0.752205849	18.93796218
0.92911304	20.89838235
1.092279964	22.69945378
1.250465914	24.80113445
1.36491391	26.81581933
1.582301184	29.20777311
1.729346896	31.05105042
1.848801168	32.60147059
1.951026946	33.72121849
2.07759778	36.0210084
2.174693227	37.95042017
2.278222717	40.18991597
2.40572557	42.4552521
2.499780813	44.23823529
2.628160017	45.84033613
2.714765593	47.96785714
2.862149931	50.22457983
2.966302162	53.03256303
3.090160952	55.09978992
3.172096713	57.76134454
3.327121171	59.70798319
3.454246754	61.7407563
3.499248053	64.075
3.641399069	65.89243697
3.723265998	68.74348739
3.850693225	70.85378151
3.989893191	73.05882353
4.054947616	75.46197479
4.236889399	77.52920168
4.237273889	79.03655462
4.374755987	80.82815126
4.450133376	83.11071429
4.48562137	84.36827731
4.614388416	86.17710084
4.748803571	88.61470588
4.884289807	90.19957983
4.91909255	92.61134454
5.0053355	94.50630252
5.119666311	96.65966387
5.224742834	98.29621849
5.227018128	99.84663866
5.421401208	101.6554622
5.491649756	103.3781513
5.665813011	105.5315126
5.714973282	107.6848739
5.765636702	109.6659664
5.935157097	111.8193277
6.092235078	113.7142857
6.107161164	115.9537815
6.306986065	117.8487395
6.396183275	119.7436975
6.508602725	121.3802521
6.638242219	122.8445378
6.781709622	124.6533613
6.895027011	126.7205882
6.986470992	129.0462185
7.265222899	130.5105042
7.301886994	132.4054622
7.470810266	133.9558824
7.534974435	136.1953782
7.721461832	137.7457983
7.880708913	139.8991597
7.968333949	141.8802521
8.138569617	143.6029412
8.374474635	145.9285714
8.463894378	147.3928571
8.687633763	149.2878151
8.732242187	150.6659664
8.979624788	152.6470588
9.187766498	154.4558824
9.293516445	155.9201681
9.59946188	158.5042017
9.754905193	160.2268908
10.10818202	162.1218487
10.07873491	159.9684874
10.02376295	157.7289916
9.883465599	155.8340336
9.751084527	153.5945378
9.686448534	151.4411765
9.552796328	149.0294118
9.46609329	147.0483193
9.33944405	144.7226891
9.275777815	142.9138655
9.186678538	141.6218487
9.044793742	139.3823529
8.923721746	136.9705882
8.880547051	134.8172269
8.704845926	132.4915966
8.510336176	130.7689076
8.421029363	128.8739496
8.330339274	127.237395
8.241489322	124.9978992
8.105610239	122.9306723
7.971533422	120.6911765
7.824861124	118.710084
7.775653531	116.7289916
7.622679307	114.4894958
7.581759803	112.25
7.365040686	110.0966387
7.290286403	107.9432773
7.184070149	106.3928571
7.120295775	104.4978992
7.017368466	102.6029412
6.939544286	100.7941176
6.883788498	98.89915966
6.810249655	97.00420168
6.716482555	95.28151261
6.699068876	93.04201681
6.572181349	91.40546218
6.508145544	89.33823529
6.453362895	87.52941176
6.334207424	85.4105042
6.206573431	83.10210084
6.165935874	81.05210084
6.078914565	79.11407563
6.007097076	77.16743697
5.918192437	75.36722689
5.889030897	73.29138655
5.750648794	71.39642857
5.667882809	69.63928571
5.628442095	67.87352941
5.541392054	66.00441176
5.44229229	63.94579832
5.387151545	61.96470588
5.323344668	59.79411765
5.153543789	57.68382353
5.118222027	55.52184874
5.031588161	53.48907563
4.964853427	51.78361345
4.88694017	49.95756303
4.757702714	48.04537815
4.76445267	45.78004202
4.596659846	44.22962185
4.561980192	42.32605042
4.490580242	40.38802521
4.386573949	38.64810924
4.360983	36.7789916
4.268162693	34.88403361
4.190454132	33.08382353
4.109582557	30.78403361
4.047150519	28.69957983
3.959359289	26.66680672
3.870390313	24.69002101
3.749117911	22.75544118
3.618282982	20.83808824
3.508742574	18.98447479
3.377732965	17.0585084
3.25328685	15.08172269
3.081686859	13.23758403
2.975871184	11.17121849
2.80365644	9.198739496
2.675858029	7.277941176
2.492757809	5.271008403
2.341979195	3.307142857
2.203381584	1.455252101
2.079872518	-0.16407563
1.988467243	-1.929831933
1.825711824	-4.091806723
1.619595214	-5.978151261
1.518939418	-8.209033613
1.339779858	-10.36239496
1.243010963	-12.4210084
1.030296314	-14.19537815
0.912478126	-15.71995798
0.822516323	-17.46848739
0.694072676	-19.19117647
0.5950224	-20.7157563
0.467244545	-22.17142857
0.389042111	-24.31617647
0.198002634	-26.15945378
0.130756958	-27.70987395
-0.0378867	-29.4842437
-0.157249561	-30.91407563
-0.290633605	-32.38697479
-0.352814626	-34.14411765
-0.531035826	-35.96155462
-0.615214662	-37.83928571
-0.735314628	-39.66533613
-0.893288649	-41.34495798
-0.999991202	-43.17962185
-1.188249055	-45.24684874
-1.326143647	-46.9092437
-1.486813676	-48.90756303
-1.599894189	-50.88865546
-1.70114295	-52.69747899
-1.909144588	-54.93697479
-2.044251475	-56.91806723
-2.082819878	-58.46848739
-2.19116516	-59.93277311
-2.378953454	-61.65546218
-2.506228727	-63.55042017
-2.648628227	-65.18697479
-2.711303962	-66.82352941
-2.848633328	-68.71848739
-3.00589316	-70.61344538
-3.064583676	-72.33613445
-3.246416836	-74.05882353
-3.409351458	-75.86764706
-3.520597718	-78.0210084
-3.715464294	-80.00210084
-3.831486508	-81.98319328
-3.971075891	-83.53361345
-4.052965613	-85.42857143
-4.18295905	-87.1512605
-4.321551752	-88.52941176
-4.381916748	-90.25210084
-4.611647832	-91.88865546
-4.686783697	-93.61134454
-4.771058029	-95.42016807
-4.887908298	-97.05672269
-5.039686479	-99.21008403
-5.204263231	-101.1911765
-5.35921892	-102.7415966
-5.501655584	-104.7226891
-5.632370899	-106.5315126
-5.786912164	-108.512605
-5.896353021	-110.1491597
-5.972660618	-111.6134454
-6.131362071	-113.3361345
-6.236511819	-114.8865546
-6.396283361	-116.5231092
-6.495271378	-118.3319328
-6.653763664	-120.1407563
-6.787317727	-122.1218487
-6.956305122	-123.6722689
-7.103287025	-125.5672269
-7.209675714	-127.1176471
-7.381595517	-128.6680672
-7.48309266	-130.4768908
-7.719917878	-132.4579832
-7.777975164	-133.8361345
-7.947715933	-135.2142857
-8.000097992	-137.0231092
-8.226004319	-138.7457983
-8.449908525	-140.3823529
-8.550275134	-142.105042
-8.689169941	-144.2584034
-8.961724718	-146.2394958
-9.122439353	-148.0483193
-9.41239571	-149.7710084
-9.506690336	-151.0630252
-9.817315218	-149.2542017
-9.733927391	-147.6176471
-9.644618954	-145.7226891
-9.487507378	-144
-9.463090651	-142.105042
-9.331350353	-140.3823529
-9.287451866	-138.4012605
-9.151687941	-136.4201681
-8.991270899	-134.6113445
-8.924161723	-132.6302521
-8.77754384	-130.7352941
-8.625344084	-128.9264706
-8.551552231	-127.0315126
-8.48704666	-125.3088235
-8.377531248	-123.3277311
-8.271975084	-121.2605042
-8.121756105	-119.4516807
-8.019937357	-117.8151261
-7.87003545	-115.5756303
-7.670072416	-113.4222689
-7.576484828	-111.5273109
-7.455992571	-109.8046218
-7.367050891	-108.0819328
-7.246726004	-106.1869748
-7.115839387	-104.5504202
-6.994746529	-102.7415966
-6.860159479	-100.7605042
-6.819516046	-98.86554622
-6.682864084	-97.31512605
-6.5877525	-95.24789916
-6.482184134	-93.18067227
-6.39845934	-91.71638655
-6.261908067	-90.16596639
-6.263971647	-88.0987395
-5.977614845	-86.03151261
-5.940961492	-84.22268908
-5.792398046	-82.32773109
-5.726374887	-80.60504202
-5.563644899	-78.96848739
-5.4767065	-77.15966387
-5.372119971	-75.17857143
-5.285385155	-73.28361345
-5.170154487	-71.1302521
-4.91812966	-69.40756303
-4.853831395	-67.85714286
-4.831456378	-66.22058824
-4.662200731	-64.06722689
-4.457906555	-62.34453782
-4.36631487	-60.53571429
-4.320863555	-58.89915966
-4.205329529	-57.00420168
-4.056417113	-55.1092437
-4.046445034	-53.90336134
-3.858459055	-52.18067227
-3.722775168	-50.19957983
-3.589390176	-48.21848739
-3.53793216	-46.47857143
-3.342848668	-44.60945378
-3.286768761	-42.79201681
-3.133200118	-41.05210084
-2.993158042	-39.24327731
-2.858523139	-37.52920168
-2.862017546	-35.76344538
-2.722379431	-34.06659664
-2.56445521	-31.95630252
-2.426339817	-30.06995798
-2.306485399	-28.38172269
-2.196703128	-26.83130252
-2.042785069	-24.99663866
-2.074495271	-22.98970588
-1.823649042	-20.69852941
-1.757909693	-18.95861345
-1.611526857	-17.08088235
-1.524222647	-15.31512605
-1.358856708	-13.46323529
-1.22929821	-11.31848739
-1.121869708	-9.406302521
-0.966820706	-7.657773109
-0.897519538	-5.969537815
-0.85367691	-4.341596639
-0.663698164	-2.463865546
-0.519155655	-0.508613445
-0.389851091	1.610294118
-0.178307806	3.987605042
-0.07038985	5.675840336
0.044424501	7.432983193
0.223290537	9.379621849
0.345491327	11.07647059
0.449402908	13.11785714
0.616217378	14.9464916
0.781145921	16.74670168
1.009713158	18.61581933
1.090095215	20.43584034
1.319527418	22.34716387
1.488234936	25.16978992
1.68930487	27.20945378
1.860733755	28.93214286
1.97080538	30.75819328
2.163515419	32.42920168
2.376177721	34.65147059
2.415197892	36.27079832
2.559804218	38.13991597
2.666464815	40.11239496
2.802224068	42.54138655
2.924607837	44.2210084
2.974113264	46.1762605
3.13229847	47.85588235
3.18003648	49.45798319
3.314424178	51.29264706
3.452967979	53.96281513
3.630401078	56.28844538
3.705645206	59.10504202
3.786684801	61.43067227
3.997994787	63.63571429
4.07145344	65.84936975
4.155706868	67.48592437
4.22800033	69.26029412
4.329084634	71.20693277
4.408313702	72.89516807
4.515972773	74.66953782
4.626457918	76.22857143
4.65917941	77.86512605
4.775709525	79.86344538
4.869319914	81.56029412
4.950575036	83.63613445
5.076036683	85.66890756
5.218942754	87.77920168
5.326221769	89.68277311
5.405836571	91.40546218
5.474356952	93.47268908
5.621045924	95.53991597
5.807783076	97.5210084
5.882848305	99.15756303
5.932743443	100.8802521
6.082195933	102.6890756
6.086703103	104.4978992
6.232457878	105.789916
6.325215128	107.9432773
6.438239727	110.355042
6.603707941	112.5945378
6.719246485	114.5756303
6.852501878	116.3844538
6.979146292	118.1071429
7.041890217	119.9159664
7.21856622	121.2941176
7.282618937	123.1890756
7.456232621	125.342437
7.549387168	126.9789916
7.741996394	128.6155462
7.972849758	130.6827731
8.043881817	132.75
8.169898776	134.9033613
8.318219099	136.1092437
8.457359052	138.0042017
8.575770451	139.9852941
8.765646611	141.9663866
9.019130348	143.8613445
9.201903136	145.5840336
9.42686729	147.6512605
9.56181187	149.7184874
9.75408692	151.2689076
9.970920611	153.25
10.19169921	155.3172269
10.45436272	157.2121849
10.7627542	159.3655462
11.24949665	161.5189076
11.67889419	163.3277311
12.28906236	165.1365546
12.80901398	167.2037815
13.41631614	169.012605
14.32783867	169.6155462
15.13513593	167.2037815
15.65839397	165.1365546
16.05611428	163.2415966
16.38444857	161.4327731
16.93502174	159.8823529
17.88142983	159.7962185
18.85923488	157.9012605
18.81409517	155.5756303
18.79358812	152.8193277
18.7089975	150.407563
18.58824716	148.7710084
18.5351573	147.1344538
18.48459124	145.6701681
18.35882944	143.7752101
18.21870145	141.8802521
18.22541453	140.2436975
17.99178303	138.6071429
17.87286602	136.539916
17.81026325	134.9894958
17.61324445	132.4915966
17.39818511	130.5105042
17.27961496	128.7878151
17.13319954	126.3760504
17.02790298	124.8256303
16.85996194	122.7584034
16.72594682	121.0357143
16.64799919	118.8823529
16.49777705	117.2457983
16.36445855	115.2647059
16.26122958	113.6281513
16.11317303	111.7331933
16.01028553	110.0966387
15.94236788	108.2016807
15.83425028	106.4789916
15.65389768	104.5840336
15.57244746	102.8613445
15.40689237	100.8802521
15.3230404	98.89915966
15.13750657	96.74579832
15.11448639	95.28151261
15.0074063	93.73109244
14.88982044	92.00840336
14.75451602	90.45798319
14.76028356	88.64915966
14.6006589	86.79726891
14.48876087	84.97121849
14.30428985	82.76617647
14.2261507	81.07794118
14.04222544	79.03655462
14.02045051	77.25357143
13.80931675	75.46197479
13.77161174	73.62731092
13.64631364	71.77542017
13.5434064	69.81155462
13.38161778	67.77016807
13.28583709	65.77184874
13.14987787	64.04054622
13.05367585	61.93886555
12.9054343	59.975
12.84448142	58.45042017
12.74103972	56.97752101
12.67062611	55.09117647
12.56156215	53.51491597
12.47345412	51.95588235
12.36939601	49.94033613
12.2594508	48.09705882
12.143994	46.31407563
12.0382524	44.38466387
11.86131074	42.23991597
11.78561703	40.62920168
11.67095353	38.61365546
11.51465478	36.60672269
11.48083758	34.84096639
11.33619166	33.06659664
11.18471687	31.25777311
11.08932687	29.25084034
10.86242123	27.03718487
10.79295487	25.33172269
10.62454202	23.61161765
10.50267544	21.70029412
10.2672678	19.73384454
10.15797395	17.80787815
9.969427303	15.95168067
9.786613284	13.97920168
9.598701092	12.19621849
9.521644582	10.41323529
9.328009273	8.604411765
9.140580977	6.588865546
8.948930212	4.917857143
8.809396025	3.126260504
8.574240703	1.377731092
8.403931037	-0.586134454
8.257545171	-2.257142857
8.048729444	-4.177941176
7.917152972	-6.133193277
7.764691624	-8.286554622
7.567712375	-10.06092437
7.395312099	-12.1539916
7.25733415	-14.03172269
7.077348595	-15.85777311
6.92428308	-17.55462185
6.747999726	-19.40651261
6.587241368	-21.27563025
6.512016761	-22.9552521
6.281152839	-24.78130252
6.10418255	-26.92605042
5.961856473	-28.87268908
5.827951324	-30.79348739
5.633323145	-32.47310924
5.495746363	-34.29915966
5.363593839	-36.34054622
5.193537613	-38.24411765
4.988748935	-40.0012605
4.814695269	-41.62058824
4.683868523	-43.42941176
4.539421601	-45.45357143
4.300079082	-47.44327731
4.095163694	-49.16596639
3.952204541	-50.88865546
3.752588515	-52.78361345
3.713965154	-54.33403361
3.607543951	-55.97058824
3.366564392	-57.69327731
3.295227263	-59.41596639
3.169643485	-61.39705882
3.031940987	-62.86134454
2.788958509	-64.92857143
2.599994144	-66.99579832
2.449203561	-68.97689076
2.248200965	-71.04411765
2.121970581	-72.93907563
1.969032542	-74.74789916
1.729099761	-76.9012605
1.560363424	-78.27941176
1.464954185	-80.08823529
1.378517538	-81.55252101
1.131985466	-83.10294118
1.027572475	-84.82563025
0.803961664	-86.9789916
0.716065874	-88.35714286
0.540957744	-90.07983193
0.347263252	-91.6302521
0.222615731	-93.61134454
0.070273962	-95.50630252
-0.178998408	-97.14285714
-0.201729529	-99.29621849
-0.420420067	-101.5357143
-0.698376366	-103
-0.84689079	-104.894958
-0.963915294	-106.3592437
-1.1707445	-107.9957983
-1.388411223	-110.0630252
-1.532772903	-111.8718487
-1.738527576	-113.5945378
-1.889729395	-115.3172269
-2.054766088	-117.1260504
-2.247459714	-119.1932773
-2.492638008	-120.9159664
-2.635641458	-123.1554622
-2.832068239	-125.1365546
-3.098182668	-127.3760504
-3.360125496	-129.2710084
-3.557926773	-130.9936975
-3.821375084	-132.5441176
-3.925243366	-134.5252101
-4.212223756	-136.2478992
-4.355701866	-137.6260504
-4.688870416	-139.3487395
-4.825452996	-140.7268908
-5.182802395	-142.3634454
-5.426763971	-144.3445378
-5.722541097	-145.9810924
-5.992380139	-147.6176471
-6.298203689	-148.9957983
-6.456269172	-150.460084
-6.871755563	-152.1827731
-7.148165185	-154.1638655
-7.687661609	-155.4558824
-8.230781328	-157.0063025
-8.779183504	-158.3844538
-9.408953571	-159.9348739
-10.43813316	-160.710084
-11.51051721	-160.6239496
-12.47201011	-161.657563
-13.42153378	-161.9159664
-14.39932597	-161.1407563
-15.36898653	-160.6239496
-16.40853183	-159.762605
-17.42619223	-158.2983193
-17.76170672	-156.4894958
-17.83774054	-154.0777311
-17.91887218	-152.0966387
-17.78703547	-150.3739496
-17.78295661	-148.2205882
-17.58581703	-146.4978992
-17.47658755	-145.0336134
-17.29617745	-143.2247899
-17.11913676	-141.2436975
-16.99468579	-139.8655462
-16.83953872	-138.0567227
-16.7008626	-136.1617647
-16.63659216	-134.4390756
-16.38331673	-132.7163866
-16.25202234	-130.5630252
-15.98725297	-128.8403361
-15.78785949	-127.2037815
-15.65214412	-125.394958
-15.44035462	-123.5
-15.29026398	-121.4327731
-15.08867592	-119.3655462
-14.90842537	-117.6428571
-14.71486693	-116.0063025
-14.52399589	-114.3697479
-14.31323974	-112.7331933
-14.19036764	-111.1827731
-14.08637805	-109.3739496
-13.85833853	-107.8235294
-13.69537545	-105.5840336
-13.51209852	-103.8613445
-13.27884246	-101.6218487
-13.03869872	-99.89915966
-12.98645914	-98.43487395
-12.69486982	-96.71218487
-12.56496062	-94.90336134
-12.40822285	-93.26680672
-12.16466682	-91.28571429
-11.95574718	-89.56302521
-11.86224196	-87.75420168
-11.62695285	-86.03151261
-11.51766521	-84.48109244
-11.34396777	-82.93067227
-11.15828931	-81.03571429
-11.00409626	-79.22689076
-10.71115255	-76.7289916
-10.51199607	-75.17857143
-10.32489935	-73.19747899
-10.09995367	-71.1302521
-9.880761479	-69.23529412
-9.712520601	-67.16806723
-9.493092702	-64.84243697
-9.243161693	-62.60294118
-9.010378433	-61.05252101
-8.865140282	-59.15756303
-8.690731021	-57.5210084
-8.508250777	-55.71218487
-8.268603987	-53.64495798
-8.086165794	-51.83613445
-7.878983248	-49.94117647
-7.781340475	-48.13235294
-7.487090042	-46.1512605
-7.340813382	-44.10987395
-7.127044435	-42.50777311
-6.837351557	-40.22521008
-6.633019985	-38.34747899
-6.436856584	-36.43529412
-6.216817746	-34.29054622
-6.027229845	-32.51617647
-5.848595704	-30.63844538
-5.678260662	-28.73487395
-5.407748193	-26.80546218
-5.274290029	-25.03970588
-5.081082399	-22.79159664
-4.758202565	-20.34537815
-4.616101941	-18.72605042
-4.4008998	-16.69327731
-4.109137651	-14.92752101
-3.964265903	-12.90336134
-3.770188607	-11.17205882
-3.558657479	-9.139285714
-3.43505042	-7.494117647
-3.187910981	-5.297689076
-3.043016252	-3.445798319
-2.86151198	-1.611134454
-2.532361051	1.274369748
-2.282381997	3.453571429
-2.04782921	5.150420168
-1.870270264	6.718067227
-1.705384198	8.535504202
-1.423972627	10.6802521
-1.219414565	12.67857143
-0.906281087	15.23676471
-0.641805896	17.1377521
-0.383495766	19.34021008
-0.152383626	21.25842437
0.147103673	23.42901261
0.371942425	25.13619748
0.71226919	26.9932563
0.937221811	28.8460084
1.194030918	30.5342437
1.538082651	32.62731092
1.879006885	34.69453782
2.174859855	36.67563025
2.408600872	38.30357143
2.583724519	40.37079832
2.831978425	42.7394958
3.066071612	44.63445378
3.262846624	46.76197479
3.459060631	48.91533613
3.724490131	50.9394958
3.892284772	53.2737395
4.0922935	55.31512605
4.248347972	57.19285714
4.437087968	59.3289916
4.761954303	61.77521008
4.97858075	63.76491597
5.0923656	65.81491597
5.30176249	67.75294118
5.498474928	69.56176471
5.753411626	71.86155462
5.953047101	73.86848739
6.121837013	75.66869748
6.385136218	78.06323529
6.571044693	80.13907563
6.809765649	81.96512605
7.014676422	83.88592437
7.257351647	85.89285714
7.540875697	88.0289916
7.691851252	90.02731092
7.93451866	91.75
8.137662832	93.73109244
8.368675933	95.45378151
8.614114618	97.17647059
8.743887139	99.07142857
9.036383584	100.7941176
9.150261735	102.5168067
9.39912	104.4978992
9.677527265	106.3067227
9.934966487	108.0294118
10.15340732	109.5798319
10.33436702	111.4747899
10.61954406	113.197479
10.80447426	115.0063025
11.0436568	116.6428571
11.34345995	118.710084
11.54887309	120.2605042
11.81673755	121.7247899
12.0604172	123.9642857
12.36582134	125.342437
12.62673734	126.9789916
12.94017094	128.960084
13.21633378	130.7689076
13.49867482	131.9747899
13.8124829	134.0420168
14.20153639	135.7647059
14.57423036	137.487395
14.84564013	139.3823529
15.16631763	141.1911765
15.62118645	142.8277311
16.02142112	144.894958
16.53926599	147.0483193
17.06879684	148.1680672
17.59086606	149.8907563
18.28270921	151.5273109
19.1075025	152.4747899
19.53960457	150.4936975
19.45270766	148.0819328
19.40496957	145.9285714
19.28380842	143.6029412
19.16122164	141.9663866
18.99820745	139.6407563
19.00334171	137.8319328
18.76544737	135.7647059
18.58590771	133.2668067
18.51598114	131.1134454
18.25075026	129.3907563
18.24487326	127.3235294
18.1403323	125.6008403
17.92308712	123.2752101
17.78126111	121.2079832
17.66153937	119.3130252
17.48253598	117.3319328
17.38173373	115.3508403
17.21344547	113.7142857
17.0836146	111.9054622
16.97628159	110.355042
16.83637368	108.6323529
16.63636808	106.9957983
16.61747875	105.4453782
16.45703856	103.7226891
16.32347438	101.8277311
16.15951578	99.50210084
15.98899621	97.60714286
15.91225335	95.53991597
15.65688743	93.73109244
15.54956463	91.66386555
15.41842669	89.94117647
15.29536459	88.21848739
15.02950774	86.11680672
14.87944795	83.68781513
14.73460609	81.57752101
14.49254489	79.84621849
14.37431341	77.74453782
14.20666569	75.54810924
14.02173942	73.9460084
13.92086656	72.07689076
13.75788104	70.49201681
13.62111686	68.62289916
13.4438551	67.25336134
13.36925911	65.50483193
13.2145873	63.67878151
12.99753747	61.04306723
12.75121975	59.03613445
12.7366816	56.90861345
12.50624442	54.78109244
12.29274542	52.85168067
12.17115836	50.82752101
12.00518605	48.80336134
11.83655986	46.91701681
11.68247452	44.6947479
11.55250078	42.75672269
11.4133475	40.91344538
11.1820161	39.17352941
11.02770458	36.84789916
10.77272331	34.91848739
10.64889511	32.8512605
10.46847517	30.76680672
10.28648137	28.65651261
10.04980599	26.64096639
9.862352546	24.81319328
9.787371555	22.93976891
9.630147569	20.79415966
9.419499826	18.71228992
9.200626422	16.75359244
8.997650669	14.68636555
8.814758716	12.69579832
8.545344244	10.38739496
8.414877232	8.208193277
8.150645753	6.080672269
7.940255653	4.246008403
7.694532901	2.075420168
7.509032233	0.318277311
7.316064375	-1.809243697
7.073042226	-3.936764706
6.844455437	-5.823109244
6.584451045	-7.640546218
6.444849682	-9.509663866
6.179997646	-11.46491597
5.963015988	-13.32542017
5.737387711	-15.61659664
5.489240102	-17.68382353
5.279135366	-19.76827731
5.028718672	-21.7407563
4.837062053	-23.44621849
4.618888759	-25.33256303
4.428070088	-27.18445378
4.21070402	-28.93298319
4.052055938	-30.61260504
3.847763291	-32.69705882
3.608695341	-34.54894958
3.339811928	-36.54726891
3.103507981	-38.47668067
2.925450421	-40.43193277
2.636074519	-42.63697479
2.385823965	-44.59222689
2.120737306	-46.73697479
1.891849557	-48.71806723
1.680505755	-50.71638655
1.40274684	-52.35294118
1.322737042	-54.50630252
1.048433416	-56.05672269
0.86005221	-57.69327731
0.717745105	-59.50210084
0.345030475	-61.22478992
0.20250087	-62.86134454
0.034408345	-64.75630252
-0.183517693	-66.30672269
-0.402233765	-68.02941176
-0.614791765	-69.75210084
-0.958370559	-71.56092437
-1.180756206	-73.28361345
-1.313137458	-75.09243697
-1.670074395	-76.98739496
-1.934081416	-78.79621849
-2.172471265	-80.69117647
-2.34023713	-82.32773109
-2.625105223	-84.13655462
-2.895192676	-86.28991597
-3.100698433	-88.01260504
-3.437295987	-89.56302521
-3.588910622	-91.19957983
-3.844499634	-93.00840336
-4.135621676	-94.73109244
-4.365708239	-96.28151261
-4.657747987	-98.09033613
-4.978917987	-99.89915966
-5.27668929	-101.7941176
-5.455244529	-103.4306723
-5.79502466	-105.0672269
-6.048136454	-106.9621849
-6.314069206	-108.512605
-6.589399929	-110.0630252
-6.815084891	-111.9579832
-7.195142109	-113.5945378
-7.441851189	-114.9726891
-7.757694538	-116.8676471
-8.042879521	-118.4180672
-8.325161286	-119.9684874
-8.674517601	-121.605042
-9.181369874	-123.2415966
-9.359188122	-124.7058824
-9.69366945	-126.5147059
-10.29710954	-128.3235294
-10.73237041	-129.8739496
-11.00981523	-131.5966387
-11.71205834	-133.4915966
-12.25362715	-134.9558824
-12.86952275	-136.5063025
-13.46159857	-138.1428571
-14.39351924	-139.8655462
-15.40810879	-140.8991597
-16.39756292	-141.6743697
-17.46731187	-141.8466387
-18.06788932	-139.8655462
-18.12800415	-138.0567227
-18.10622028	-136.0756303
-17.95945227	-134.2668067
-17.84670397	-132.5441176
-17.66820003	-130.6491597
-17.41428541	-128.6680672
-17.28441987	-126.8592437
-17.12219272	-125.2226891
-16.9962294	-123.4138655
-16.75912537	-121.4327731
-16.55608448	-119.5378151
-16.3488805	-117.5567227
-16.21200052	-115.7478992
-16.05266848	-113.9390756
-15.80962305	-112.302521
-15.56495826	-110.7521008
-15.44938688	-109.0294118
-15.23218984	-107.1344538
-15.06592413	-105.3256303
-14.78110131	-103.4306723
-14.65177978	-101.4495798
-14.41119403	-99.6407563
-14.23879603	-97.91806723
-13.99687624	-95.93697479
-13.77458498	-94.04201681
-13.62783145	-92.40546218
-13.39227429	-90.25210084
-13.23181358	-88.2710084
-12.9027648	-86.11764706
-12.73484242	-84.22268908
-12.48782582	-82.32773109
-12.33548823	-80.60504202
-12.15085982	-78.62394958
-11.92334688	-76.64285714
-11.79744065	-75.00630252
-11.52027706	-73.28361345
-11.39449097	-71.64705882
-11.09861987	-69.57983193
-10.90522836	-67.7710084
-10.70297134	-65.61764706
-10.4175779	-63.98109244
-10.33067222	-62.17226891
-10.08189845	-60.36344538
-10.02921089	-59.50210084
-7.57153784	-36.67647059
-7.313732498	-34.66953782
-7.07147012	-32.54201681
-6.837258395	-30.72457983
-6.667631195	-28.78655462
-6.397964782	-26.70210084
-6.205132225	-24.90189076
-5.977855966	-22.77436975
-5.646996515	-20.66407563
-5.512335063	-18.50210084
-5.16626412	-16.56407563
-4.967901891	-14.35903361
-4.767193197	-12.45546218
-4.4522795	-10.68109244
-4.378962176	-8.837815126
-4.103176714	-6.942857143
-3.89204046	-4.806722689
-3.607713124	-2.705042017
-3.442069576	-0.792857143
-3.099833842	1.911764706
-2.851767394	3.953151261
-2.642210397	6.003151261
-2.403441271	7.777521008
-2.132715081	9.827521008
-1.87313178	11.85168067
-1.62613129	13.84138655
-1.343066166	15.66571429
-1.087630555	17.66661765
-0.850035506	19.59172269
-0.596584519	21.41432773
-0.366239546	23.53495798
-0.126289758	25.77359244
0.131539604	27.75210084
0.346989658	29.81071429
0.584454842	31.90378151
0.827513022	33.91932773
1.088716861	35.99516807
1.329345182	38.01071429
1.523128401	40.04348739
1.80088178	42.03319328
2.029813793	43.94537815
2.217049942	45.88340336
2.521787961	48.17457983
2.815884972	50.26764706
3.088709669	52.24012605
3.287329048	54.57436975
3.534380684	56.89138655
3.836519901	59.06197479
4.078051515	61.17226891
4.370548903	63.48928571
4.621601347	65.68571429
4.817982284	67.40840336
5.112664389	69.9407563
5.366987857	71.77542017
5.655114935	74.18718487
6.011318563	76.47836134
6.258441824	78.69201681
6.443129288	80.24243697
6.643918616	82.36995798
7.037209803	84.74726891
7.292438964	86.45273109
7.522660239	88.49411765
7.815972574	90.6302521
8.043281744	92.43907563
8.258599208	94.33403361
8.622165235	96.31512605
8.83003896	98.12394958
9.050237603	100.0189076
9.374191441	102.0861345
9.635684355	103.8088235
9.949261992	106.0483193
10.25705971	108.0294118
10.5468182	110.0966387
10.85003781	112.1638655
11.19904437	114.2310924
11.46771579	116.1260504
11.92147292	118.1071429
12.27727976	119.9159664
12.58484425	121.552521
12.9425114	123.5336134
13.26511804	125.4285714
13.66771809	127.1512605
13.98558782	129.1323529
14.34898676	130.4243697
14.72882778	132.3193277
15.13115557	133.8697479
15.47460551	135.4201681
15.91492837	137.0567227
16.31681376	138.6071429
16.91943066	140.3298319
17.4336454	142.2247899
18.09936414	143.6890756
18.86669416	145.4978992
19.66573358	146.3592437
20.63212164	145.2394958
21.1290664	143.6890756
21.33124812	142.052521
21.61862399	139.7268908
21.834199	137.8319328
22.15697282	136.0231092
22.42300019	134.2142857
22.63684854	132.8361345
22.91982197	130.7689076
23.26754611	128.8739496
23.58442011	126.8928571
23.94718954	124.9117647
24.17609593	123.1890756
24.49938847	121.2079832
24.8006948	119.1407563
25.01468395	117.1596639
25.39861285	115.4369748
25.71131436	113.7142857
25.97028788	111.8193277
26.35096467	109.7521008
26.71996057	107.7710084
27.16548079	106.1344538
27.43740594	104.4117647
27.72781898	102.6029412
28.33152311	100.8802521
28.59404408	99.24369748
29.01162899	97.3487395
29.37332799	95.45378151
29.67432901	93.38655462
29.71985351	91.40546218
29.59936356	89.42436975
29.4583114	87.52941176
29.19921686	85.76365546
29.00212665	83.61890756
28.73509502	81.88760504
28.77826495	80.13046218
28.51385596	78.14936975
28.25041717	76.15105042
28.05935753	74.16134454
27.76957389	72.4644958
27.67149558	70.42310924
27.51894424	68.44201681
27.28505311	66.32310924
27.06753111	64.57457983
26.84242412	62.61071429
26.62361513	60.34537815
26.36325392	58.4762605
26.15253972	56.36596639
25.86787937	54.16092437
25.64383065	52.20567227
25.44003058	50.38823529
25.2086547	48.51911765
25.00317433	46.42605042
24.71749075	44.72920168
24.6254241	42.84285714
24.33879579	40.89621849
24.09198258	39.03571429
23.84211866	36.89957983
23.63740328	34.91848739
23.35983287	32.93739496
23.05418091	31.03382353
22.87665684	29.08718487
22.62294448	27.19222689
22.3714913	25.36617647
22.14828647	23.43418067
21.88665895	21.40657563
21.63143669	19.42978992
21.36895709	17.48745798
21.20764546	15.46243697
20.84048829	13.70615546
20.6379062	12.01533613
20.3813204	9.991176471
20.14720747	8.16512605
20.0185789	6.588865546
19.78330719	4.745588235
19.54375451	2.600840336
19.27065309	0.740336134
19.118308	-0.982352941
18.93452657	-2.842857143
18.67930559	-4.720588235
18.41949489	-6.710294118
18.21526192	-8.58802521
17.93979141	-10.38823529
17.76751584	-12.26596639
17.50007193	-14.11785714
17.25957905	-16.08172269
17.01102121	-17.97668067
16.77193095	-19.86302521
16.55034825	-21.67184874
16.26300041	-23.56680672
15.99337645	-25.29810924
15.77249745	-27.10693277
15.48087733	-28.83823529
15.20908928	-30.68151261
14.88564271	-32.4644958
14.6191608	-34.48865546
14.34628627	-36.46113445
14.03000829	-38.20966387
13.72682274	-40.00987395
13.47673816	-41.86176471
13.16439425	-43.67058824
12.86696178	-45.58277311
12.57811374	-47.60693277
12.27417267	-49.33823529
11.96765364	-51.23319328
11.65582137	-53.12815126
11.35239871	-55.1092437
11.05877007	-56.74579832
10.7483575	-58.46848739
10.42758868	-60.44957983
10.10062319	-62.17226891
9.820129708	-64.06722689
9.38693508	-66.22058824
9.01572501	-68.02941176
8.646237942	-69.83823529
8.389993405	-71.47478992
7.942409234	-73.3697479
7.646536172	-75.17857143
7.253963592	-76.98739496
6.92478819	-78.88235294
6.471318927	-80.69117647
6.169843587	-82.24159664
5.854170613	-83.96428571
5.455123929	-85.68697479
5.025385373	-87.58193277
4.575159723	-89.56302521
4.056784018	-91.28571429
3.704449053	-93.00840336
3.25679424	-94.73109244
2.737114238	-96.53991597
2.192500927	-98.5210084
1.715277866	-100.3298319
1.077868227	-102.2247899
0.431389895	-104.0336134
-0.06961895	-106.0147059
-1.00123421	-107.737395
-1.831411803	-109.5462185
-2.851438874	-111.2689076
-3.815777517	-112.5609244
-4.869133702	-112.4747899
-5.937490202	-112.2163866
-6.960142462	-111.9579832
-7.718416294	-110.2352941
-8.611424664	-108.4264706
-9.682062067	-106.8760504
-10.69835588	-106.3592437
-11.73939637	-105.842437
-12.79410704	-105.3256303
-13.80758944	-104.7226891
-14.85557152	-103.8613445
-15.85855887	-102.8277311
-16.91837898	-101.4495798
-17.58647031	-99.72689076
-18.24271402	-98.3487395
-19.09624442	-97.05672269
-19.80311857	-95.50630252
-20.39103097	-93.69747899
-21.42191315	-91.97478992
-21.96518203	-90.42436975
-22.68580634	-88.52941176
-23.28212474	-86.9789916
-23.80763143	-85.17016807
-24.4206103	-83.53361345
-24.88990509	-81.89705882
-25.39092933	-80.00210084
-26.0530956	-78.19327731
-26.3203926	-76.64285714
-26.86456018	-74.92016807
-27.56994014	-73.19747899
-27.87803486	-71.56092437
-28.26902922	-69.83823529
-28.92975854	-67.85714286
-28.97562489	-66.22058824
-29.18407924	-64.49789916
-29.36141758	-62.60294118
-29.50618455	-60.8802521
-29.43248721	-58.6407563
-29.47439674	-56.83193277
-29.45442839	-54.59243697
-29.15326727	-52.52521008
-29.15875459	-50.6302521
-28.90717718	-48.64915966
-28.48575965	-46.44411765
-28.28621642	-44.03235294
-27.96120938	-42.01680672
-27.6658888	-40.22521008
-27.58108539	-38.27857143
-27.46220123	-36.39222689
-27.01921941	-34.6092437
-26.74954105	-32.73151261
-26.60141113	-31.01743697
-26.34230963	-28.99327731
-25.8824016	-27.52037815
-25.56421854	-25.8407563
-25.33008131	-23.93718487
-25.10020294	-22.25756303
-24.73525904	-20.19033613
-24.47340275	-18.16617647
-24.16555315	-16.46932773
-23.88229419	-14.59159664
-23.56394635	-12.63634454
-23.26311878	-10.72415966
-22.81090757	-8.527731092
-22.4290848	-6.555252101
-22.09783501	-4.720588235
-21.81304053	-2.954831933
-21.33365184	-0.930672269
-20.9666593	0.97289916
-20.54097622	2.618067227
-20.18131523	4.719747899
-19.74172584	6.502731092
-19.14449676	9.043697479
-18.51841028	10.94726891
-18.06715951	12.7302521
-17.55745234	14.66827731
-16.93902415	16.76565126
-16.29526871	18.28764706
-15.79896758	19.65546218
-14.99703812	21.46514706
-14.26613237	22.84760504
-13.37072187	24.52119748
-12.57778842	25.78306723
-11.89733443	26.51779412
-11.31928409	27.01134454
-10.30875361	27.95021008
-9.365037523	28.27752101
-8.330189042	29.14747899
-8.145671426	29.00105042
-7.932887221	28.91491597
-7.677271303	28.65651261
-7.476694588	28.62205882
-7.040341681	26.77878151
-5.577509336	26.73485294
-4.371582782	26.56344538
-3.83480266	24.70294118
-3.709035496	22.9414916
