"Bayrak and Sheikh 1996, ES1-HT"	
1931	
0	0
-0.516853474	25.88823529
-0.291792404	29.45678571
-0.177130093	33.08390756
-0.053772529	36.77046218
0.17805157	40.41394958
0.251338635	44.46226891
0.464801707	48.28663866
0.633931357	51.63726891
0.818524861	55.16016807
1.110153632	58.85533613
1.285107824	62.61079832
1.419126017	66.14231092
1.621617767	69.66521008
1.781429566	73.10197479
2.038759466	76.84882353
2.174305283	80.51815126
2.382097344	84.02382353
2.717708266	87.67592437
2.864628646	91.29357143
3.09797505	94.83369748
3.216257246	98.36521008
3.394156256	100.7769748
3.633401533	103.6194118
3.911065537	107.2370588
4.130825048	110.0794958
4.290485175	112.0605882
4.448461672	114.2139496
3.650509449	90.87151261
3.537085631	87.45197479
3.296908203	83.61037815
3.142984801	79.91521008
3.029870636	76.08222689
2.859410203	72.12865546
2.868486103	68.50239496
2.73645219	66.59882353
2.651459625	65.54798319
2.538627218	63.73915966
2.461150178	59.72529412
2.34186361	55.69420168
2.053228812	51.69756303
1.991864194	47.89042017
1.825896606	43.95407563
1.645226695	40.06079832
1.509452223	36.36563025
1.37429035	32.62739496
1.221405714	29.01060924
1.053891223	25.30768908
0.834504568	21.48245798
0.782550946	17.62277311
0.530523217	14.04819328
0.425797265	10.68894958
0.289953243	7.295252101
0.135106304	3.470882353
0.01411297	-0.043403361
-0.124963503	-3.635210084
-0.35212573	-7.18394958
-0.566880304	-10.86189076
-0.658646544	-13.76462185
-0.79701262	-17.40810924
-0.955299338	-21.08605042
-1.15291146	-24.62617647
-1.442808951	-28.13184874
-1.556261154	-31.32743697
-1.787865942	-34.94508403
-2.026483964	-38.61441176
-2.087374714	-42.36987395
-2.207254062	-45.65159664
-2.517459545	-49.35537815
-2.671858599	-52.97302521
-2.855206963	-56.50453782
-3.000796258	-59.00243697
-3.120737194	-62.70621849
-3.365151503	-65.89319328
-3.517960317	-68.90789916
-3.611718735	-71.31966387
-3.852071835	-74.93731092
-4.053649146	-78.46882353
-4.293298371	-81.74193277
-4.209431578	-78.12428571
-4.01644937	-74.50663866
-3.814886209	-71.23352941
-3.747049954	-67.61588235
-3.649860268	-64.34277311
-3.409212723	-61.06966387
-3.318900307	-57.53815126
-3.216971289	-53.74823529
-2.940986522	-50.13058824
-2.892340598	-46.16840336
-2.714544652	-42.46462185
-2.522660135	-38.85558824
-2.364563931	-35.38436975
-2.267573335	-31.56861345
-2.027008469	-27.85621849
-2.028205482	-24.02323529
-1.835111787	-20.98268908
-1.685000774	-17.25306723
-1.506812157	-13.67848739
-1.378996189	-9.905798319
-1.17394528	-6.021134454
-1.044078927	-2.28289916
-0.966868222	1.171092437
-0.751118891	4.961008403
-0.606937854	8.828445378
-0.493316634	12.72172269
-0.393550398	16.41689076
-0.238495403	20.18096639
-0.110641651	23.90714286
0.051202687	27.47655462
0.172406081	31.1777521
0.297331649	35.07361345
0.482431807	39.21668067
0.706239263	42.8860084
0.840116647	46.68453782
0.964864029	50.42277311
1.11695823	54.27298319
1.28333143	58.32130252
1.501228469	62.80890756
1.641855945	67.05533613
1.900450791	71.16394958
2.047954053	75.04
2.26687363	79.29504202
2.513876006	83.22277311
2.615334519	87.21079832
2.8256149	91.07823529
3.0116119	95.00596639
3.221114673	98.7097479
3.451082498	102.4996639
3.649760199	106.2895798
3.823146123	108.8736134
4.076869026	112.4912605
4.337455019	115.7643697
4.564868129	119.2097479
4.801607224	121.4492437
5.103467132	124.2916807
5.386991734	127.3063866
5.632379784	128.8568067
5.930887779	131.6992437
6.261739043	130.5794958
6.394172173	126.8757143
6.15128457	122.9996639
5.966940406	119.2097479
5.791796961	115.5921008
5.661549225	112.2328571
5.366152123	108.1845378
5.390374324	107.6677311
5.17600758	103.8778151
4.966930727	100.2601681
4.782357609	96.4702521
4.666669082	92.9387395
4.419981789	89.01962185
4.336423224	84.98852941
3.998750346	80.95743697
3.805176086	76.93495798
3.708357526	72.96415966
3.48730292	69.23453782
3.371771968	65.15176471
3.124247909	61.35323529
2.854862365	56.9689916
2.712955758	52.52445378
2.417324286	48.70869748
2.291036178	44.9360084
2.122139832	40.98243697
1.95744996	37.25281513
1.757831634	33.31647059
1.650249136	29.14756303
1.363742188	25.25514706
1.23439154	21.33430672
1.085632581	17.70029412
0.930377224	13.83285714
0.707449438	9.913739496
0.531107376	6.640630252
0.401915372	2.962689076
0.227594957	-0.654957983
-0.054158269	-4.505168067
-0.079954026	-8.174495798
-0.320751466	-11.96441176
-0.546609882	-15.88352941
-0.825882852	-19.67344538
-0.908718065	-22.89487395
-1.131494014	-26.46084034
-1.242107706	-30.13878151
-1.449505106	-33.69613445
-1.598140158	-36.86588235
-1.801851403	-40.5955042
-1.90485235	-44.18731092
-2.075730958	-47.11588235
-2.31714233	-50.90579832
-2.44700954	-54.52344538
-2.6157894	-58.31336134
-2.806387408	-60.98352941
-3.065779895	-64.77344538
-3.188459183	-68.39109244
-3.39410097	-71.66420168
-3.562873085	-74.85117647
-3.748933389	-78.38268908
-3.94575085	-82.17260504
-4.178235521	-85.61798319
-4.452232822	-88.97722689
-4.762956944	-92.59487395
-4.83395783	-95.86798319
-5.056144704	-98.53815126
-5.323685914	-100.949916
-5.433935439	-103.3616807
-5.743062729	-105.7734454
-5.535723271	-102.1557983
-5.422239775	-98.45201681
-5.283933399	-94.83436975
-5.019416342	-91.21672269
-4.917667824	-87.68521008
-4.743102582	-84.23983193
-4.584096512	-80.96672269
-4.286436098	-77.17680672
-4.104321309	-73.47302521
-3.912620219	-69.59697479
-3.854533121	-66.23773109
-3.538707276	-62.44781513
-3.370945174	-58.57176471
-3.231615128	-54.78184874
-3.047839672	-51.25033613
-2.857606791	-48.23563025
-2.693828829	-44.44571429
-2.574482544	-40.74193277
-2.32430219	-37.27071429
-2.176315492	-33.67890756
-1.969073754	-29.93205882
-1.848606165	-26.7192437
-1.66850168	-23.30831933
-1.473849898	-19.69067227
-1.23402208	-15.66819328
-1.100222546	-11.74907563
-1.025708397	-7.804117647
-0.75936522	-3.721344538
-0.659744962	0.025504202
-0.458334345	4.09105042
-0.273332439	8.061848739
-0.12587566	12.17907563
0.072373575	16.45134454
0.237624429	20.64609244
0.408628404	24.70819328
0.594639244	28.54720588
0.802000635	32.77985294
0.965629242	37.19252101
1.187783368	40.95659664
1.33754057	45.24609244
1.505407654	49.46668067
1.650400747	53.59252101
1.925616407	58.48495798
2.17390039	63.10176471
2.464577845	67.69273109
2.687987196	71.80995798
2.874315573	76.01331933
3.178331147	80.38894958
3.420217492	84.69567227
3.654440458	88.16689076
3.895087994	91.68117647
4.069215356	96.03957983
4.282579482	99.57109244
4.563002118	103.1887395
4.833308307	106.892521
5.027523171	110.1656303
5.26162802	112.577395
5.540831503	115.7643697
5.733083189	118.2622689
6.013558523	120.5017647
6.335146352	120.7601681
6.802028758	116.4534454
6.905662193	113.7832773
6.820334228	110.3378992
6.543649715	106.8063866
6.458961666	103.1887395
6.285529099	100.0878992
6.057230131	95.78117647
5.874385266	91.38831933
5.51867048	87.34
5.221695635	83.37781513
5.089572896	79.76016807
4.8158165	75.64294118
4.543588599	71.67214286
4.27853348	67.4860084
4.022499565	63.20512605
3.805935159	59.37214286
3.633227162	55.4702521
3.346278717	51.1807563
3.113306433	46.78789916
2.938073741	43.48033613
2.75165968	39.61289916
2.566524015	35.48705882
2.353874465	31.41289916
2.159572934	27.81420168
2.005949285	23.93728992
1.746825966	19.85451681
1.531018066	15.90008403
1.316134269	12.12739496
1.184391119	8.251344538
0.97176881	4.358067227
0.786066199	0.55092437
0.486413075	-3.540462185
0.231161622	-7.347605042
0.083663819	-11.33563025
-0.168519411	-14.64319328
-0.303536288	-18.33836134
-0.583061204	-22.23163866
-0.810182066	-25.83205882
-0.894358541	-29.57890756
-1.102760836	-33.02428571
-1.317396923	-35.95285714
-1.560973831	-39.63941176
-1.777311263	-43.6705042
-1.934431486	-47.11588235
-2.129691342	-50.81966387
-2.355187008	-54.60957983
-2.641893745	-58.31336134
-2.77454596	-60.98352941
-3.043288507	-64.68731092
-3.115968952	-68.39109244
-3.291377441	-71.57806723
-3.511204657	-74.59277311
-3.664711309	-77.7797479
-3.962181029	-81.22512605
-4.139225013	-84.6705042
-4.387977132	-88.28815126
-4.647676588	-91.5612605
-4.794249522	-94.23142857
-5.06365456	-97.07386555
-5.285354664	-100.5192437
-5.486860715	-103.8784874
-5.416663863	-100.1747059
-5.17018093	-96.64319328
-5.0489077	-92.93941176
-4.820485021	-89.06336134
-4.591318815	-85.35957983
-4.412230681	-81.56966387
-4.18434187	-77.86588235
-4.023980685	-74.24823529
-3.867321701	-70.45831933
-3.533269594	-66.75453782
-3.371309525	-63.22302521
-3.107149898	-59.26084034
-2.99565978	-55.29865546
-2.697228977	-51.59487395
-2.483972826	-48.06336134
-2.397828743	-44.18731092
-2.100170684	-40.3112605
-1.90740506	-36.92617647
-1.817200213	-33.90285714
-1.561421703	-30.25936975
-1.313785324	-26.33163866
-1.155007937	-22.37806723
-0.937131488	-18.26084034
-0.76858251	-14.46231092
-0.573374973	-10.80159664
-0.341296909	-6.804957983
-0.142758343	-2.894453782
-0.000111693	0.843781513
0.230967447	5.064369748
0.450963572	8.768151261
0.601797192	12.36857143
0.817757838	16.64084034
0.99747702	20.57718487
1.14754918	24.6814916
1.372703343	28.62214286
1.558449755	31.80136555
1.787683424	35.43537815
1.942622138	39.47508403
2.199759815	43.31668067
2.313148616	46.63285714
2.511797507	50.41415966
2.74075909	54.43663866
2.911727734	58.21794118
3.2109635	62.44714286
3.476051255	66.61605042
3.804854116	70.78495798
3.993649022	74.54903361
4.210652734	78.02886555
4.46883608	82.28390756
4.697145798	85.14357143
4.953692563	89.0110084
5.293483276	92.82676471
5.559837194	96.21184874
5.846682577	99.57109244
5.946547137	101.8105882
6.288938624	104.4807563
6.562421231	107.9261345
6.875799581	110.5963025
7.066810985	112.2328571
7.425718181	114.7307563
7.764597873	116.5395798
7.891979089	117.5731933
8.239387227	119.2958824
8.619062461	121.0185714
8.903791725	122.3967227
9.341357117	123.8610084
9.568772389	124.9807563
9.911569508	125.8421008
10.17160322	126.8757143
10.47887513	127.4786555
10.74048655	128.1677311
11.12156088	128.7706723
11.4557259	129.8042857
11.77027585	130.5794958
12.17256465	131.3547059
12.59414011	132.2160504
12.91833404	133.1635294
13.33210594	133.2496639
13.70059149	134.0248739
14.11190836	134.1110084
14.48699194	134.4555462
14.84273243	134.800084
15.24677666	135.1446218
15.56504444	135.3168908
15.9115954	135.9198319
15.79557808	132.129916
15.56070465	129.1152101
15.39190637	126.2727731
15.08985531	122.9996639
14.80237995	120.6740336
14.5580654	116.9702521
14.43184023	116.195042
14.10293094	113.0080672
13.81575294	109.734958
13.56921928	107.3231933
13.31240359	104.997563
13.02939296	101.8967227
12.83098807	99.39882353
12.56219843	96.55638655
12.253786	93.97235294
11.99685288	90.56142857
11.6402609	87.59840336
11.39500076	84.29945378
11.1226189	81.19
10.82231301	78.45092437
10.44890846	75.03138655
10.30897664	72.69714286
10.00788825	70.14756303
9.742659614	66.90890756
9.526900663	63.65302521
9.170389086	60.30239496
8.847413498	56.41773109
8.510736161	54.1610084
8.262256669	49.81983193
7.957503546	46.73621849
7.708415478	43.16163866
7.437482352	39.50953782
7.236891402	36.90827731
7.044678575	33.57487395
6.722051112	29.85386555
6.488370949	27.88052521
6.178731281	24.10266807
6.043982955	21.1017437
5.719497529	17.07151261
5.48723934	13.19546218
5.197147877	9.061008403
4.875316383	5.78789916
4.720317038	1.997983193
4.420558824	-1.49907563
4.097715166	-5.297605042
3.791545323	-9.182268908
3.474431003	-12.79991597
3.279943862	-16.46063025
2.998629826	-20.23331933
2.725325556	-24.10936975
2.56796474	-27.10684874
2.341785059	-30.89676471
2.048653366	-34.21294118
1.795171311	-37.95978992
1.618464124	-40.88836134
1.373671823	-44.44571429
1.206279576	-46.85747899
1.016906518	-50.47512605
0.764688756	-53.74823529
0.523090923	-56.33226891
0.317723815	-59.94991597
0.009492184	-63.99823529
-0.193686266	-67.35747899
-0.454165173	-70.63058824
-0.664561916	-74.24823529
-0.733617209	-76.74613445
-1.101293416	-79.67470588
-1.269536821	-82.94781513
-1.564328078	-86.47932773
-1.867112635	-89.49403361
-2.040017889	-93.02554622
-2.35532904	-96.21252101
-2.614955442	-99.48563025
-2.938620716	-103.1032773
-3.182191776	-106.7209244
-3.471426099	-109.9078992
-3.702651635	-112.8364706
-3.974063379	-115.765042
-4.255012854	-118.4352101
-4.529484333	-121.5360504
-4.700731517	-123.8616807
-5.004711547	-126.1873109
-5.386292625	-128.5990756
-5.666470036	-131.2692437
-5.895677001	-133.0780672
-6.169874271	-134.9730252
-6.336450301	-137.2986555
-6.575578298	-139.2797479
-6.96217342	-140.7440336
-7.254692223	-142.5528571
-7.525916082	-143.672605
-7.768055243	-145.3952941
-8.053623316	-146.6011765
-8.402962433	-147.2902521
-8.781440798	-146.7734454
-9.217039145	-145.1368908
-9.681613167	-144.1032773
-10.08956365	-143.1557983
-10.53594441	-141.2608403
-10.9771887	-139.5381513
-11.40665243	-138.7629412
-11.8497132	-138.3322689
-12.16167743	-138.0738655
-12.49440286	-137.7293277
-12.92956885	-137.212521
-13.31749403	-137.2986555
-13.67776503	-137.212521
-14.04053738	-137.3847899
-13.9626402	-133.5948739
-13.69653909	-129.8910924
-13.52735574	-127.6515966
-13.26296761	-125.067563
-13.02563315	-121.9667227
-12.8576336	-119.8994958
-12.44143587	-117.0570588
-12.17033917	-114.0423529
-12.03337916	-111.9751261
-11.84517931	-109.9940336
-11.49232665	-107.4961345
-11.15809842	-104.7398319
-10.96308841	-102.3280672
-10.69989357	-99.48563025
-10.39968043	-96.47092437
-10.03674871	-93.62848739
-9.869579776	-90.78605042
-9.613252938	-88.37428571
-9.293861375	-85.87638655
-8.948263471	-82.60327731
-8.723851049	-80.10537815
-8.551877587	-77.52134454
-8.28373856	-75.02344538
-7.907518766	-72.43941176
-7.585725596	-68.99403361
-7.301387918	-65.89319328
-6.958146046	-62.70621849
-6.794088751	-60.20831933
-6.497468446	-57.2797479
-6.302082243	-54.35117647
-5.929566502	-51.5087395
-5.664351296	-48.23563025
-5.404487898	-45.13478992
-5.040704235	-42.89529412
-4.739238549	-38.96756303
-4.623195937	-36.62470588
-4.292263319	-34.10096639
-4.11772548	-30.97428571
-3.931081488	-28.8639916
-3.539285417	-26.04739496
-3.349187196	-23.36
-3.104706493	-20.50033613
-2.813890111	-17.53731092
-2.595453969	-14.47953782
-2.203977496	-12.07638655
-2.027646616	-8.045294118
-1.726671709	-5.478487395
-1.347488304	-1.938361345
-1.034880299	1.610378151
-0.719263666	5.581176471
-0.420035647	9.052394958
-0.111559026	13.01457983
0.237733826	16.75281513
0.558276807	20.92172269
0.844407524	24.48338235
1.150430256	27.22762605
1.457314147	30.31985294
1.721783426	34.66878151
2.020536059	37.71794118
2.406474187	41.19777311
2.72689506	44.82403361
3.059248148	48.39861345
3.328861608	51.93012605
3.685364761	54.96205882
3.999217487	58.34714286
4.315524634	61.68915966
4.647719381	65.24651261
4.990868628	67.9597479
5.328545898	71.27592437
5.652693627	73.98915966
5.928705709	76.81436975
6.428733691	79.63096639
6.686975998	82.57676471
7.116583555	85.81542017
7.396049867	88.56310924
7.770656759	91.8189916
8.167327258	94.08432773
8.426601522	96.12571429
8.662268338	97.67613445
8.983744914	100.0017647
9.290335304	102.4996639
9.70092604	104.7391597
9.923699604	106.3757143
10.19595836	108.0984034
10.4750317	110.1656303
10.8156474	112.4912605
11.16866471	114.4723529
11.4970123	116.195042
11.79312986	117.6593277
12.14436111	119.2097479
12.49151811	120.7601681
12.84234342	121.879916
13.10072814	123.5164706
13.31508487	124.550084
13.71368824	126.1866387
14.08895898	127.392521
14.50159727	128.8568067
14.79557718	129.5458824
15.30936324	130.5794958
15.49375096	131.4408403
15.85166954	131.9576471
15.79590578	128.4261345
15.58512516	124.7223529
15.2874266	122.2244538
15.08721401	119.7265546
14.7446546	116.5395798
14.45271396	114.0416807
14.12736489	111.0269748
13.8122221	108.1845378
13.47761871	104.4807563
13.15566008	101.7244538
12.82433066	98.27907563
12.47873124	95.43663866
12.08406493	91.9912605
11.6784471	88.40806723
11.39472189	85.67760504
11.11257072	82.06857143
10.74053437	78.96773109
10.46304728	76.13390756
10.23241935	73.41205882
9.788582992	70.12172269
9.589256693	67.54630252
9.202822112	64.16121849
9.011144779	61.69777311
8.651883119	58.28684874
8.419754338	55.31521008
8.015826837	52.7742437
7.752737656	49.87151261
7.435073582	45.79735294
7.094750719	42.90323529
6.805759382	38.92382353
6.501877976	36.11584034
6.208014789	33.33369748
5.911102334	29.51794118
5.694142309	27.82712185
5.410454936	24.63153361
5.077198922	20.78907563
4.878051783	18.18264706
4.641267385	15.94315126
4.453013497	13.40218487
4.057016826	9.991260504
3.848881835	6.933487395
3.441776802	4.030756303
3.296740381	1.188319328
2.93772178	-1.72302521
2.63066813	-5.073655462
2.307519637	-8.553487395
2.117756751	-10.79298319
1.720560008	-13.9455042
1.461740316	-17.04634454
1.136140225	-20.4744958
0.807409352	-23.54088235
0.640353421	-25.64256303
0.435907924	-28.1060084
0.152832324	-30.87092437
-0.211489502	-34.26462185
-0.568529642	-37.09844538
-0.653719561	-39.42407563
-1.033375475	-42.07701681
-1.294821795	-44.87638655
-1.502632265	-47.89109244
-1.703189058	-50.21672269
-2.052730287	-53.14529412
-2.330668674	-55.38478992
-2.619039346	-58.22722689
-2.919409035	-61.58647059
-3.250577845	-64.08436975
-3.499511946	-66.92680672
-3.883424447	-69.59697479
-4.008202416	-71.14739496
-4.401966249	-73.73142857
-4.603063693	-76.66
-4.877333543	-78.98563025
-5.174286426	-81.1389916
-5.520112332	-84.32596639
-5.885327348	-86.99613445
-6.236364982	-89.40789916
-6.542527004	-92.33647059
-6.843303448	-94.74823529
-7.166571592	-96.64319328
-7.572215764	-99.14109244
-7.84177918	-101.5528571
-8.230496615	-104.0507563
-8.492845745	-106.1179832
-8.808287496	-107.7545378
-9.214328033	-110.0801681
-9.452494286	-111.5444538
-9.788763259	-113.4394118
-10.05111167	-115.6789076
-10.39489162	-116.8847899
-10.59067912	-118.0906723
-10.92061071	-119.6410924
-11.28532075	-121.1915126
-11.60811543	-122.6557983
-11.88596594	-124.0339496
-12.23769991	-125.7566387
-12.49223898	-126.7902521
-12.83842528	-127.9961345
-13.19556512	-128.9436134
-13.54811597	-130.2356303
-13.8550111	-131.0969748
-14.18969535	-131.7860504
-14.11158626	-127.8238655
-13.90896011	-124.3784874
-13.5850457	-121.1915126
-13.22837878	-117.7461345
-12.87173752	-114.5591597
-12.4810244	-111.5444538
-12.2812158	-109.1326891
-12.0808058	-106.6347899
-11.62717953	-103.7062185
-11.39881912	-101.1221849
-10.97172765	-98.02134454
-10.72799306	-94.74823529
-10.37320159	-92.25033613
-9.996486005	-88.63268908
-9.711855809	-86.13478992
-9.336353076	-82.68941176
-8.993328816	-79.76084034
-8.631617017	-76.40159664
-8.382167496	-73.81756303
-8.163191225	-71.14739496
-7.787878625	-68.56336134
-7.554359041	-66.58226891
-7.234811698	-63.39529412
-6.866055855	-60.20831933
-6.59902742	-57.79655462
-6.331373531	-54.60957983
-6.035814009	-51.59487395
-5.716930017	-48.49403361
-5.408825756	-45.99613445
-5.241807947	-42.80915966
-4.95132585	-40.785
-4.648725881	-38.19235294
-4.323818115	-35.1087395
-3.918954914	-31.99067227
-3.766558893	-29.58752101
-3.478288155	-26.77092437
-3.170601117	-23.48058824
-2.909695798	-21.06021008
-2.614491145	-18.02827731
-2.285257782	-14.81546218
-2.098269388	-11.58542017
-1.742234796	-8.923865546
-1.275019289	-5.37512605
-0.97891712	-1.309579832
-0.771735424	1.756806723
-0.535242886	4.177184874
-0.360982453	6.416680672
-0.012105224	9.569201681
0.296365071	12.91983193
0.595029386	16.37382353
0.770420395	18.79420168
1.075321432	21.97256303
1.302008509	24.51611345
1.621491602	27.20178571
1.93993762	30.84527311
2.351115131	34.29840336
2.556933357	36.81352941
2.967314388	40.11247899
3.28545708	43.86794118
3.583794842	47.26163866
3.871391431	49.82844538
4.233363596	52.98957983
4.5925488	56.2110084
4.906736825	59.31184874
5.327640944	62.52466387
5.672683812	66.10785714
6.037962491	69.32067227
6.384207065	72.01668067
6.781885299	74.79021008
7.088227547	77.77907563
7.457248224	80.67319328
7.892675271	83.83432773
8.250116712	87.01268908
8.623358411	89.59672269
9.004678319	92.70617647
9.284221852	95.00596639
9.694056282	97.24546218
10.09672639	99.57109244
10.38986909	102.1551261
10.7219019	104.3084874
11.07195635	106.0311765
11.44697296	108.1845378
11.76656481	110.3378992
12.05156667	111.8021849
12.44543776	114.0416807
12.74032281	115.4198319
13.07915166	117.8315966
13.44814794	119.5542857
13.62975923	120.8463025
14.12533184	122.9996639
14.43645046	124.6362185
14.77258835	126.0143697
15.04093869	127.2202521
15.39751697	128.5984034
15.77250659	130.0626891
16.15160593	131.4408403
16.51377643	132.4744538
16.96752138	133.5942017
17.34111302	134.3694118
17.69327575	134.7139496
18.02722133	135.3168908
18.42979906	134.5416807
18.7675661	135.0584874
19.17215742	135.3168908
19.58533551	135.4891597
19.95852345	135.747563
20.4218902	135.1446218
20.76702658	134.8862185
21.21091143	134.800084
21.62180834	134.7139496
22.06456265	134.6278151
22.46296141	134.4555462
22.84613733	134.1971429
23.03962675	133.5942017
23.30805326	133.077395
23.62704744	132.9051261
23.74275412	132.4744538
23.99596228	132.2160504
24.13304912	131.4408403
24.22520512	130.7517647
24.36132464	130.5794958
24.67939823	129.8904202
25.07628272	129.6320168
25.57992037	128.8568067
25.46352959	125.1530252
25.18954298	121.3631092
24.91459942	118.9513445
24.58188402	115.7643697
24.24051082	113.0942017
23.8615943	110.5101681
23.55680934	107.7538655
23.25911888	105.1698319
22.98111491	103.1887395
22.59178747	100.5185714
22.20253718	97.50386555
21.78450957	94.14462185
21.49480733	91.79315126
21.05768286	88.76983193
20.71382025	86.05659664
20.40762113	83.20554622
19.99517602	80.61289916
19.62990724	77.86521008
19.29493085	75.10029412
18.93766139	72.43012605
18.61595422	69.6307563
18.30887965	67.46016807
17.92983991	64.79861345
17.57171771	62.02508403
17.20822057	59.32907563
16.82674411	56.89147059
16.44886689	53.97151261
16.09430825	51.21521008
15.78676721	48.84651261
15.38199368	46.2452521
15.04096974	43.60092437
14.75705288	40.81016807
14.38861611	38.57928571
14.05721406	36.08138655
13.68119291	33.41121849
13.31408878	30.53432773
12.93895837	27.85813025
12.63037357	25.68840336
12.26381825	22.4264916
12.00786773	20.21714286
11.64152	17.31268908
11.30323848	14.1860084
10.92393582	11.42109244
10.65464939	8.905966387
10.32882688	6.873193277
9.950986313	4.254705882
9.549320971	1.567310924
9.231279773	-1.352647059
8.970226174	-3.600756303
8.634793995	-6.029747899
8.19412933	-8.510420168
7.976140013	-11.02554622
7.611409332	-13.70432773
7.333895875	-16.12470588
7.027935899	-18.86378151
6.668192134	-21.18941176
6.378112807	-23.33415966
6.071395712	-26.06462185
5.71662242	-28.47638655
5.379449492	-31.50831933
5.081191859	-34.46273109
4.744162772	-37.09844538
4.430748595	-39.52743697
4.068727936	-42.12869748
3.769644474	-44.70411765
3.430587843	-46.59907563
3.116329767	-49.44151261
2.834151255	-52.28394958
2.525760031	-54.78184874
2.183091467	-57.10747899
1.870587608	-59.17470588
1.55298956	-61.84487395
1.21028426	-64.42890756
0.83927153	-67.01294118
0.612416412	-69.51084034
0.26083296	-71.66420168
-0.014789181	-74.07596639
-0.407724107	-76.14319328
-0.765920439	-78.46882353
-1.066134337	-80.96672269
-1.491093024	-83.37848739
-1.711317021	-85.18731092
-1.900447423	-86.91
-2.246591939	-89.23563025
-2.515091595	-90.61378151
-2.978498011	-92.93941176
-3.272546184	-95.35117647
-3.522128399	-96.81546218
-3.78920142	-98.19361345
-4.079617763	-99.91630252
-4.414337594	-102.0696639
-4.829219905	-103.9646218
-5.137050822	-106.2041176
-5.395496744	-107.5822689
-5.713448662	-109.4772269
-6.001882734	-111.2860504
-6.277505603	-112.5780672
-6.65393943	-114.2146218
-7.003786873	-115.5927731
-7.209568554	-116.9709244
-7.638014796	-118.6936134
-7.854059041	-120.1578992
-8.200442232	-121.5360504
-8.479835935	-122.6557983
-8.722657765	-124.120084
-9.096137498	-125.4121008
-9.502254859	-127.0486555
-9.867476826	-128.5129412
-10.15978903	-129.5465546
-10.58462274	-130.752437
-10.81550652	-131.699916
-11.15930092	-132.647395
-11.58006424	-133.5948739
-11.78260112	-134.1978151
-12.17583037	-134.9730252
-12.60742088	-135.6621008
-12.9270187	-136.1789076
-13.16649275	-136.5234454
-13.48375843	-136.7818487
-13.92944274	-137.2986555
-14.31908614	-137.7293277
-14.82251122	-138.0738655
-15.18086342	-137.6431933
-15.59047832	-137.3847899
-16.03721579	-136.6095798
-16.40379081	-135.0591597
-16.83682894	-134.1978151
-17.2390494	-133.5948739
-17.57478301	-133.1642017
-18.01548967	-132.7335294
-18.40962365	-132.4751261
-18.82920265	-132.2167227
-19.18629863	-132.0444538
-19.55040838	-131.8721849
-19.90148758	-131.3553782
-20.37227044	-131.0969748
-20.58428533	-130.6663025
-20.93727905	-130.4078992
-21.34972193	-129.9772269
-21.81461076	-129.5465546
-22.26826041	-128.9436134
-22.62189249	-128.3406723
-23.04334615	-127.7377311
-23.5108024	-126.7041176
-23.9101662	-125.8427731
-24.29179187	-125.067563
-24.5720749	-121.449916
-24.31030091	-118.0906723
-23.99357961	-115.8511765
-23.63893749	-113.6978151
-23.36152078	-111.7167227
-23.03314731	-109.3910924
-22.66474317	-107.0654622
-22.33270561	-104.7398319
-22.00064427	-102.0696639
-21.67162338	-100.3469748
-21.41334027	-98.2797479
-21.0116983	-96.12638655
-20.62122665	-93.54235294
-20.32584595	-91.13058824
-19.8681118	-89.1494958
-19.59397692	-86.82386555
-19.25065116	-84.41210084
-19.01015232	-82.68941176
-18.71081277	-80.44991597
-18.32616505	-77.86588235
-17.9957359	-75.97092437
-17.67784773	-73.90369748
-17.2989372	-71.31966387
-16.9965745	-69.51084034
-16.67355653	-67.09907563
-16.36078674	-65.2902521
-16.04316525	-63.0507563
-15.8417837	-61.58647059
-15.4807011	-59.5192437
-15.14663613	-57.36588235
-14.92715583	-55.47092437
-14.58494984	-53.57596639
-14.44294195	-52.54235294
-14.14760188	-51.33647059
-14.05171466	-49.87218487
-13.88279442	-48.49403361
-13.63547012	-47.46042017
-13.44964003	-46.34067227
-13.33817351	-45.22092437
-13.18232612	-44.18731092
-12.89074845	-42.5507563
-12.77126966	-41.69802521
-12.5563352	-40.49214286
-12.4031856	-39.40684874
-12.24394916	-38.30432773
-12.12818344	-37.31378151
-11.75329701	-35.25516807
-11.37354317	-32.7744958
-11.17065442	-30.9139916
-10.95642931	-29.78563025
-10.57245856	-27.73563025
-10.27102961	-25.16882353
-9.915437168	-22.85180672
-9.570507054	-20.68983193
-9.273876688	-18.84655462
-9.00770702	-16.69319328
-8.700356873	-14.83268908
-8.370665983	-12.96357143
-8.084398355	-10.72407563
-7.803693941	-9.078907563
-7.391715265	-6.994453782
-7.158092627	-4.996134454
-6.792797482	-2.515462185
-6.589289193	-0.534369748
-6.143784275	1.188319328
-5.838866938	3.686218487
-5.463658913	6.614789916
-5.105436169	8.346092437
-4.809213766	11.24021008
-4.433661443	12.99735294
-4.154230874	15.62445378
-3.889876346	17.56247899
-3.432475962	19.84504202
-3.121435468	22.49109244
-2.671704788	24.86323529
-2.404847647	26.67378151
-2.144428056	28.71516807
-1.766598839	30.42493697
-1.398104172	33.12697479
-1.096445431	35.09945378
-0.731110964	37.08915966
-0.311122456	39.94021008
0.135428812	42.22277311
0.369551225	44.71205882
0.790184429	46.80512605
1.186687983	49.12214286
1.532324963	51.21521008
1.935677571	53.45470588
2.329991009	55.90953782
2.63997664	57.88201681
3.062897023	60.0439916
3.44835316	61.82697479
3.797623284	63.74777311
4.214796911	66.03033613
4.593191065	67.865
4.96724297	69.62214286
5.371079156	71.65491597
5.763719183	73.45512605
6.160596439	75.62571429
6.525976503	77.66710084
6.92642816	79.4242437
7.345950384	81.25029412
7.731271143	83.1452521
8.163245444	84.86794118
8.493748731	86.44420168
8.889931551	88.07214286
9.333336797	89.76037815
9.771248782	91.70701681
10.17626629	93.36941176
10.58196191	95.17823529
11.02338493	96.72865546
11.39857399	98.36521008
11.89570354	99.74336134
12.2077425	101.2076471
12.5999969	102.9303361
13.0117093	104.2223529
13.4385571	105.5143697
13.84309268	106.892521
14.29306627	108.3568067
14.67938183	109.5626891
15.12797208	110.8547059
15.48930973	112.2328571
15.91955173	113.2664706
16.30697663	114.4723529
16.79791229	115.5059664
17.13457944	116.5395798
17.54749471	116.9702521
17.9920809	117.5731933
18.38261551	118.09
18.82785136	119.1236134
19.13863413	119.6404202
19.49348828	120.1572269
19.97806715	120.8463025
20.40417271	121.0185714
20.64288405	120.8463025
21.01323783	121.0185714
21.32562983	121.1047059
21.70779376	120.8463025
21.95852887	120.7601681
22.3532357	120.8463025
22.85921849	120.7601681
23.2456316	120.5878992
23.62487075	120.6740336
24.01149445	120.2433613
24.44516545	119.5542857
24.82429105	118.8652101
25.23048328	118.5206723
25.61780482	117.8315966
25.70869423	114.0416807
25.4344144	111.2853782
25.14682863	108.2706723
24.85520792	106.0311765
24.51375613	103.2748739
24.2414799	101.1215126
23.89267621	98.88201681
23.574296	96.29798319
23.24995657	94.14462185
22.91576473	91.98264706
22.55615782	89.13159664
22.29572453	86.89210084
22.03519405	84.85932773
21.71718537	82.56815126
21.35799076	80.41478992
21.00087036	77.75323529
20.6280057	75.16920168
20.28421134	72.73159664
19.91202898	70.13894958
19.56659636	67.78747899
19.27099121	65.84945378
18.87081278	63.3860084
18.54393649	61.06037815
18.17866524	58.34714286
17.82945279	56.62445378
17.4980767	54.54
17.25451329	52.48138655
16.9863699	50.29357143
16.60413741	48.11436975
16.28920743	45.64231092
15.87331963	43.27361345
15.43329265	40.89630252
15.15837325	38.6912605
14.85495456	36.74462185
14.52874351	34.3242437
14.14739039	32.2742437
13.78673865	29.85817227
13.43694613	27.73237395
13.06487049	25.17848739
12.80823257	22.8907563
12.40235291	20.78735294
12.13091848	18.46689076
11.76394748	15.89147059
11.41161842	13.43663866
10.97351801	11.00764706
10.71445478	9.009327731
10.37045755	6.666470588
9.976462265	4.306386555
9.655470297	2.437268908
9.308764824	0.895462185
9.034810094	-1.111470588
8.728382192	-2.928907563
8.388522883	-4.849705882
8.001689291	-7.364831933
7.761115963	-9.208109244
7.371046547	-11.48205882
7.007844151	-13.74739496
6.658292976	-15.98689076
6.364792849	-18.05411765
6.040174964	-20.07827731
5.742927364	-22.2402521
5.300262971	-24.65201681
4.953554958	-26.88289916
4.640644553	-28.71756303
4.323479917	-30.89676471
3.936572224	-33.08457983
3.691085862	-34.57470588
3.391560053	-36.54718487
3.009658471	-38.64886555
2.665497841	-40.31987395
2.352053381	-42.2837395
2.025318652	-44.44571429
1.640645215	-46.25453782
1.334639751	-47.89109244
1.03996419	-49.87218487
0.623130614	-52.11168067
0.280923466	-54.17890756
-0.031008216	-55.98773109
-0.297965252	-57.88268908
-0.649724891	-59.26084034
-1.040186635	-60.98352941
-1.222864663	-62.62008403
-1.561012725	-64.25663866
-1.83837184	-65.72092437
-2.292255402	-67.70201681
-2.521480493	-69.25243697
-3.022758402	-70.97512605
-3.265269861	-72.52554622
-3.638822251	-74.33436975
-4.051846484	-76.14319328
-4.407989447	-77.69361345
-4.889505686	-79.67470588
-5.266080038	-81.74193277
-5.644416184	-83.29235294
-5.990223209	-85.18731092
-6.291409782	-85.96252101
-6.559883549	-87.42680672
-7.040619988	-88.97722689
-7.393806715	-90.61378151
-7.750100274	-91.99193277
-8.130089145	-93.37008403
-8.48450774	-94.48983193
-8.817417347	-95.95411765
-9.185422921	-97.41840336
-9.588229041	-98.79655462
-10.01593674	-100.1747059
-10.39374942	-101.6389916
-10.79880628	-102.8448739
-11.15654745	-103.8784874
-11.57000621	-105.0843697
-11.92494751	-106.2902521
-12.30446991	-107.41
-12.67474579	-108.5297479
-13.0334116	-109.4772269
-13.43949736	-110.6831092
-13.90493894	-111.6305882
-14.23371263	-112.5780672
-14.60892688	-113.4394118
-14.98777853	-114.1284874
-15.46247862	-115.1621008
-15.79318698	-115.8511765
-16.24338938	-116.5402521
-16.68143299	-117.3154622
-17.07856547	-118.0906723
-17.52656726	-118.4352101
-17.93104944	-119.0381513
-18.40168454	-119.554958
-18.86568051	-119.9856303
-19.31506576	-119.8994958
-19.69253624	-120.3301681
-20.10568246	-120.5885714
-20.59894962	-120.6747059
-21.09948408	-120.8469748
-21.56076029	-120.8469748
-21.96392728	-120.6747059
-22.49990577	-120.7608403
-23.01013542	-120.7608403
-23.34146258	-120.4163025
-23.9905132	-120.0717647
-24.45104448	-119.554958
-24.88193607	-119.3826891
-25.50484554	-118.7797479
-26.16230688	-118.4352101
-26.62179703	-117.8322689
-27.20458624	-115.6789076
-27.41274667	-111.3721849
-27.15930929	-109.2188235
-26.86759146	-107.0654622
-26.45252497	-104.8259664
-26.22350598	-101.9835294
-25.98482728	-100.1747059
-25.63423266	-98.45201681
-25.34574201	-96.72932773
-24.9609671	-94.66210084
-24.62697926	-92.25033613
-24.22965026	-89.83857143
-23.90245661	-87.77134454
-23.59063012	-85.70411765
-23.18669703	-83.46462185
-22.86069034	-81.1389916
-22.48392801	-78.81336134
-22.15331648	-76.66
-21.75546252	-74.33436975
-21.42042158	-72.1810084
-21.01967521	-69.59697479
-20.74488513	-67.70201681
-20.38085815	-65.54865546
-19.99174394	-63.56756303
-19.73558467	-61.41420168
-19.38892815	-59.5192437
-19.04779148	-57.53815126
-18.73833124	-55.38478992
-18.40687918	-53.74823529
-18.20154325	-51.93941176
-17.71987054	-49.87218487
-17.40211259	-47.54655462
-17.07562753	-45.22092437
-16.85207053	-43.84277311
-16.56801125	-42.20621849
-16.24808485	-40.8797479
-16.14007116	-39.45852941
-15.78869829	-37.60663866
-15.58698533	-36.07344538
-15.30589265	-34.42827731
-14.94178147	-32.24907563
-14.61649442	-30.19907563
-14.22218698	-27.89067227
-13.86387931	-26.35747899
-13.47235759	-23.85096639
-13.10122158	-21.75789916
-12.81791799	-19.79403361
-12.56014977	-18.06273109
-12.18525734	-16.57260504
-11.86124982	-14.0402521
-11.4686135	-12.05915966
-11.09065546	-9.647394958
-10.70783861	-7.829957983
-10.36037272	-5.512941176
-9.90846923	-3.428487395
-9.633442939	-1.232058824
-9.309320895	1.12802521
-8.839209994	2.962689076
-8.494005102	5.34
-8.138181699	7.338319328
-7.826450832	9.500294118
-7.396907469	11.82592437
-7.002722012	13.72088235
-6.714836785	16.1412605
-6.285781742	18.13096639
-6.037109663	19.77613445
-5.71890636	21.75894958
-5.238588145	23.72798319
-5.0663208	25.3119958
-4.706647261	27.01142857
-4.306653499	28.86073529
-3.927515043	30.60237395
-3.576504963	32.97193277
-3.346671734	34.84966387
-2.921300419	36.86521008
-2.496302117	38.73432773
-2.121771216	40.61205882
-1.752896893	42.8860084
-1.365728759	44.86710084
-1.005671167	46.68453782
-0.643625202	48.58810924
-0.183981414	50.28495798
0.125419709	52.14546218
0.507988289	54.18684874
0.951584434	55.88369748
1.298387529	57.73558824
1.664303055	59.63054622
2.076174239	61.20680672
2.510012764	63.16205882
2.807669398	64.83306723
3.287415888	66.64189076
3.723726836	68.26121849
4.132765445	70.03558824
4.550075971	71.61184874
5.02179672	73.61878151
5.413073792	75.18642857
5.866034422	76.68516807
6.249411458	78.57151261
6.701097763	80.21668067
7.155765119	81.56037815
7.575773123	83.30029412
7.933774087	84.79042017
8.393848944	85.90155462
8.749990113	87.58978992
9.239311031	88.78705882
9.605786589	90.34609244
10.04544317	91.61226891
10.46105771	92.99042017
10.92829832	94.35134454
11.26456881	95.60890756
11.75025671	96.64252101
12.19924962	97.84840336
12.6155683	98.96815126
13.03796856	100.0017647
13.42918811	101.2937815
13.926219	102.2412605
14.30227574	103.2748739
14.87013123	104.2223529
15.27933708	105.4282353
15.73035264	106.2895798
16.10186389	107.2370588
16.53087048	107.7538655
16.95761444	108.5290756
17.37100205	109.4765546
17.81331305	109.9072269
18.17479086	110.5963025
18.64224923	110.9408403
19.08901924	111.2853782
19.48651505	111.7160504
19.96466383	111.9744538
20.31109148	112.0605882
20.75301094	112.3189916
21.25834558	112.2328571
21.63680167	111.7160504
22.06097026	111.4576471
22.39720572	111.1131092
22.87183946	110.5101681
23.32966923	110.4240336
23.81065225	109.6488235
24.1875955	109.2181513
24.62526504	107.6677311
25.03135634	104.5668908
25.40631373	103.4471429
25.929724	102.7580672
26.32298258	102.327395
26.76285009	101.379916
26.98950351	101.2937815
27.25479492	100.9492437
27.51115485	100.6908403
27.86231094	100.0878992
28.13562529	99.65722689
28.52577816	99.31268908
28.70118554	98.7097479
29.25460574	98.19294118
29.62138213	97.67613445
30.08965685	96.98705882
30.4802806	96.38411765
30.88601386	95.26436975
31.39959917	94.66142857
31.73425598	93.65365546
32.17205969	92.87844538
32.5175687	92.12907563
32.81225725	91.35386555
33.15824383	90.2255042
33.54206524	89.77760504
33.7608291	89.01962185
34.06106312	88.37361345
34.54791713	87.46058824
35.00175876	86.30638655
35.37056412	85.18663866
35.80919625	84.47172269
35.87836227	80.74210084
35.69112162	78.20113445
35.34091938	76.12529412
35.22176729	73.85995798
34.78177956	72.5162605
34.4268572	69.96668067
34.20643219	67.56352941
33.90874332	65.54798319
33.37171552	63.26542017
33.06600879	60.60386555
32.600638	58.51941176
32.34806243	55.78033613
31.78925107	53.85092437
31.63416119	52.00764706
31.46302525	50.65533613
31.19921181	48.94987395
30.87580381	47.49420168
30.44930599	45.53033613
30.22687584	43.22193277
29.81965361	41.18054622
29.40990861	38.50176471
29.07068523	36.21920168
28.6449624	34.22088235
28.33846064	31.80911765
28.03619856	29.89951681
27.77868175	28.51878151
27.5860745	27.12771008
27.21420051	25.05359244
26.88892604	22.77878151
26.59670395	20.82783613
26.2406491	18.95613445
25.92981372	16.94231092
25.61431449	14.9439916
25.24779396	12.65281513
25.09130401	11.35218487
24.79135916	9.879285714
24.54876054	8.337478992
24.24623954	6.494201681
23.92112664	4.65092437
23.63069695	2.60092437
23.37002111	1.24
23.02761638	-0.534369748
22.69026542	-2.610210084
22.43689625	-3.945294118
22.21285612	-5.323445378
21.91433664	-6.977226891
21.53584501	-9.406218487
21.10132558	-11.52512605
20.84341373	-13.47176471
20.42917705	-15.85768908
20.1914001	-17.08941176
19.85641291	-18.9757563
19.39913484	-21.39613445
19.15749737	-23.32554622
18.75876499	-24.84151261
18.39740022	-26.92596639
18.02697576	-29.04487395
17.65229651	-31.0862605
17.26501989	-32.76588235
16.91555659	-34.89340336
16.53414983	-36.42659664
16.25362963	-37.77029412
15.87467376	-39.50159664
15.56110971	-41.28457983
15.15527827	-42.98142857
14.84826195	-44.53184874
14.43018465	-46.25453782
14.08529316	-47.80495798
13.75248285	-49.69991597
13.36930083	-51.16420168
13.01470808	-53.23142857
12.64164729	-54.52344538
12.25507964	-56.33226891
11.8582275	-57.71042017
11.47891717	-59.5192437
11.05649802	-61.24193277
10.76221888	-62.62008403
10.34119904	-63.99823529
10.00241541	-65.80705882
9.643609745	-67.01294118
9.324572163	-68.13268908
9.012882121	-69.68310924
8.646754602	-71.0612605
8.249985905	-72.43941176
7.888764626	-73.64529412
7.559615386	-75.28184874
7.154689464	-76.48773109
6.715012548	-78.03815126
6.325689589	-79.76084034
5.980816236	-80.88058824
5.514466913	-82.34487395
5.18349822	-83.72302521
4.777985431	-85.01504202
4.336101661	-86.22092437
3.923032768	-87.85747899
3.519600381	-89.40789916
3.156335823	-90.44151261
2.756811611	-91.47512605
2.406160584	-92.76714286
2.002699086	-93.97302521
1.582833301	-95.26504202
1.273652723	-96.29865546
0.904422003	-97.33226891
0.462049287	-98.36588235
0.082031528	-99.57176471
-0.272083023	-100.6053782
-0.712205957	-101.2083193
-0.958503397	-102.2419328
-1.464936677	-103.2755462
-1.869867393	-104.3952941
-2.102811486	-105.0843697
-2.512669692	-105.9457143
-2.966276235	-106.8070588
-3.360994114	-107.4961345
-3.773591982	-108.5297479
-4.259501203	-109.2188235
-4.597639333	-109.9078992
-5.014862023	-110.4247059
-5.52331567	-111.199916
-6.501577157	-112.5780672
-6.9601278	-113.1810084
-7.379390512	-113.4394118
-7.812140067	-114.0423529
-8.295275837	-114.3007563
-8.815494547	-114.7314286
-9.195433337	-114.9898319
-9.736598316	-115.0759664
-10.15341524	-115.2482353
-10.62263186	-115.2482353
-11.14404784	-115.3343697
-11.51938074	-115.4205042
-12.02840433	-115.1621008
-12.49740141	-115.0759664
-12.91396924	-115.1621008
-13.44595657	-114.9036975
-13.8409992	-114.6452941
-14.41122143	-114.3868908
-15.2179281	-114.0423529
-15.76623068	-113.7839496
-16.19968318	-112.4057983
-16.6909444	-111.0276471
-17.09360337	-110.4247059
-17.52730102	-109.4772269
-18.06180979	-109.0465546
-18.41197321	-108.0990756
-18.84793118	-107.4961345
-19.34204895	-106.8070588
-19.79452425	-106.0318487
-20.27877498	-105.2566387
-20.68533466	-104.6536975
-21.0240879	-103.7923529
-21.52177741	-103.1032773
-22.00984207	-102.4142017
-22.39470755	-101.4667227
-22.81365358	-100.8637815
-23.29548609	-100.2608403
-23.84962507	-99.48563025
-24.24398406	-98.79655462
-24.68383574	-98.02134454
-25.08589707	-97.41840336
-25.48478297	-96.55705882
-25.89100632	-95.35117647
-26.29033201	-94.57596639
-26.70401368	-93.62848739
-27.03043034	-93.02554622
-27.32408555	-91.90579832
-27.85023608	-90.87218487
-28.32924987	-89.83857143
-28.77231025	-88.97722689
-29.11777395	-87.59907563
-29.46738243	-87.08226891
-29.83386662	-85.87638655
-30.29403828	-85.01504202
-30.69136438	-84.41210084
-31.20096914	-83.29235294
-31.61646881	-82.94781513
-31.84894799	-82.17260504
-32.26532426	-81.91420168
-32.75217827	-81.05285714
-33.19279406	-79.76084034
-33.52687031	-79.33016807
-33.90456328	-78.55495798
-34.26328335	-77.7797479
-34.61130034	-77.00453782
-35.00704686	-76.48773109
-35.37004794	-75.71252101
-35.82172579	-74.85117647
-36.09286822	-74.4205042
-36.36751524	-73.73142857
-36.67126577	-73.73142857
-36.85895437	-73.04235294
-36.96117664	-69.33857143
-36.8276382	-66.84067227
-36.67202257	-64.77344538
-36.26786075	-63.39529412
-35.91700733	-61.41420168
-35.7303816	-59.17470588
-35.28639315	-57.53815126
-35.03155505	-54.86798319
-34.75524402	-52.88689076
-34.35358348	-51.07806723
-33.88016307	-48.58016807
-33.54224041	-46.51294118
-33.2216445	-44.61798319
-32.7775411	-42.37848739
-32.50188124	-40.33710084
-32.32288913	-39.13121849
-31.80000763	-36.67638655
-31.50591044	-34.48857143
-31.17222402	-32.86063025
-30.76028062	-30.83647059
-30.36781263	-29.0362605
-30.06774629	-26.92596639
-29.59137586	-24.71231092
-29.20169848	-22.18857143
-28.77245725	-20.76735294
-28.48893524	-18.27806723
-28.09408945	-16.35726891
-27.76810197	-14.63457983
-27.39105488	-12.4639916
-27.03092185	-10.50012605
-26.60615078	-8.56210084
-26.25511501	-6.701596639
-25.92724385	-4.754957983
-25.62049188	-3.006428571
-25.18647756	-1.171764706
-24.83809132	0.878235294
-24.50432074	2.402815126
-24.1193129	4.297773109
-23.76073892	5.813739496
-23.41671656	7.734537815
-22.92741466	9.99987395
-22.47362869	12.49777311
-22.14339374	13.99651261
-21.79615111	15.71920168
-21.36672113	17.76920168
-20.97927726	19.55218487
-20.61185796	21.06212185
-20.22976746	22.65044118
-19.87544722	24.53420168
-19.5479529	25.84
-19.1160056	27.09497899
-18.77645895	29.13292017
-18.34944685	30.43613445
-17.92816971	32.15451681
-17.73182099	33.41983193
-17.39765475	35.08222689
-17.00548036	36.39147059
-16.68620958	37.82130252
-16.24336911	39.72487395
-15.78075407	41.12886555
-15.36614135	42.65344538
-14.97339898	44.13495798
-14.57622129	45.56478992
-14.13955399	47.00323529
-13.77427231	48.65701681
-13.30349137	49.65617647
-12.93791733	50.93957983
-12.60801857	52.04210084
-12.25479948	53.12739496
-11.71845973	54.62613445
-11.36561469	56.12487395
-10.91226731	57.15848739
-10.45155162	58.76920168
-10.06428534	59.44966387
-9.637921374	60.41436975
-9.229755478	61.88726891
-8.803292774	62.71415966
-8.345076597	63.60995798
-7.956017184	64.45407563
-7.500123319	65.38432773
-7.022611227	66.25428571
-6.584447871	67.19315126
-6.01679227	67.83915966
-5.640838583	68.3387395
-5.188351415	69.22592437
-4.780342239	69.66521008
-4.246233632	69.90638655
-3.881194761	70.52655462
-3.49103427	70.94861345
-3.026256173	71.00890756
-2.469241733	71.16394958
-2.198393131	71.35344538
-1.742462284	71.45680672
-1.291475111	71.95638655
-0.809825819	71.73243697
-0.257783071	71.82718487
0.316880586	71.78411765
0.728428382	71.76689076
1.232296928	71.45680672
1.771853446	71.49987395
2.201213276	71.3189916
2.677347507	71.00029412
3.208638863	70.91415966
3.719549328	70.57823529
4.103287205	70.28537815
4.562111039	70.1992437
5.084755726	70.12172269
5.578692123	69.58768908
6.076891319	69.50155462
6.585732849	68.95890756
7.062683199	68.53684874
7.49369379	68.08894958
7.954477951	67.91668067
8.45279659	67.50323529
8.933061768	66.96920168
9.434279611	66.65911765
9.886787996	66.25428571
10.27031184	65.78915966
10.76990484	65.41016807
11.26259875	64.74693277
11.75907014	64.29042017
12.14863629	63.81668067
12.67549905	63.28264706
13.19329645	62.71415966
13.6574258	62.30932773
14.07575453	61.82697479
14.60064428	61.20680672
15.09809083	60.89672269
15.66170005	60.18180672
16.11074521	59.38936975
16.64209106	58.90701681
16.98843579	58.50218487
17.54262269	57.7097479
18.01460825	57.09819328
18.46397896	56.60722689
18.91593694	55.72004202
19.41595012	55.34966387
19.85904345	54.28159664
20.35110033	54.00596639
20.75507073	53.0412605
21.19503833	52.57613445
21.66152371	51.80953782
22.15570818	51.14630252
22.64886106	50.24189076
23.09941905	49.78537815
23.53322196	48.99294118
24.0211186	48.04546218
24.47081415	47.34777311
24.97007689	46.61563025
25.36612438	45.42697479
25.78540828	45.06521008
26.24254243	43.44588235
26.73171618	40.68957983
27.10047623	39.64735294
27.36627334	38.75155462
27.83022031	37.23558824
28.26079755	36.26226891
28.62300217	34.77214286
29.05793767	33.79021008
29.13447851	30.40512605
29.56506245	29.48607143
29.85061792	27.91497899
30.24373773	27.07516807
30.71597041	23.99327731
31.01783074	23.79344538
31.37771419	24.18794118
31.73676128	24.55487395
31.96472877	24.57468487
32.44703106	25.14661765
32.84940123	25.01741597
33.27463172	24.77451681
33.64830248	24.55745798
33.86508268	24.19397059
34.35657525	23.78569328
34.69382237	21.9760084
34.91112018	21.51863445
35.20201863	20.6994958
35.55207272	19.88638655
35.9549939	19.00178571
36.35192619	16.66668067
36.544105	14.11710084
36.27807435	11.37802521
36.05870318	9.121302521
35.70658385	7.200504202
35.46189927	5.279705882
35.19286671	3.591470588
34.74189199	1.903235294
34.45934062	-0.155378151
34.17554718	-0.784159664
34.20954661	-0.370714286
34.20904235	-0.689411765
34.28088617	-1.49907563
34.30450955	-1.705798319
34.39152805	-1.981428571
34.57913509	-2.575756303
34.65639389	-2.868613445
34.65992517	-3.230378151
34.76394483	-3.816092437
34.82441454	-4.083109244
34.96048335	-4.255378151
35.16223128	-4.642983193
35.06204846	-5.030588235
34.89418357	-8.363991597
34.5943975	-11.09445378
34.37675263	-13.48037815
34.03227597	-16.09886555
33.76309286	-18.49340336
33.44707016	-20.50894958
33.11044823	-22.55033613
32.63719459	-25.34109244
32.26221352	-27.54613445
31.95125351	-29.54445378
31.62496377	-31.45663866
31.44377593	-33.15348739
31.12201266	-34.54886555
30.63206485	-36.37491597
30.34499893	-38.33878151
30.11148686	-40.2337395
29.7659535	-42.22344538
29.22217154	-44.35957983
28.71391898	-46.59907563
28.31412734	-48.1494958
28.04341809	-49.78605042
27.60606306	-51.5087395
27.27416704	-53.05915966
26.84975688	-54.78184874
26.52968377	-56.07386555
26.05443912	-57.71042017
25.57472933	-59.17470588
25.12375844	-60.46672269
24.70468971	-61.67260504
24.29896688	-62.79235294
23.81586459	-64.68731092
23.13282737	-65.97932773
22.55468281	-67.27134454
21.8444575	-68.90789916
21.19056774	-69.85537815
20.44313726	-70.97512605
19.61095144	-71.66420168
18.91197958	-72.61168067
18.0735298	-73.21462185
17.25164781	-73.55915966
16.42968342	-74.07596639
15.26647746	-74.24823529
14.2667938	-74.67890756
13.3740231	-74.59277311
12.44590369	-74.50663866
11.61387517	-74.16210084
10.63163572	-74.07596639
9.61592236	-73.64529412
8.72169192	-73.04235294
7.646991241	-72.35327731
6.640138098	-71.57806723
5.559555012	-70.45831933
4.259991042	-69.51084034
3.265398631	-68.21882353
2.209293896	-67.18521008
1.027415516	-65.72092437
-0.065226065	-64.1705042
-1.357191437	-61.9310084
-2.57802962	-60.03605042
-3.90621175	-57.19361345
-5.362037802	-54.52344538
-6.572288212	-51.76714286
-7.835256801	-46.94361345
-8.550183205	-43.84277311
-9.311335414	-41.08647059
-9.88419453	-38.0889916
-10.40003373	-36.04760504
-10.76607303	-33.80810924
-11.30563208	-31.3705042
-11.68207374	-29.43247899
-12.08999308	-27.37386555
-12.55108335	-25.26357143
-13.02827805	-23.91987395
-13.41974583	-21.4994958
-13.9190109	-19.95768908
-14.44710778	-18.76903361
-14.87438041	-17.42533613
-15.4799691	-15.60789916
-16.29826617	-12.42092437
-17.33070755	-8.234789916
-18.29359927	-4.832478992
-19.41433412	-0.207058824
-20.52606192	5.753445378
