Takemura and Kawashima #3																			
837																			
0.000	-1.31																		
2.895	72.19																		
3.145	72.07																		
3.295	78.65																		
3.844	85.96																		
4.393	91.57																		
4.892	98.28																		
5.292	102.95																		
6.090	111.93																		
6.190	106.54																		
6.889	117.80																		
7.388	125.46																		
7.837	127.85																		
8.287	130.24																		
8.836	133.00																		
9.185	134.56																		
9.884	137.31																		
10.583	141.38																		
11.282	142.81																		
11.482	142.81																		
11.931	142.70																		
13.079	144.26																		
13.428	144.85																		
14.177	146.40																		
14.577	147.85																		
15.076	149.04																		
15.725	148.80																		
16.124	149.28																		
16.623	150.24																		
17.172	150.24																		
17.372	145.32																		
18.920	144.85																		
18.770	140.30																		
18.221	127.73																		
18.021	121.15																		
17.322	112.77																		
16.873	104.03																		
16.474	97.57																		
15.924	88.23																		
15.575	81.76																		
14.876	71.23																		
14.477	65.72																		
13.778	57.34																		
13.428	52.07																		
12.730	44.77																		
12.380	37.82																		
12.031	31.24																		
11.581	25.02																		
10.982	15.80																		
10.433	10.41																		
9.884	3.35																		
9.485	-2.04																		
9.185	-6.23																		
8.686	-12.09																		
8.087	-18.67																		
7.738	-22.87																		
7.039	-28.85																		
6.689	-32.32																		
6.340	-36.39																		
5.841	-39.50																		
5.242	-45.01																		
4.742	-48.12																		
4.193	-50.40																		
3.894	-53.63																		
3.295	-55.78																		
2.796	-59.02																		
2.246	-61.53																		
1.747	-64.65																		
1.248	-67.64																		
0.649	-69.43																		
0.300	-72.30																		
-0.399	-74.81																		
-0.799	-78.29																		
-1.348	-80.92																		
-1.847	-84.28																		
-2.346	-87.15																		
-2.945	-91.82																		
-3.395	-94.58																		
-3.994	-98.05																		
-4.493	-103.07																		
-5.042	-105.94																		
-5.641	-108.33																		
-6.090	-100.56																		
-6.839	-113.25																		
-7.338	-115.64																		
-7.538	-116.72																		
-8.237	-118.63																		
-8.636	-120.91																		
-9.135	-123.18																		
-9.684	-125.09																		
-10.383	-127.97																		
-10.733	-129.05																		
-11.132	-130.60																		
-11.831	-132.76																		
-12.180	-121.50																		
-12.530	-128.09																		
-12.879	-128.09																		
-13.229	-135.39																		
-13.778	-136.35																		
-14.327	-137.43																		
-15.026	-138.38																		
-15.375	-139.58																		
-15.875	-140.54																		
-16.424	-141.85																		
-16.973	-142.81																		
-17.871	-144.37																		
-18.221	-145.21																		
-18.021	-132.04																		
-17.522	-119.71																		
-17.172	-114.21																		
-16.823	-106.19																		
-16.224	-98.52																		
-15.725	-90.51																		
-15.226	-83.43																		
-14.676	-75.30																		
-14.127	-68.35																		
-13.628	-61.29																		
-13.129	-53.87																		
-12.530	-44.17																		
-12.180	-39.27																		
-11.581	-32.08																		
-11.082	-26.10																		
-10.533	-19.63																		
-10.034	-13.41																		
-9.684	-9.10																		
-8.986	-2.16																		
-8.586	1.56																		
-8.237	4.07																		
-7.738	9.22																		
-7.188	13.17																		
-6.490	17.72																		
-6.290	20.47																		
-5.741	22.87																		
-5.192	27.29																		
-4.593	30.53																		
-3.994	34.12																		
-3.644	35.79																		
-3.045	39.02																		
-2.396	42.14																		
-1.997	45.25																		
-1.498	47.04																		
-1.048	50.04																		
-0.399	52.19																		
0.100	55.54																		
1.498	60.46																		
2.246	65.24																		
2.796	67.64																		
3.145	69.43																		
4.193	74.70																		
5.292	78.77																		
6.340	84.28																		
7.188	88.35																		
8.137	93.37																		
9.185	98.40																		
10.433	105.23																		
11.282	109.18																		
12.230	114.81																		
13.428	121.87																		
14.527	125.94																		
15.425	129.89																		
16.474	133.60																		
17.622	136.95																		
18.371	137.31																		
19.319	140.54																		
20.317	142.10																		
21.416	143.89																		
22.314	146.05																		
23.363	147.36																		
24.611	148.80																		
25.859	149.88																		
26.557	149.39																		
27.606	149.99																		
28.704	150.36																		
29.752	150.36																		
30.801	151.20																		
31.849	151.80																		
32.897	151.67																		
33.846	152.03																		
34.894	152.51																		
35.793	153.11																		
36.991	152.87																		
36.142	123.90																		
35.044	107.27																		
34.195	93.37																		
33.297	79.85																		
32.248	67.52																		
31.150	55.66																		
30.102	43.22																		
29.253	33.52																		
28.155	21.79																		
27.256	11.61																		
26.308	3.47																		
25.309	-3.59																		
24.461	-10.05																		
23.363	-16.64																		
22.314	-21.06																		
21.366	-26.46																		
20.517	-30.05																		
19.469	-34.12																		
18.420	-38.90																		
17.322	-42.97																		
16.474	-46.33																		
15.176	-49.92																		
14.477	-52.92																		
13.428	-55.78																		
12.380	-58.90																		
11.332	-62.37																		
10.234	-65.00																		
9.185	-67.52																		
8.237	-69.91																		
7.388	-72.54																		
6.190	-74.94																		
5.092	-77.57																		
4.193	-78.88																		
3.095	-81.29																		
2.246	-83.32																		
1.348	-85.59																		
0.300	-86.91																		
-1.148	-89.90																		
-1.947	-91.10																		
-2.895	-93.25																		
-3.994	-95.64																		
-5.142	-97.32																		
-6.190	-98.76																		
-7.188	-100.92																		
-8.436	-104.03																		
-9.335	-104.99																		
-10.383	-106.67																		
-11.432	-107.74																		
-12.530	-109.53																		
-13.628	-111.09																		
-14.676	-114.21																		
-15.725	-116.24																		
-16.823	-118.88																		
-17.722	-120.55																		
-18.720	-123.18																		
-19.968	-125.57																		
-20.867	-127.97																		
-21.815	-130.12																		
-23.013	-131.68																		
-23.962	-133.00																		
-24.960	-134.79																		
-26.058	-135.75																		
-27.107	-137.19																		
-28.155	-138.51																		
-29.253	-140.78																		
-30.301	-142.58																		
-31.000	-140.66																		
-32.049	-144.73																		
-33.147	-146.17																		
-34.195	-146.52																		
-35.293	-147.73																		
-36.342	-148.44																		
-35.293	-117.20																		
-34.395	-103.55																		
-33.347	-90.14																		
-32.298	-76.26																		
-31.350	-63.09																		
-30.451	-51.59																		
-29.403	-39.98																		
-28.504	-29.57																		
-27.256	-18.92																		
-26.408	-10.78																		
-25.359	-1.68																		
-23.762	7.54																		
-22.863	11.25																		
-21.565	15.93																		
-20.667	20.23																		
-19.619	23.70																		
-18.570	28.25																		
-17.522	31.96																		
-16.573	35.43																		
-15.375	40.10																		
-14.327	44.05																		
-13.428	46.69																		
-12.480	50.04																		
-11.082	53.27																		
-10.383	56.51																		
-9.235	59.86																		
-8.237	62.13																		
-6.989	65.24																		
-5.940	68.00																		
-5.042	69.67																		
-3.894	71.71																		
-2.845	74.10																		
-1.847	76.49																		
-0.799	78.41																		
0.300	80.21																		
1.548	82.12																		
2.446	84.76																		
3.494	85.96																		
4.543	87.27																		
5.441	88.47																		
6.540	91.10																		
7.638	92.42																		
8.636	94.45																		
9.684	96.12																		
10.583	96.84																		
11.631	98.52																		
12.730	100.19																		
13.778	101.39																		
15.026	103.55																		
16.124	105.46																		
16.823	105.82																		
17.871	107.98																		
18.770	109.53																		
19.818	111.09																		
20.916	113.36																		
21.815	114.68																		
22.863	116.47																		
23.912	119.23																		
24.960	120.55																		
25.958	122.47																		
27.057	124.26																		
28.305	127.02																		
29.053	127.61																		
30.102	128.93																		
31.150	130.97																		
32.099	132.40																		
33.047	133.71																		
34.045	134.91																		
35.094	136.83																		
36.142	138.15																		
37.190	139.11																		
38.089	141.14																		
39.237	142.93																		
40.086	143.89																		
41.034	144.37																		
41.833	145.57																		
43.081	147.25																		
43.780	140.78																		
44.828	148.68																		
45.677	148.68																		
46.775	148.80																		
47.823	150.12																		
49.071	150.84																		
50.319	148.92																		
51.268	151.91																		
52.266	151.80																		
53.215	151.80																		
54.463	152.27																		
55.661	152.03																		
54.263	121.02																		
53.714	112.17																		
52.166	95.41																		
51.418	86.55																		
50.669	75.89																		
49.321	66.08																		
48.223	53.51																		
47.174	42.62																		
46.326	33.04																		
45.377	24.30																		
44.279	15.93																		
43.430	8.14																		
42.532	1.08																		
41.833	-2.64																		
40.735	-7.06																		
39.886	-10.30																		
38.988	-13.29																		
37.889	-16.04																		
36.841	-18.44																		
35.992	-22.03																		
35.094	-24.18																		
33.996	-28.37																		
32.947	-31.01																		
31.999	-34.35																		
31.150	-36.63																		
29.752	-40.83																		
28.704	-43.22																		
27.955	-45.61																		
26.907	-47.77																		
25.859	-50.40																		
24.760	-53.63																		
23.712	-55.91																		
22.614	-57.70																		
21.765	-59.86																		
20.867	-61.06																		
19.818	-63.80																		
18.770	-65.84																		
17.672	-67.52																		
16.623	-69.55																		
15.775	-70.75																		
14.676	-72.19																		
13.628	-73.98																		
12.730	-74.46																		
11.631	-76.01																		
10.583	-76.74																		
9.535	-77.34																		
8.486	-78.17																		
7.388	-79.48																		
6.340	-79.96																		
5.591	-81.04																		
4.543	-82.00																		
3.494	-82.60																		
2.396	-83.32																		
1.498	-83.43																		
0.300	-84.51																		
-0.599	-84.63																		
-1.847	-85.96																		
-2.696	-87.50																		
-3.594	-88.23																		
-5.042	-89.66																		
-6.140	-90.51																		
-7.188	-91.57																		
-8.087	-92.17																		
-9.135	-93.02																		
-10.184	-94.21																		
-11.082	-95.41																		
-12.230	-96.49																		
-13.578	-97.68																		
-14.327	-99.00																		
-14.776	-99.00																		
-15.525	-99.84																		
-16.623	-101.99																		
-17.672	-103.31																		
-18.570	-104.15																		
-19.818	-105.71																		
-20.717	-106.54																		
-21.765	-107.50																		
-22.664	-108.81																		
-23.712	-109.41																		
-24.611	-110.85																		
-25.659	-112.05																		
-26.757	-113.00																		
-28.005	-114.08																		
-28.854	-114.68																		
-29.952	-115.16																		
-31.000	-116.95																		
-32.099	-117.43																		
-32.947	-118.03																		
-33.996	-118.99																		
-35.094	-119.95																		
-36.142	-120.07																		
-37.190	-121.39																		
-38.089	-121.62																		
-39.137	-122.47																		
-40.236	-122.95																		
-41.334	-123.78																		
-42.382	-124.02																		
-43.281	-117.92																		
-44.329	-125.57																		
-45.577	-125.69																		
-46.625	-126.65																		
-47.724	-127.25																		
-48.073	-127.25																		
-48.772	-127.37																		
-49.770	-125.46																		
-50.918	-128.33																		
-51.917	-129.05																		
-52.865	-129.16																		
-53.764	-129.89																		
-55.162	-130.24																		
-54.113	-101.99																		
-53.165	-89.78																		
-51.817	-76.14																		
-50.918	-66.56																		
-49.670	-53.15																		
-48.822	-45.73																		
-47.873	-36.51																		
-46.625	-27.54																		
-45.777	-18.55																		
-44.878	-12.21																		
-43.780	-4.79																		
-42.732	0.12																		
-41.833	4.79																		
-40.934	9.34																		
-39.886	13.05																		
-38.938	15.20																		
-37.740	17.59																		
-36.891	19.75																		
-35.843	21.91																		
-34.894	23.94																		
-33.796	26.58																		
-32.797	28.73																		
-31.699	31.48																		
-30.851	32.80																		
-29.952	35.08																		
-28.854	37.71																		
-27.656	39.50																		
-26.757	42.14																		
-25.709	43.45																		
-24.660	45.49																		
-23.862	47.77																		
-22.664	49.32																		
-21.815	50.40																		
-20.567	52.79																		
-19.519	54.58																		
-18.570	55.91																		
-17.522	57.22																		
-16.424	59.02																		
-15.375	60.58																		
-14.427	60.93																		
-13.379	62.85																		
-12.330	64.16																		
-11.082	65.48																		
-10.034	66.68																		
-9.135	67.75																		
-8.037	68.95																		
-6.989	69.43																		
-5.891	70.75																		
-4.842	71.82																		
-3.644	73.27																		
-2.546	73.62																		
-1.697	74.94																		
-0.399	75.89																		
0.649	76.85																		
2.596	78.29																		
4.792	80.56																		
6.739	81.41																		
8.836	83.68																		
10.833	85.96																		
12.929	87.50																		
14.876	89.30																		
17.123	90.86																		
18.970	92.90																		
21.066	95.64																		
23.013	97.09																		
25.160	99.84																		
27.506	102.71																		
29.403	104.63																		
31.549	107.62																		
33.297	110.01																		
35.443	112.77																		
37.340	116.36																		
39.337	119.35																		
41.134	122.70																		
43.231	125.94																		
45.028	128.33																		
47.224	132.04																		
49.271	134.31																		
51.418	135.99																		
53.564	137.31																		
55.711	139.23																		
57.857	140.90																		
59.954	143.05																		
61.951	143.29																		
62.799	137.67																		
63.748	144.01																		
65.645	144.85																		
67.941	146.17																		
69.738	146.52																		
71.685	146.52																		
74.181	147.12																		
71.985	107.14																		
69.938	83.80																		
67.642	60.81																		
65.994	45.25																		
63.898	28.14																		
62.250	16.04																		
60.353	4.55																		
58.556	-3.83																		
56.410	-9.22																		
54.612	-11.73																		
52.116	-14.12																		
50.020	-16.76																		
47.873	-19.40																		
45.827	-22.27																		
43.930	-25.86																		
42.182	-29.09																		
40.086	-32.80																		
37.939	-35.55																		
37.590	-35.55																		
36.192	-39.15																		
34.045	-42.26																		
33.646	-42.26																		
32.248	-45.13																		
29.952	-48.48																		
28.005	-51.11																		
25.859	-53.75																		
23.912	-56.03																		
21.965	-57.70																		
19.818	-60.93																		
17.921	-62.49																		
15.924	-64.28																		
13.828	-65.00																		
11.681	-66.32																		
9.535	-67.27																		
7.788	-68.83																		
5.641	-69.20																		
3.494	-70.27																		
1.697	-70.63																		
-0.399	-71.71																		
-2.546	-72.42																		
-4.692	-73.75																		
-6.839	-74.10																		
-8.986	-75.30																		
-11.282	-75.89																		
-13.229	-76.49																		
-15.725	-77.45																		
-17.472	-78.77																		
-19.269	-80.56																		
-21.416	-82.00																		
-23.512	-83.92																		
-25.709	-86.07																		
-27.805	-87.39																		
-29.952	-89.30																		
-31.749	-90.14																		
-33.846	-91.94																		
-35.843	-93.98																		
-38.089	-95.41																		
-39.886	-96.84																		
-42.033	-98.76																		
-44.129	-99.24																		
-46.326	-101.16																		
-48.422	-102.71																		
-50.519	-104.26																		
-52.716	-105.46																		
-54.812	-105.94																		
-56.959	-106.54																		
-59.255	-107.74																		
-59.804	-107.74																		
-61.202	-108.93																		
-63.099	-108.22																		
-65.495	-111.21																		
-67.642	-112.53																		
-69.738	-110.97																		
-71.885	-114.68																		
-74.131	-116.00																		
-72.035	-75.06																		
-69.838	-53.87																		
-67.791	-35.55																		
-65.645	-19.27																		
-63.548	-6.11																		
-61.551	2.28																		
-59.555	11.25																		
-57.458	16.99																		
-55.511	20.11																		
-53.315	22.62																		
-51.468	24.42																		
-49.121	26.94																		
-47.274	28.73																		
-45.228	30.17																		
-43.081	32.08																		
-40.934	34.24																		
-38.838	36.16																		
-36.941	37.23																		
-34.944	38.67																		
-32.748	39.98																		
-30.651	41.89																		
-28.704	43.10																		
-26.757	44.17																		
-24.461	45.01																		
-22.664	46.44																		
-20.617	47.41																		
-18.570	48.00																		
-16.424	48.72																		
-14.327	49.32																		
-12.180	49.68																		
-10.034	50.76																		
-8.037	50.28																		
-5.741	50.64																		
-3.494	51.36																		
-1.398	51.11																		
0.998	51.11																		
2.945	51.84																		
4.942	52.55																		
6.839	52.07																		
8.986	52.07																		
11.132	52.44																		
13.079	53.03																		
15.226	53.75																		
17.172	53.87																		
19.269	54.71																		
21.266	54.71																		
23.363	55.66																		
25.659	55.66																		
27.656	56.39																		
29.603	57.34																		
31.649	57.34																		
33.646	58.18																		
35.643	59.02																		
37.640	60.21																		
39.686	60.69																		
41.583	61.41																		
43.430	62.49																		
45.377	62.97																		
47.724	61.65																		
49.670	62.13																		
51.817	62.01																		
54.113	61.77																		
56.160	62.97																		
58.007	63.57																		
60.353	63.80																		
62.100	63.93																		
64.247	63.93																		
66.044	63.93																		
67.941	63.57																		
70.138	63.20																		
72.184	55.66																		
74.181	57.70																		
76.128	57.34																		
78.125	57.10																		
80.371	56.51																		
82.218	56.99																		
84.315	56.14																		
85.962	55.31																		
87.709	55.43																		
89.656	46.57																		
91.453	46.69																		
89.457	22.99																		
87.859	10.53																		
86.112	1.31																		
84.515	-5.03																		
82.368	-10.78																		
80.571	-15.08																		
78.474	-15.93																		
76.677	-16.88																		
74.930	-18.55																		
72.584	-19.15																		
70.637	-20.11																		
68.640	-21.06																		
66.344	-22.27																		
66.044	-22.27																		
64.596	-22.51																		
62.799	-22.62																		
60.703	-23.70																		
58.906	-24.42																		
56.759	-24.18																		
54.662	-25.13																		
52.466	-25.26																		
50.319	-25.38																		
48.073	-25.74																		
45.876	-25.98																		
44.279	-26.81																		
42.282	-26.58																		
40.385	-27.17																		
38.289	-27.77																		
36.142	-27.77																		
34.345	-28.37																		
32.348	-28.73																		
30.351	-28.97																		
28.005	-29.33																		
26.208	-29.45																		
23.912	-30.17																		
23.363	-30.17																		
21.965	-30.65																		
19.968	-31.24																		
17.871	-31.61																		
15.924	-32.08																		
13.828	-32.32																		
11.681	-32.69																		
9.535	-33.28																		
7.588	-33.40																		
5.292	-34.24																		
3.494	-34.24																		
1.198	-34.72																		
-0.799	-34.83																		
-3.095	-35.43																		
-5.042	-35.91																		
-7.188	-36.16																		
-9.285	-36.51																		
-11.631	-36.87																		
-13.778	-36.99																		
-15.725	-37.23																		
-17.871	-38.07																		
-19.768	-37.95																		
-22.164	-38.67																		
-24.261	-39.15																		
-26.158	-39.38																		
-28.355	-40.10																		
-28.854	-40.10																		
-30.301	-40.10																		
-32.298	-40.70																		
-34.395	-41.18																		
-36.691	-41.42																		
-38.538	-41.89																		
-40.585	-42.62																		
-42.732	-43.22																		
-45.028	-43.57																		
-47.374	-43.57																		
-49.121	-45.01																		
-51.617	-45.73																		
-53.564	-47.41																		
-55.910	-50.28																		
-57.857	-52.55																		
-59.804	-52.55																		
-61.951	-53.39																		
-64.097	-54.83																		
-66.194	-54.95																		
-68.440	-55.78																		
-70.587	-57.70																		
-72.584	-58.90																		
-75.080	-59.02																		
-77.226	-58.78																		
-79.373	-60.10																		
-81.869	-59.98																		
-83.666	-61.53																		
-85.812	-62.49																		
-88.259	-63.09																		
-90.205	-63.68																		
-92.502	-64.53																		
-94.848	-65.24																		
-92.552	-34.24																		
-90.255	-21.43																		
-88.259	-12.57																		
-86.162	-5.38																		
-83.816	-1.08																		
-82.019	2.64																		
-79.523	5.03																		
-77.226	7.18																		
-75.229	8.62																		
-73.133	10.41																		
-70.986	11.61																		
-68.840	14.00																		
-66.743	16.52																		
-64.447	18.80																		
-62.250	21.43																		
-60.154	24.07																		
-58.007	26.58																		
-55.910	28.25																		
-53.764	29.45																		
-51.817	30.28																		
-49.521	30.88																		
-47.224	30.28																		
-45.228	30.76																		
-43.231	30.41																		
-41.084	29.93																		
-38.838	30.41																		
-36.691	30.88																		
-34.944	30.41																		
-32.797	30.17																		
-30.651	30.28																		
-28.654	29.93																		
-26.607	29.81																		
-24.461	29.93																		
-22.464	29.68																		
-20.517	29.57																		
-18.420	29.45																		
-16.274	29.09																		
-14.127	29.09																		
-11.831	28.73																		
-9.884	28.49																		
-7.738	28.73																		
-5.741	28.49																		
-3.644	28.61																		
-1.498	27.77																		
0.799	28.37																		
