"""Thompson and Wallace, 1994, B3"""	
787	
-0.32258	-11.22642016
-0.381	-12.50261476
-0.4318	-14.0230167
-0.47752	-15.81520494
-0.5588	-17.47127762
-0.60198	-18.8012957
-0.60198	-17.98682644
-0.57404	-16.08654642
-0.51054	-13.88734596
-0.45212	-11.71527965
-0.40894	-10.27628015
-0.33528	-8.294597699
-0.27178	-6.801329909
-0.22352	-4.54786115
-0.1524	-2.049740237
-0.08128	-0.339399262
-0.0762	-0.013789485
-0.10922	-1.886935348
-0.14478	-3.515873878
-0.20828	-5.742208489
-0.31242	-7.452549463
-0.31242	-9.16333526
-0.32004	-9.380408445
-0.37592	-9.896402081
-0.33782	-9.543213333
-0.4064	-11.38966987
-0.49276	-14.10441915
-0.508	-15.32634546
-0.56388	-17.7426191
-0.635	-18.66562496
-0.59436	-16.49355865
-0.51054	-14.51187619
-0.46228	-12.93720596
-0.41148	-10.92794453
-0.35306	-8.783012365
-0.29718	-7.289744575
-0.25654	-5.335196267
-0.18288	-2.864209502
-0.11684	-1.045331935
-0.07112	0.095191929
-0.1143	-0.529338299
-0.127	-2.294392392
-0.1778	-4.438879736
-0.25146	-6.231067977
-0.29464	-7.887140655
-0.31496	-9.326140149
-0.40386	-11.90521868
-0.60706	-17.28089376
-0.70866	-21.27228247
-0.87122	-25.75208584
-1.04902	-29.0099629
-1.12776	-29.87870046
-0.95504	-23.87849515
-0.82042	-19.72474638
-0.6858	-14.70181523
-0.51054	-9.842133785
-0.3429	-5.117678261
-0.18034	-0.013789485
-0.08636	3.543008027
0.09906	7.995677248
0.24384	11.36253572
0.35052	14.24008989
0.19558	9.326140149
0.08128	4.303208995
-0.04318	-0.013789485
-0.19558	-3.841928478
-0.30988	-7.724335767
-0.33528	-8.918683105
-0.46736	-12.80153522
-0.64262	-17.8511557
-0.78232	-21.65216054
-0.9271	-26.32190295
-1.07696	-30.04150535
-1.10998	-28.5753717
-0.93726	-23.58001952
-0.77724	-18.63849081
-0.62992	-14.21295574
-0.51054	-9.570347482
-0.31496	-4.221806551
-0.15494	0.257996818
-0.02032	3.869062626
0.0889	7.860006507
0.25146	12.14987084
0.33782	12.20413914
0.17272	7.452549463
0.00762	3.081727509
-0.08636	-0.502204151
-0.21082	-4.656397743
-0.32512	-8.321731847
-0.36576	-8.674475772
-0.52324	-14.10441915
-0.84074	-23.28109907
-1.15062	-32.21357166
-1.50622	-38.24091111
-1.88722	-42.23229982
-2.08534	-43.99690909
-2.04724	-41.68917203
-1.98374	-39.92456276
-1.94056	-37.48071015
-1.74498	-32.91950433
-1.55448	-27.76090244
-1.26746	-20.75628883
-0.9525	-12.28554158
-0.59436	-3.217398249
-0.27686	3.923330922
0.0127	11.14501772
0.33782	17.49841177
0.60198	23.47148293
0.85344	26.94643317
1.0414	29.82443216
1.1811	31.6708887
1.13538	29.03709704
1.02108	26.15909806
0.95504	23.00975759
0.81788	18.82887467
0.67056	13.83307767
0.53086	11.03648112
0.28956	4.248940699
0.05334	-2.647136317
-0.25146	-11.60674306
-0.37592	-14.21295574
-0.47498	-16.14081472
-0.76454	-23.44434878
-1.12268	-29.77016386
-1.43002	-35.14583894
-1.80086	-40.00596521
-2.07772	-42.74784863
-1.73228	-33.62543701
-1.39192	-25.64354924
-1.07696	-17.90542399
-0.7747	-9.109066964
-0.42164	-0.637874891
-0.15494	6.095397236
0.1651	12.99147425
0.49022	19.073082
0.8128	24.74723271
1.13538	31.6708887
0.93218	23.09116003
0.60706	13.53415721
0.27686	4.248940699
0.0127	-2.511465577
-0.29718	-11.33540157
-0.37084	-13.86021181
-0.37592	-13.42562062
-0.60706	-19.64334394
-1.11252	-29.33557267
-1.61544	-37.29077111
-2.05232	-43.15530568
-2.53492	-47.5537066
-2.83718	-50.02424854
-3.06832	-51.11005929
-2.8956	-46.30464614
-2.64668	-41.52636715
-2.43586	-37.04656378
-2.20726	-32.59389456
-1.71958	-21.81496543
-1.23952	-11.11788357
-0.70612	-0.692143188
-0.2667	7.50681776
0.16764	14.29480301
0.5588	22.19528832
0.9525	29.39028579
1.33096	35.0644365
1.66116	39.21863009
1.93294	41.71630618
2.09042	41.41783055
1.87198	35.74323502
1.6891	31.07349262
1.54178	27.6252317
1.3843	23.47148293
1.21158	19.42582593
0.9017	12.23127328
0.62992	5.009141668
0.40132	-0.475070003
-0.04826	-11.55247476
-0.33528	-17.06382058
-0.65532	-22.8469527
-1.15316	-29.9601029
-1.6764	-37.18223452
-2.21996	-42.88396419
-2.77368	-49.10124269
-2.81432	-45.59871347
-2.29616	-34.68455843
-1.79832	-24.28595219
-1.26238	-13.12714499
-0.75692	-2.782807058
-0.31242	5.389464564
0.1524	14.15868744
0.6477	22.65701366
1.1049	30.15048676
1.46558	34.87449746
1.78562	38.91970964
2.10566	42.69358034
1.83896	35.14583894
1.49352	27.29962192
1.12268	18.09580785
0.67564	7.045537242
0.28448	-3.570142175
-0.20828	-14.24008989
-0.35306	-16.60254006
-0.63246	-22.24955662
-1.31572	-31.99649848
-2.06756	-40.71189788
-2.83972	-49.34545002
-3.62966	-55.72597822
-4.01828	-54.31411288
-3.73634	-48.36817587
-3.5941	-45.24596955
-3.4163	-42.25943397
-3.2512	-40.0602335
-3.10642	-36.88375889
-2.82448	-31.64375455
-2.54762	-26.43088436
-2.24282	-21.5707581
-1.82118	-13.77880937
-1.05664	-3.081727509
-0.40386	7.181207982
0.27686	18.36714933
0.96774	29.22703608
1.71704	39.24576424
2.34442	46.11470711
2.8829	49.5625232
3.12674	50.75731536
3.25374	51.0015227
3.12928	47.6079749
2.97688	44.62143932
2.83972	41.14604425
2.7051	38.05097208
2.42824	32.24070581
1.86436	21.54362395
1.17094	6.801329909
0.57658	-3.380203138
-0.08636	-15.16354057
-0.73406	-24.69296442
-1.47574	-33.70683945
-2.25044	-41.55350129
-3.06324	-48.58524905
-3.86842	-54.85679584
-4.17576	-55.45419192
-3.87858	-49.15551098
-3.57124	-43.7798359
-3.27914	-38.59409986
-2.97942	-33.40836382
-2.6924	-27.9512863
-2.42824	-23.00975759
-2.12344	-17.98682644
-1.81356	-13.64313863
-1.50622	-9.217603556
-0.78994	0.095191929
-0.16002	9.869267933
0.5207	21.10947758
1.2446	31.50763899
2.03454	40.49437987
2.68224	46.98344467
3.15468	51.11005929
2.91592	43.5080496
2.46634	34.57557701
1.88722	23.79709271
1.17602	9.190469408
0.60198	-2.918477798
-0.06858	-14.4033396
-0.2921	-17.28089376
-0.29464	-17.30847273
-0.30734	-17.33560688
-1.21412	-30.82884046
-2.37998	-42.53077545
-3.6068	-52.90224753
-4.7371	-60.99311671
-5.98932	-65.22826792
-5.72262	-53.85238754
-5.53466	-50.45883974
-5.45084	-48.66665149
-5.32384	-47.30905445
-5.12318	-43.4537813
-4.55422	-34.08716235
-3.82016	-23.98703174
-2.6035	-12.63828551
-1.38684	-0.692143188
-0.36576	12.12273669
0.7112	26.83789658
1.84404	39.46283742
2.92608	49.15551098
3.74142	54.77539339
4.30784	57.35491675
4.64058	58.4407275
4.94284	59.79832455
5.25018	61.047385
5.22224	58.11511772
4.99618	52.73944264
4.70662	48.39531001
4.26466	40.65762958
3.56362	29.93296875
2.88798	20.48494735
2.23012	11.76954794
1.21666	-0.393667559
0.09652	-15.59768694
-0.28448	-20.15889275
-0.28702	-19.34442348
-1.19888	-31.20916336
-2.40792	-41.41783055
-3.60172	-49.64392565
-4.79044	-56.56758163
-6.00964	-63.19231717
-5.67436	-51.0015227
-4.58216	-33.97862575
-3.91668	-25.12755561
-3.45186	-20.05035616
-2.97942	-15.84233909
-2.45872	-11.52534061
-1.9812	-7.588665026
-1.47574	-2.728538761
-1.04394	1.778398756
-0.50292	8.70160992
0.3556	19.77901468
1.25222	30.44896239
2.20472	39.57137402
3.2004	46.90204222
3.91668	51.76172367
4.55422	55.56272851
5.2197	58.90245284
4.93522	51.49038219
4.29768	41.01037351
3.67792	31.72515699
3.09372	22.49376395
2.53746	15.43488205
1.97612	8.783012365
1.41732	2.076874385
0.92964	-4.411745588
0.16764	-14.3490713
-0.32766	-19.94181957
-0.37084	-20.5120815
-1.76784	-35.77036917
-3.06832	-45.65298177
-4.38912	-53.6624485
-5.71754	-60.36858648
-6.72846	-64.25099377
-7.4168	-63.21945132
-7.94258	-61.42726308
-8.20674	-57.57198994
-8.26262	-56.45904504
-8.2931	-56.29579533
-8.3185	-56.13299044
-8.36168	-56.48617919
-8.40994	-56.24152704
-8.62584	-53.6081802
-7.34568	-36.09597895
-6.07314	-21.8425444
-5.20954	-15.57055279
-4.3434	-10.71087135
-3.49758	-6.01354997
-2.6035	-0.610740743
-1.78562	5.009141668
-0.97282	11.90521868
-0.23114	19.01881371
0.59182	27.05496977
1.40716	34.73882672
2.23012	41.14604425
3.05816	46.92917637
4.0259	52.54905878
5.19176	58.14225187
6.40588	61.69904938
7.2644	62.92053087
7.5565	58.82105039
7.09168	51.62605293
6.99516	50.29559002
7.0104	50.34985832
7.00024	50.10565099
6.985	49.45398661
6.92912	48.42244416
6.63194	44.40436613
6.22554	39.10964868
5.73532	32.89237018
5.17398	26.32190295
4.5339	20.24029519
3.29946	10.54806646
1.77292	-1.507057275
0.19304	-16.11368057
-0.3048	-19.72474638
-0.32004	-19.64334394
-0.28448	-18.85600882
-1.5494	-30.61176728
-3.23088	-40.0602335
-4.89458	-46.73923734
-6.62178	-52.3319856
-8.4328	-56.26866118
-7.92734	-41.77057448
-6.52018	-24.39448879
-5.85978	-18.7470274
-5.18922	-14.53901034
-4.5339	-11.44393817
-3.87858	-7.697201618
-3.19786	-4.031867514
-2.47142	-0.149460226
-1.8669	3.515873878
-1.23952	8.457402587
-0.32004	15.95087568
0.5715	24.09601316
1.5113	32.21357166
2.48666	39.70704476
3.50012	45.54444517
4.57454	50.83871781
6.00202	56.40433192
7.4168	60.44998892
6.85292	46.73923734
5.54482	29.25417023
4.26974	17.68835081
2.98704	8.321731847
1.77038	-1.045331935
0.49022	-12.55688306
-0.254	-18.71989326
-0.27686	-18.28574689
-0.32004	-18.01396058
-0.2794	-17.90542399
-0.26924	-17.66121666
-0.36068	-19.80614882
-2.33172	-33.81537604
-4.4831	-43.31811056
-6.6548	-50.59451048
-8.79856	-55.37278947
-10.6045	-55.48132607
-11.3792	-53.90665583
-11.17346	-48.77518809
-10.7696	-43.4537813
-10.39876	-38.24091111
-10.01776	-33.35409552
-9.51484	-27.6252317
-8.72744	-20.07749031
-7.86638	-14.3490713
-6.99262	-11.06361527
-6.11378	-7.588665026
-5.26288	-4.167538255
-4.3561	-1.181002676
-3.5306	2.104008533
-2.69748	5.44373286
-1.86944	9.73315237
-1.07696	14.53901034
-0.31242	20.5120815
0.59182	27.46242681
1.82372	36.12355792
3.09372	43.80697005
4.82092	51.57178463
6.60654	57.3277826
8.03148	60.55852552
9.05764	57.84333142
9.80186	58.14225187
10.17524	57.27351431
10.34034	56.51331334
10.14222	53.06505242
9.81964	48.9384378
9.43864	43.37237886
9.00176	38.24091111
8.382	30.61176728
7.67842	23.52575122
6.94436	18.15007615
5.53466	10.84654209
3.8227	3.461605582
2.2479	-4.954873372
0.254	-17.95969229
-0.24384	-20.62061809
-1.64338	-30.2318892
-3.79476	-38.59409986
-5.62356	-43.75270176
-7.24662	-47.14624956
-8.75792	-49.96998025
-9.92124	-51.16477241
-10.6172	-51.49038219
-11.0871	-51.73458952
-11.48842	-51.2190407
-11.11758	-45.59871347
-10.71372	-40.52151402
-10.32256	-35.82463747
-9.94664	-30.91068773
-9.55548	-26.26763465
-9.1567	-22.24955662
-8.74014	-19.15448445
-8.32866	-15.95087568
-7.88162	-13.28994988
-6.88594	-9.244737704
-5.588	-4.54786115
-4.24688	-0.203728522
-3.00736	4.438879736
-1.77292	10.3034143
-0.56134	17.71548495
0.64008	25.69781754
1.905	33.51690041
3.03276	39.21863009
4.04622	43.4537813
5.22732	47.17338371
6.39318	49.86144366
7.57428	52.46765634
8.73252	54.44978362
9.92124	55.97018555
9.87806	48.36817587
9.07796	38.18664282
8.27024	28.84715801
7.4549	21.21801417
6.604	16.30361961
5.76326	12.33980988
4.31546	5.389464564
2.69494	-2.294392392
0.9652	-12.80153522
-0.19812	-19.86041712
-0.7747	-24.25881805
-3.35534	-35.85177162
-5.92582	-42.88396419
-8.66394	-47.87931638
-11.36904	-51.35471145
-13.7795	-48.82945638
-12.64158	-34.19569894
-12.17676	-28.84715801
-11.77036	-24.31308634
-11.6586	-23.28109907
-10.86104	-16.65680836
-9.32434	-9.923536229
-7.74954	-5.171946557
-6.1087	-0.801124602
-4.55676	3.543008027
-3.0353	7.887140655
-1.47828	14.29480301
-0.01778	22.60274537
1.4859	31.56190728
2.62382	37.15510037
3.65506	41.68917203
4.74726	45.10985398
5.87502	48.25963927
6.97738	50.32272417
8.06704	52.30485145
9.1694	53.87952168
10.25652	54.80252754
11.38936	55.12858214
12.02944	54.85679584
12.4079	54.69399095
12.8016	54.47691776
12.76858	51.19190656
12.43076	46.84777393
12.07008	42.99250079
11.75258	39.35430083
11.45794	35.71610088
11.15822	32.37682137
10.83564	28.14122533
10.52322	25.53456783
10.20064	22.71128196
9.64692	18.58422252
8.08736	12.14987084
5.99694	5.009141668
3.55346	-3.081727509
0.90932	-16.27648546
-0.21336	-21.76069713
-1.30556	-27.81517074
-3.91922	-37.75249645
-6.53542	-42.74784863
-9.27608	-46.06043881
-12.0142	-48.6123832
-13.36548	-41.14604425
-10.9474	-16.22221716
-8.87476	-7.697201618
-7.21614	-3.217398249
-5.60324	0.801124602
-4.08686	4.629263595
-2.47396	9.651749926
-0.95504	16.65680836
0.5207	24.55729367
2.07264	32.53962626
3.60426	38.97397794
5.26796	43.8883725
6.94182	47.44517001
8.59282	49.39971832
10.25144	51.43611389
11.94816	52.79371094
12.2936	44.48576858
10.80262	27.9512863
9.34466	16.95528399
7.74446	10.87367623
6.15442	5.171946557
4.56184	0.393667559
2.77622	-6.47527531
0.61976	-17.11808887
-0.21082	-20.78342298
-0.21082	-20.29456349
-0.20828	-20.26742934
-0.20828	-19.88755127
-0.2159	-20.02322201
-0.2286	-19.86041712
-0.23622	-19.80614882
-0.22098	-19.61620979
-0.21082	-19.42582593
-2.29108	-31.42623654
-5.81914	-40.68476373
-9.0932	-44.81137835
-11.38174	-47.06484711
-13.0683	-47.77077979
-14.73708	-48.15110268
-16.53032	-47.17338371
-18.28546	-45.70725006
-18.35658	-35.22724139
-16.87068	-19.04594786
-15.28826	-9.054798668
-13.63218	-3.896196774
-11.97864	-0.610740743
-10.38352	2.538599725
-8.76808	4.873470928
-7.112	7.316878723
-5.48132	9.814999637
-3.92176	12.77395625
-1.78054	18.91027712
0.95504	31.12776091
3.81762	41.22744669
6.75386	47.36332274
9.77392	50.37699247
13.40104	51.95210753
17.38122	49.15551098
12.37234	7.887140655
8.91794	0.882527046
6.75132	-3.217398249
3.95224	-9.054798668
0.81534	-19.94181957
-0.14986	-23.00975759
-0.1778	-22.33095906
-0.18288	-22.62987952
-0.18034	-21.62502639
-0.17272	-21.54362395
-0.16002	-21.4622215
-3.24612	-34.0600282
-6.85038	-39.97883106
-10.5791	-42.69358034
-13.67282	-43.42664716
-15.27048	-43.69843346
-16.46682	-43.4537813
-17.67332	-43.10103738
-18.84426	-42.85638522
-18.44548	-33.6797053
-17.4371	-22.43949566
-16.38046	-12.66541965
-15.27048	-6.991268946
-14.0462	-3.35306899
-12.58316	0.312265114
-10.43686	3.841928478
-8.31342	7.018403094
-6.07822	9.570347482
-3.99542	13.61600448
-1.89738	19.10021615
0.15494	26.75649414
2.286	34.46704042
4.39166	39.89742862
6.61416	43.39951301
8.83158	45.35450614
11.06932	47.09198126
13.38834	47.58084075
15.54734	47.227652
17.15516	47.14624956
16.9799	36.0688448
15.70228	22.54803225
14.36624	12.44834647
12.92098	8.049945544
11.84656	5.470867008
10.38098	1.941203644
9.02716	-1.235270972
6.36524	-5.823610933
3.38074	-12.44834647
0.4826	-21.76069713
-0.13208	-23.41721463
-0.17018	-23.22683077
-3.25628	-33.9514916
-7.67334	-40.1687701
-12.20724	-42.53077545
-16.9291	-42.31370226
-21.51888	-40.22303839
-26.19756	-36.12355792
-28.1051	-20.94622787
-25.66416	1.153868527
-23.23084	8.728744068
-20.6121	13.18141329
-17.93748	15.73335768
-14.60754	17.7426191
-11.20648	18.7470274
-7.85368	19.99608786
-4.54914	23.41721463
-1.35128	30.3404258
0.9779	32.59389456
-0.84582	7.045537242
-0.83312	7.235476279
-0.81788	7.615799174
-0.83058	7.50681776
-0.81788	7.371147019
-0.82042	7.344012871
-0.83312	7.208342131
-0.85598	7.479683612
-0.84582	7.615799174
-0.82042	7.778604063
-0.81534	7.50681776
-0.84074	6.964134798
-0.88138	5.796476785
-2.84226	-9.787865488
-8.2169	-25.45316538
-13.73378	-32.51249211
-19.51482	-33.84251019
-25.13584	-33.29982723
-28.62834	-22.98262344
-25.57272	3.325934842
-22.46122	11.76954794
-19.1897	15.86947324
-15.7607	18.58422252
-12.2682	20.1317586
-7.05104	22.71128196
-3.31724	28.52110341
-1.67386	32.51249211
1.00076	39.67991061
3.7465	44.26825057
6.58876	46.52171933
9.40562	47.77077979
12.26312	47.85218223
11.3411	27.78803659
8.83158	11.11788357
6.17474	3.678678767
3.57124	-3.515873878
0.84328	-12.28554158
-0.21082	-15.16354057
-0.2286	-14.83748597
-0.24384	-14.3490713
-0.25908	-14.15868744
-0.2794	-14.62041278
-0.26924	-14.43047375
-5.1562	-27.9512863
-9.71042	-32.37682137
-13.34262	-33.76110775
-16.92656	-33.48976626
-19.9771	-33.21842478
-23.0124	-32.37682137
-26.01976	-30.80170631
-29.11856	-29.17276778
-31.84398	-27.48956096
-33.99282	-26.05056146
-36.21786	-24.55729367
-38.4048	-22.92835514
-38.60038	-12.31267573
-36.71824	6.801329909
-34.73196	15.73335768
-32.67964	21.29941661
-30.64002	25.04615316
-27.55138	27.84274971
-23.08098	29.77016386
-18.62582	30.04150535
-13.91666	29.66162727
-9.39546	29.44455409
-2.99466	37.91530134
-1.05918	41.1731784
0.5588	43.72556761
2.24282	45.92476807
4.49834	48.09638956
7.3406	48.72091979
10.16	48.72091979
12.99464	47.52657245
10.6426	21.27228247
8.07466	9.787865488
5.42036	2.89134365
2.80924	-4.140404107
0.1651	-10.76513964
-0.24892	-11.25355431
-0.254	-10.6294689
-0.25146	-10.6294689
-0.26924	-10.52048749
-0.29718	-11.60674306
-0.64262	-13.39848647
-9.61136	-27.48956096
-15.53464	-28.9556946
-21.14804	-27.92415215
-25.21204	-26.89216488
-28.01112	-25.48029953
-29.98978	-24.77436686
-31.70936	-24.01416589
-32.94634	-24.39448879
-34.33064	-23.06402589
-35.92322	-22.00534929
-37.465	-21.27228247
-38.9636	-20.78342298
-39.69004	-19.1816186
-39.71036	-18.88314297
-39.7129	-18.36714933
-39.71798	-18.36714933
-39.72814	-18.99167956
-39.72306	-18.31288103
-37.92728	2.158276829
-28.91536	29.09136534
-6.9723	36.12355792
-1.27508	41.98764766
-1.28016	41.03750766
-1.2827	40.49437987
