"Wight and Sozen 1973, No. 00.033(East)"
700
-1.424686	5.50465
-2.211324	3.12123
-2.96418	0.55981
-0.466852	7.1111
0.012192	9.612
0.456692	12.23305
1.482852	15.57055
1.85928	17.4173
2.30378	19.20175
2.74828	21.52465
3.9116	27.9015
4.42468	30.5804
5.21208	34.0336
5.62102	35.88035
6.23824	39.16
7.16026	43.1472
7.7089	45.9685
8.39216	48.9055
8.83666	51.4865
9.52246	54.9575
9.96696	58.028
10.51306	61.3655
10.92454	63.279
10.7188	59.9415
10.54862	57.939
10.30732	55.2245
10.10412	51.709
9.55548	52.154
9.31672	49.84
8.90524	46.7695
8.42772	43.08935
8.0518	40.6463
7.77748	37.5491
7.19582	30.7584
6.99008	29.08965
5.38226	17.53745
7.16026	28.19965
6.477	25.04015
6.1341	22.4191
4.83616	14.2578
4.28752	11.10275
3.3655	6.45695
2.132838	2.10841
1.072388	-1.88235
-0.535178	-4.80155
-1.219454	-8.25475
-1.903476	-11.52995
-2.177034	-13.617
-2.8956	-17.1325
-3.2385	-19.69125
-3.82016	-24.1012
-4.6736	-28.86715
-5.25526	-32.73865
-6.0071	-38.15875
-6.7945	-42.3284
-7.75208	-47.7485
-8.23214	-49.751
-9.22274	-52.8215
-9.77138	-56.604
-10.79754	-60.965
-11.44778	-64.792
-12.09802	-67.4175
-13.36294	-71.912
-13.02004	-65.1925
-12.50696	-61.143
-12.1666	-57.939
-11.85672	-55.18
-11.58494	-53.044
-11.34364	-49.7065
-10.96772	-46.8585
-10.45464	-43.16055
-10.0457	-40.7175
-9.97712	-39.52935
-9.63422	-36.19185
-9.42848	-33.45065
-8.9154	-28.569
-8.3693	-23.56275
-7.95782	-20.28755
-7.54634	-16.2959
-7.239	-13.85285
-6.52018	-9.3895
-5.9055	-6.35015
-4.94792	-2.65665
-4.2291	0.381098
-2.8956	3.299675
-1.937766	5.32665
-0.022098	11.10275
0.867156	13.42565
2.509012	16.16685
3.63728	18.7256
4.21894	21.0485
4.93776	24.564
5.9309	30.7584
7.05866	36.71695
7.57174	39.63615
8.0518	41.7766
8.83666	45.3455
9.28116	48.0155
9.79424	50.374
10.2743	52.955
10.75182	55.4915
11.53922	59.363
11.36904	57.583
11.23188	55.9365
11.02614	54.0675
10.88898	52.065
10.44448	49.751
9.79424	45.835
9.3853	43.1472
9.00938	40.6463
8.80364	38.5014
8.1534	35.70235
7.7089	33.2593
7.43458	29.74825
6.85292	26.3529
6.40842	23.3714
5.75818	20.63465
5.55244	19.08605
5.00634	15.8064
4.63042	13.00735
3.9116	9.4963
2.95402	4.90835
2.406396	3.240045
1.551432	1.155665
0.525272	-1.16768
-0.329946	-3.55021
-1.903476	-8.7309
-2.519172	-10.46195
-3.71602	-15.3436
-4.70916	-19.33525
-5.29082	-22.1343
-6.45414	-25.94795
-7.30758	-29.64145
-7.9248	-33.3928
-8.33374	-37.32215
-9.01954	-41.9101
-9.8044	-46.725
-10.21588	-49.128
-10.89914	-51.976
-11.41222	-56.0255
-11.99388	-59.7635
-12.43838	-63.635
-13.29436	-67.818
-14.11478	-71.3335
-15.41526	-72.624
-16.71574	-73.7365
-18.288	-74.493
-20.17014	-75.5165
-22.15388	-76.5845
-24.06904	-77.341
-26.3906	-78.498
-26.3652	-76.7625
-26.1112	-75.4275
-25.8064	-72.8465
-25.654	-70.043
-25.30094	-66.9725
-25.16378	-64.8365
-24.7523	-61.143
-24.5491	-59.6745
-24.23922	-57.4495
-23.8633	-55.269
-23.48738	-53.222
-22.6314	-46.6805
-22.1869	-44.589
-21.9837	-42.62655
-21.87956	-40.06335
-21.40204	-37.8606
-21.02612	-35.83585
-20.68322	-33.3928
-20.27174	-31.6662
-19.69008	-28.747
-19.34972	-26.83795
-18.76806	-24.0389
-18.39214	-21.894
-17.9451	-19.4554
-17.16024	-16.41605
-16.71574	-14.2133
-16.30426	-12.4867
-16.0655	-11.41425
-15.51686	-9.09135
-15.1765	-7.6006
-14.55928	-5.57585
-14.01318	-3.192875
-12.74572	-0.2145345
-10.89914	3.418935
-7.82066	9.55415
-6.7945	11.4009
-5.76834	12.89165
-4.43484	15.2724
-3.51028	17.177
-2.8956	18.84575
-2.211324	20.57235
-1.424686	22.5971
-0.466852	25.5163
0.525272	27.95935
1.414526	30.3401
2.509012	33.73545
3.70586	37.49125
4.52628	40.228
5.41782	43.32965
6.23824	46.4135
6.95706	49.217
7.57174	52.332
8.08482	54.5125
8.5979	56.96
9.45388	60.431
10.06856	63.3235
10.51306	66.2605
11.0617	68.9305
11.7094	69.6425
12.97686	70.666
14.82344	72.0455
16.67002	73.4695
18.17624	74.8935
19.95424	76.1395
21.35632	77.3855
22.79396	79.2545
22.58822	77.1185
22.17674	75.294
21.93798	73.336
21.69922	71.2
20.9804	66.394
20.50288	63.8575
20.12442	60.431
19.88566	58.473
19.54276	55.8475
18.99666	51.798
18.72234	49.484
18.45056	47.0365
18.03908	44.589
17.73174	41.71875
17.42186	39.39585
17.01292	36.5968
17.73174	34.99035
9.90346	6.3368
4.35102	-6.2567
3.35026	-7.209
1.712976	-8.39715
-0.106934	-10.69335
-1.335278	-12.5935
-2.70002	-14.73395
-3.9751	-16.6341
-5.0673	-18.1382
-6.29412	-21.15085
-7.24916	-23.6829
-8.4328	-27.1717
-9.29894	-30.49585
-10.80008	-34.77675
-12.34694	-39.1333
-13.93952	-43.40975
-15.25778	-46.814
-16.57858	-50.0625
-18.21688	-53.7115
-19.80946	-57.049
-21.67382	-60.2085
-23.44928	-63.2345
-24.85898	-62.745
-25.9588	-62.3445
-26.543	-61.054
-26.3652	-59.007
-26.1366	-56.782
-25.9842	-54.824
-25.6794	-50.997
-25.35936	-48.416
-24.54148	-41.90565
-24.22144	-39.605
-23.76678	-37.3889
-23.5839	-36.04055
-22.76602	-31.60835
-22.35708	-29.07185
-21.26488	-24.87105
-20.81022	-23.36695
-19.58086	-18.45415
-18.94332	-16.39825
-17.62506	-12.19745
-17.03324	-10.3774
-15.66672	-6.57265
-15.07744	-5.06855
-11.89228	1.981585
-7.5692	8.1613
-6.84022	9.6654
-5.3848	11.80585
-4.06654	13.39005
-2.063496	16.9545
-0.789432	18.77455
1.258062	22.89525
2.077212	24.31925
3.30454	26.3796
4.57962	28.9161
5.17144	30.73615
6.12648	32.48055
7.17296	35.01705
8.40232	37.15305
9.08304	39.44925
10.49528	41.98575
11.81354	44.767
12.90574	47.526
13.86078	50.1515
15.09014	53.1775
16.18234	56.248
17.63776	59.986
18.95856	63.9465
20.13966	66.7945
21.27758	69.3755
22.733	72.179
22.55266	69.242
22.14372	66.5275
21.96084	63.0565
21.73224	60.7425
21.14042	56.5595
20.2311	50.641
19.54784	46.5915
18.36674	40.0055
16.68272	32.8766
16.3195	30.89635
15.72768	28.6758
15.5448	27.0916
15.09014	24.39935
14.40688	21.31105
13.72616	18.77455
12.76858	14.97425
11.9507	12.35765
11.0871	9.5853
7.49046	0.080545
2.9972	-5.94075
1.423924	-7.09775
-0.028448	-8.1524
-1.723136	-9.73215
-2.87274	-11.62785
-4.08432	-12.7893
-5.2324	-13.8395
-6.74624	-15.4237
-8.19912	-17.2126
-9.652	-19.53105
-10.61974	-21.7427
-11.52906	-23.53605
-12.31392	-26.3796
-13.58646	-29.96185
-14.67612	-32.8054
-15.8242	-34.91025
-16.97482	-37.8606
-18.4277	-41.54965
-19.94154	-44.7225
-21.39442	-47.6595
-23.20798	-50.196
-24.9047	-51.887
-26.289	-53.667
-26.0604	-51.887
-25.8064	-49.8845
-25.5016	-47.348
-25.20696	-45.3455
-24.84374	-43.44535
-23.45182	-34.5943
-23.0886	-32.6986
-21.81606	-27.6434
-20.66798	-22.2678
-19.75866	-19.63785
-19.39544	-17.3194
-18.72996	-15.3169
-17.03578	-9.20705
-13.82776	-1.621135
-13.16228	0.380653
-9.652	5.5447
-8.26008	7.8587
1.000252	21.23985
5.41782	29.03625
7.112	32.6185
8.20166	34.4074
9.05002	36.5167
10.32002	38.72835
12.07516	42.10145
13.28674	45.3455
14.67866	48.861
16.07058	52.0205
17.40154	54.9575
18.4912	58.206
20.12696	61.9885
21.15566	64.97
22.60854	67.6845
22.3647	65.504
22.1234	61.677
21.8821	59.0515
21.0947	54.9575
19.5199	44.7225
18.73504	41.5719
18.2499	38.5192
16.25346	29.56135
9.23036	3.85726
4.0259	-3.095865
-0.875792	-6.8886
-7.71398	-12.0506
-8.5344	-13.8128
-9.82218	-15.4949
-11.19124	-17.5953
-12.39774	-20.9595
-13.68552	-24.04335
-15.2146	-28.38655
-16.66494	-32.0311
-18.19402	-34.55425
-19.88312	-37.914
-21.49348	-41.70095
-23.98776	-45.0785
-26.162	-47.5705
-25.03424	-41.4206
-24.31034	-38.0564
-22.78126	-30.62935
-21.6535	-25.8634
-20.52828	-20.67915
-16.01978	-7.6451
-14.732	-4.14206
-11.27252	2.58456
-6.1214	10.71115
-3.62712	14.21775
-2.418588	15.75745
4.26212	26.6911
9.49198	34.53645
10.94232	37.75825
12.55268	40.70415
13.75918	42.94695
15.04696	45.8795
16.81734	49.395
18.99158	54.1565
21.16328	59.4965
22.53234	63.546
21.72716	57.227
21.00326	52.9105
20.1168	48.683
19.23288	43.0849
17.86382	36.63685
16.81734	31.4526
15.52956	25.28935
14.00048	20.10065
12.87272	16.0378
10.37844	7.209
7.88416	0.902905
6.0325	-1.199275
-10.70864	-15.9132
-11.99642	-18.99705
-13.7668	-21.80055
-14.9733	-25.58305
-16.90624	-29.50795
-18.67662	-32.0311
-20.04568	-34.97255
-21.97608	-38.19435
-23.90902	-40.99785
-26.2382	-43.1027
-25.27554	-39.45815
-23.90902	-33.0101
-22.62124	-28.1062
-21.4122	-23.90095
-18.35404	-12.549
-13.20292	-0.918925
0.076454	19.53995
2.73304	23.60725
5.3086	27.24735
7.9629	31.31465
10.21842	36.0806
13.75918	41.12245
16.09344	45.479
18.10512	50.374
20.27682	55.269
22.61108	59.7635
20.92198	50.107
20.03552	46.3245
18.99158	39.8631
17.54124	33.97575
16.17218	27.5277
14.72438	22.90415
13.51788	17.58195
12.4714	13.9374
11.5062	10.71115
9.65454	5.24655
8.52678	2.724735
6.83768	-0.077964
4.66344	-2.180055
-0.004064	-6.1054
-3.22326	-8.3482
-5.71754	-9.8879
-9.82218	-13.95075
-12.47902	-17.45735
-14.9733	-22.0809
-16.90624	-26.5665
-19.64182	-30.9097
-22.78126	-34.97255
-25.908	-38.0564
-25.1968	-34.97255
-24.79294	-32.72975
-23.74646	-29.50795
-22.45868	-25.72545
-21.57476	-21.9385
-20.36572	-18.57875
-19.64182	-16.0556
-17.63014	-10.72895
-15.61846	-5.5447
-14.4907	-2.60058
-12.47902	1.32343
-8.93826	6.36795
-7.3279	9.3094
-4.83362	12.6736
-1.372362	17.3016
1.927606	22.6238
3.53822	25.14695
6.19252	29.2098
8.68934	33.2771
12.06754	38.5993
14.8844	43.50765
17.21866	47.437
20.03552	51.9315
21.80844	54.735
23.98014	56.8265
25.9842	57.939
27.9146	58.3395
30.5054	58.918
33.147	59.363
35.9664	59.7635
38.4556	59.897
41.1226	60.342
44.0944	60.876
46.5074	61.7215
50.292	62.1665
50.1396	59.63
49.7332	57.5385
49.2506	54.29
48.4378	50.9525
47.4726	47.17
46.6852	43.6456
45.8724	40.00105
44.831	36.21855
43.942	32.85435
42.0878	26.41075
41.1988	23.8876
40.2336	20.9417
39.0398	18.1382
37.6682	14.9164
36.5252	11.83255
35.4838	10.15045
33.7312	7.209
32.0294	4.82825
30.5054	3.285435
24.22144	-0.3582695
14.09954	-1.734165
2.53492	-4.343645
-8.4963	-12.35765
-11.60018	-16.08675
-13.63472	-19.4376
-16.2052	-24.09675
-18.56232	-28.7559
-21.23948	-32.485
-24.3459	-36.0272
-27.4574	-38.0742
-31.0896	-40.31255
-35.052	-43.29405
-37.9476	-44.589
-41.3766	-47.0365
-45.1104	-47.971
-48.5394	-48.149
-51.2318	-48.149
-50.4698	-43.85475
-49.8348	-40.49945
-48.9712	-36.58345
-47.8028	-32.2981
-46.609	-28.01275
-44.1452	-21.30215
-43.0784	-18.32065
-40.7416	-14.0353
-37.9476	-8.81545
-35.687	-6.02085
-32.6898	-1.548155
-25.9588	1.8067
-19.95424	3.67036
-7.63778	5.162
-1.213358	6.46585
4.67614	7.9566
10.45972	8.88665
13.24356	9.07355
18.81124	11.8726
24.27478	15.97105
29.6164	19.51325
33.1724	21.74715
37.0078	25.28935
42.5958	29.9485
46.7614	32.7431
50.927	36.4722
49.9872	31.81305
48.895	27.89705
47.7266	23.4248
45.466	18.0225
44.0944	15.22345
40.132	9.63425
38.1	7.3959
25.13076	0.129317
17.41932	-0.98879
11.3157	-2.85245
-1.641602	-7.3247
-4.5339	-9.18925
-6.99516	-10.8669
-9.9949	-11.98385
-13.74394	-13.4746
-18.02638	-14.2222
-21.98878	-15.89985
-25.4254	-17.3906
-30.353	-19.9983
-35.9156	-22.4191
-40.8432	-23.7274
-45.4406	-24.65745
-50.5714	-24.84435
-49.6062	-21.67595
-48.3362	-17.5775
-46.8376	-14.2222
-43.8404	-9.9324
-40.513	-6.76845
-36.2204	-3.411815
-31.0896	0.50196
-24.45258	2.552075
-18.45564	4.6013
-12.4587	5.162
-7.31774	7.02655
-0.677926	8.3304
5.96138	10.00805
10.67308	11.8726
15.70736	12.98955
21.06168	14.2934
27.178	15.78415
34.0106	17.4618
41.0972	19.13945
46.228	20.6302
50.5206	22.49475
49.4284	19.32635
47.7266	17.2749
44.7294	12.42885
42.9006	9.82115
39.5986	6.83965
35.8394	3.67036
31.6738	2.179165
26.8478	0.50196
21.16836	-0.616325
15.70736	-1.92062
9.71042	-2.85245
5.64134	-4.15719
1.356868	-5.0908
-2.8194	-6.02085
-6.67512	-7.6985
-10.95756	-8.44165
-16.4211	-9.9324
-21.55952	-11.2407
-27.1272	-12.54455
-32.5882	-14.2222
-36.6522	-15.15225
-41.4782	-17.0168
-46.2026	-17.5775
-50.5714	-18.69445
-48.9712	-12.35765
-46.3042	-8.0723
-41.275	-2.665995
-36.5506	-0.429781
-34.1884	-0.616325
-30.0228	0.688415
-27.4574	1.247335
-21.8821	2.924985
-15.88516	4.7882
-10.42416	4.415735
-4.10464	5.90515
1.356868	7.3959
7.99592	7.7697
15.70736	8.5173
22.34692	9.44735
28.1178	10.7512
32.9438	11.6857
38.2016	12.05505
42.0624	13.5458
46.1264	14.6672
50.6222	16.15795
48.4886	13.5458
46.6598	11.3119
44.5262	8.1435
41.8338	6.65275
37.7698	4.6013
33.909	2.924985
28.7782	1.43379
23.09622	-0.243415
18.92046	-0.616325
12.60094	-2.665995
7.45998	-3.78428
3.71348	-4.343645
-1.10617	-5.27325
-5.17652	-5.64705
-8.2804	-5.64705
-12.34948	-6.76845
-17.38376	-7.6985
-22.09546	-8.0723
-25.6286	-9.56305
-30.226	-10.3062
-35.2552	-11.79695
-39.4462	-12.73145
-44.577	-13.6615
-51.435	-14.4091
-48.8696	-9.18925
-43.942	-4.5301
-39.0144	-1.175245
-32.5882	1.43379

