"Wight and Sozen, 1973, Spec. WS033W"	
956	
0	0
0.22478	2.3618
0.22478	4.0346
0.33716	8.4628
0.50574	12.202
0.61813	15.056
0.89911	18.402
1.1239	23.716
1.6296	28.439
2.304	33.261
3.1468	38.083
4.2708	45.463
4.889	49.693
5.4508	53.238
5.8443	55.894
6.4061	59.043
6.968	62.29
7.4737	65.439
8.1481	68.984
8.935	72.525
9.5529	75.282
10.396	78.921
10.958	80.691
10.789	75.478
10.115	68.295
9.8339	65.635
9.4968	62.686
9.2159	59.238
8.8224	55.796
8.3729	52.157
7.811	48.021
7.3053	43.594
6.7996	39.559
6.35	35.426
5.9004	31.588
5.3947	28.046
4.9451	23.913
4.5517	20.764
4.2146	17.91
3.8212	14.662
3.4277	11.415
2.922	7.6755
2.4725	4.0346
1.7982	-0.98408
1.2925	-3.641
0.67432	-7.9708
0.33716	-10.726
-0.11239	-13.974
-0.56195	-16.631
-1.1801	-20.272
-1.8544	-25.586
-2.2478	-28.243
-2.8097	-31.49
-3.4277	-34.836
-4.1021	-38.575
-4.6078	-41.429
-5.0013	-44.578
-5.4508	-47.629
-5.9566	-50.285
-6.5748	-53.732
-7.1366	-56.681
-7.5301	-58.945
-7.8671	-60.915
-8.3729	-64.162
-8.8224	-67.209
-9.3845	-69.771
-10.115	-72.622
-10.621	-73.806
-10.115	-68.984
-9.5529	-63.277
-8.935	-59.439
-8.1481	-54.715
-7.7549	-51.37
-7.3053	-48.416
-6.5748	-42.708
-5.226	-33.36
-4.7765	-29.325
-4.383	-25.782
-3.9337	-19.189
-3.5964	-15.45
-3.1468	-11.317
-2.8097	-7.3806
-2.2478	-2.8538
-1.9106	0.68886
-1.4611	4.9204
-1.0115	9.4471
-0.39337	14.564
0.22478	20.173
0.84292	25.389
1.6858	30.998
2.023	32.966
2.6411	37.198
3.2593	41.724
3.9337	46.446
4.6078	50.583
5.2822	54.123
5.8443	58.158
6.7432	63.175
7.6424	67.801
8.4854	71.346
9.5529	76.559
10.283	79.61
10.846	80.989
10.677	77.346
10.396	72.329
9.7777	65.835
9.3281	61.307
7.7549	49.204
7.2492	44.381
6.7432	39.067
5.9004	33.655
5.2822	29.03
4.7765	25.29
4.3269	21.157
3.765	16.237
3.1468	11.907
2.4164	7.3806
1.5734	2.3618
0.89911	-1.7713
0.056195	-6.5933
-0.50574	-10.825
-0.95529	-15.351
-1.0677	-18.107
-1.1239	-23.027
-1.2925	-25.586
-1.4611	-28.046
-1.6296	-30.604
-1.9106	-33.655
-2.304	-37.198
-2.6411	-39.855
-3.0345	-43.102
-3.3155	-45.761
-3.8212	-49.106
-4.383	-52.744
-4.889	-56.089
-5.3383	-59.238
-6.0691	-62.784
-6.7432	-66.226
-7.2492	-69.473
-7.8671	-72.329
-8.7663	-75.772
-9.4968	-78.823
-10.283	-81.776
-11.07	-84.334
-11.744	-86.3
-11.969	-87.19
-11.632	-84.334
-11.407	-81.381
-11.126	-78.627
-10.677	-75.18
-10.171	-71.444
-9.7216	-68.295
-9.1597	-63.175
-8.6538	-58.945
-8.3167	-55.502
-7.9797	-52.055
-7.5862	-47.727
-7.0244	-43.889
-6.5184	-39.855
-6.0691	-35.426
-5.6756	-32.08
-5.1138	-27.652
-4.6078	-23.126
-4.1021	-17.91
-3.5964	-12.891
-3.0345	-8.2662
-2.585	-4.133
-2.1354	-0.49204
-1.742	3.0506
-1.3487	7.6755
-0.73053	11.907
0.16858	18.107
0.73053	21.945
1.7982	28.833
2.6411	33.36
3.3155	38.182
4.1585	43.397
5.1138	48.906
5.7879	53.14
6.4623	57.962
7.9797	66.72
8.6538	70.852
9.4968	74.691
10.171	77.644
11.126	81.679
11.913	85.615
13.093	92.011
13.599	94.075
14.273	96.241
14.835	98.012
15.453	99.884
16.072	101.16
16.971	102.24
17.926	102.74
20.118	104.02
21.129	104.41
22.253	104.71
22.815	104.9
23.264	104.9
23.433	103.52
23.489	100.47
23.433	97.42
23.321	95.058
23.152	92.896
22.927	89.943
22.759	87.581
22.478	85.024
21.972	81.478
21.354	76.559
20.96	73.214
20.623	69.869
20.286	66.524
19.837	62.881
19.331	59.439
18.713	55.6
17.589	49.991
16.633	44.774
16.015	41.33
15.285	37.099
14.667	33.163
14.105	29.817
13.543	26.865
12.756	23.618
12.138	20.665
11.464	17.516
10.902	14.761
10.115	11.317
9.3845	7.7742
8.5976	4.4283
7.6424	0.88564
7.0805	-1.7713
6.4623	-4.8221
5.8443	-7.1835
4.8326	-10.825
4.046	-13.875
2.9784	-17.713
1.3487	-22.732
0.11239	-27.062
-0.56195	-30.801
-1.1801	-33.261
-1.742	-36.017
-2.585	-39.953
-3.3155	-44.086
-3.7089	-46.544
-4.2708	-49.106
-4.889	-52.353
-5.5631	-55.6
-6.2939	-58.651
-7.3053	-62.686
-8.0919	-66.031
-8.8224	-69.18
-10.396	-75.772
-11.07	-78.627
-11.857	-81.478
-12.756	-85.024
-13.824	-89.254
-14.611	-91.811
-16.184	-93.684
-17.701	-95.552
-19.162	-96.931
-20.736	-98.012
-22.365	-99.097
-23.658	-99.884
-24.164	-100.18
-23.377	-96.437
-22.927	-91.322
-22.534	-86.598
-21.916	-81.478
-20.96	-74.984
-20.005	-69.473
-19.275	-64.554
-18.488	-58.158
-17.757	-52.647
-16.971	-47.531
-16.353	-42.413
-15.678	-38.772
-14.667	-34.344
-13.655	-30.407
-12.25	-25.093
-11.183	-20.665
-10.227	-16.827
-9.1034	-12.006
-8.1481	-8.2662
-6.8557	-3.641
-4.9451	2.657
-3.765	6.2979
-2.304	10.726
-0.78671	15.647
0.33716	19.681
1.3487	23.519
2.0792	26.176
2.8097	28.341
3.8773	31.588
5.0013	35.229
6.0691	38.772
6.968	41.823
7.5862	43.889
8.3167	46.348
9.1034	49.106
9.9464	52.157
10.846	55.6
11.576	58.06
11.576	59.439
11.857	62.881
12.307	65.145
12.644	66.916
12.981	68.686
13.543	70.95
14.217	73.116
15.116	75.87
15.847	78.036
16.521	80.593
17.195	82.662
17.814	84.628
18.6	86.99
19.218	88.764
19.893	90.73
20.623	92.403
21.185	93.782
21.691	94.667
22.14	95.356
22.421	95.748
23.601	97.42
23.545	97.322
22.703	90.73
22.534	88.173
22.365	86.104
22.14	83.449
21.859	80.691
21.522	78.036
21.242	75.576
20.792	72.133
20.286	68.686
19.724	65.341
19.275	63.077
18.881	61.013
18.375	57.766
17.926	54.221
17.308	50.187
16.69	46.842
16.24	43.496
15.791	40.445
15.285	37.198
14.835	33.852
14.273	30.506
13.768	27.357
13.206	24.109
12.868	21.551
12.138	17.812
11.52	14.564
10.789	11.12
9.3845	5.5106
8.5976	3.149
7.9797	1.5745
7.0244	-0.59043
6.1813	-2.657
5.3383	-4.7233
4.1585	-7.4789
3.3716	-9.6437
2.304	-11.907
1.6296	-13.58
0.78671	-15.843
-0.16858	-18.697
-1.1801	-22.141
-2.023	-25.684
-2.922	-28.833
-3.8212	-31.49
-4.6642	-34.147
-5.3383	-36.312
-6.1252	-38.575
-7.1928	-41.724
-7.9233	-43.791
-8.5976	-46.348
-9.4407	-49.008
-10.115	-51.468
-10.565	-53.336
-11.07	-55.106
-11.688	-57.175
-12.475	-60.026
-13.206	-62.881
-14.048	-65.737
-14.948	-69.082
-15.734	-71.737
-16.914	-75.282
-17.533	-76.857
-18.544	-79.708
-19.218	-81.478
-20.174	-83.742
-21.635	-87.087
-22.478	-89.254
-23.489	-91.713
-23.995	-92.799
-23.939	-92.305
-23.826	-90.237
-23.545	-86.3
-23.321	-81.478
-22.983	-76.559
-22.703	-72.427
-22.197	-68.197
-21.579	-64.065
-20.848	-58.945
-20.174	-55.106
-19.555	-50.48
-18.657	-45.267
-17.926	-40.838
-17.139	-36.607
-16.128	-31.982
-14.667	-26.865
-13.262	-22.338
-12.026	-17.516
-10.508	-12.596
-9.272	-8.6598
-7.7549	-4.133
-6.5184	0.19681
-5.0574	4.3299
-3.9337	7.3806
-2.6972	10.726
-1.5172	14.367
-0.50574	17.32
0.44955	20.37
1.2363	23.322
1.9106	25.782
2.7536	28.144
3.9898	31.687
5.2822	35.721
6.4623	39.166
7.5862	42.413
8.4854	45.267
9.3845	48.71
10.171	51.957
10.902	55.204
11.801	58.451
13.037	62.881
13.936	66.128
14.779	69.673
15.622	72.921
16.633	76.265
17.364	78.725
18.151	81.283
19.106	83.742
20.118	86.598
21.129	89.156
21.859	90.437
22.703	91.713
23.377	92.598
23.939	93.288
23.601	90.632
23.489	87.288
23.096	84.041
22.815	80.989
22.59	78.529
22.478	76.755
22.309	74.197
21.859	70.852
21.41	67.409
21.073	64.75
20.567	61.703
20.005	57.962
19.443	54.813
18.657	50.382
18.094	46.446
17.533	42.61
16.914	38.871
16.24	35.426
15.509	31.982
14.667	28.439
13.655	24.011
12.868	20.468
11.969	16.729
11.014	12.989
10.003	9.2501
8.9911	5.5106
8.2045	2.7554
7.4737	0.78725
6.5748	-1.6729
5.507	-4.2315
4.4955	-6.6916
3.0907	-9.8408
1.9668	-12.399
1.0677	-15.154
-0.84292	-21.551
-1.6296	-24.601
-2.304	-27.062
-3.3155	-30.211
-4.4955	-33.753
-5.5631	-37.001
-6.7432	-40.445
-7.6424	-43.397
-8.5415	-46.544
-9.5529	-49.991
-10.396	-52.945
-11.351	-55.991
-12.307	-58.945
-13.206	-61.898
-14.161	-64.554
-15.06	-67.209
-16.015	-70.065
-17.027	-73.018
-17.87	-75.282
-18.881	-78.231
-19.837	-80.593
-21.635	-85.219
-22.646	-87.875
-23.489	-89.845
-23.995	-90.828
-23.883	-89.552
-23.826	-87.19
-23.377	-84.236
-22.983	-80.495
-22.59	-76.07
-22.14	-72.329
-21.691	-67.605
-21.129	-62.784
-20.342	-56.779
-19.331	-50.876
-18.488	-45.463
-17.589	-40.74
-16.577	-35.82
-15.622	-31.49
-14.498	-27.16
-13.431	-23.027
-12.25	-18.697
-10.846	-14.367
-9.6655	-10.234
-7.8671	-5.7077
-6.35	-0.98408
-5.3947	2.8538
-4.2146	6.8886
-3.0907	10.628
-2.1354	14.072
-0.67432	18.205
0.39337	21.453
1.1801	24.011
2.1916	26.865
3.4277	30.604
5.0574	35.229
6.6309	39.657
7.6424	42.216
9.5529	46.152
10.115	47.825
10.565	49.204
11.295	52.055
11.969	54.519
12.587	56.979
13.206	59.341
13.824	61.6
14.892	64.852
15.566	67.507
16.409	70.358
17.083	72.427
17.982	75.18
18.937	77.84
19.893	80.398
20.96	83.155
21.972	85.513
22.703	87.087
23.208	88.173
23.433	88.564
23.377	86.202
23.04	82.168
22.815	78.921
22.534	75.38
22.084	71.639
21.522	67.312
21.017	62.784
20.455	58.158
19.724	53.238
18.994	49.204
18.488	45.859
17.926	42.61
17.252	38.871
16.465	34.836
15.341	29.62
14.386	24.897
13.768	22.24
13.037	18.795
12.307	15.351
11.351	12.006
10.227	8.4628
9.3281	5.314
8.3167	2.3618
5.9566	-3.2474
5.3947	-4.4283
4.7203	-5.9043
3.9898	-7.6755
2.6411	-11.12
1.4048	-14.761
0.39337	-18.008
-0.67432	-22.043
-1.5172	-25.093
-2.585	-28.341
-3.3155	-30.604
-4.2146	-33.261
-5.226	-36.312
-6.35	-39.461
-7.1928	-41.921
-8.2045	-45.072
-9.3281	-48.221
-10.452	-51.17
-11.295	-53.63
-12.307	-56.681
-13.318	-59.928
-14.835	-64.456
-16.072	-68.295
-17.139	-71.048
-18.263	-73.708
-19.218	-76.168
-20.174	-78.432
-21.635	-81.776
-22.421	-83.449
-23.152	-84.726
-24.051	-86.104
-24.332	-86.402
-24.388	-86.794
-24.332	-85.713
-24.051	-83.053
-23.658	-79.512
-23.321	-76.461
-22.983	-73.508
-22.478	-70.461
-21.859	-66.226
-21.073	-61.502
-20.118	-55.6
-19.275	-51.17
-18.263	-45.169
-17.195	-38.969
-16.072	-33.557
-14.554	-27.357
-13.543	-23.519
-12.194	-18.008
-10.733	-13.187
-9.3281	-8.5615
-7.6985	-3.5426
-6.4061	0.49204
-5.226	4.0346
-3.9337	7.5772
-2.9784	10.234
-1.9106	13.383
-0.84292	16.434
0.22478	19.78
1.1239	22.535
2.0792	25.684
2.8659	28.243
3.6525	31.096
4.6078	33.95
5.6756	37.099
6.5184	39.166
7.4737	42.315
8.4292	44.48
9.4968	47.038
10.508	49.595
12.419	55.008
12.7	55.894
13.487	58.651
14.161	60.915
14.948	63.669
15.791	66.128
16.69	68.784
17.645	71.444
18.657	74.495
19.612	77.053
20.567	79.708
21.466	82.07
22.365	84.236
22.703	85.024
23.658	86.598
22.59	80.593
22.365	77.053
22.084	73.61
21.803	71.048
21.41	67.312
20.736	62.094
20.005	57.566
19.443	54.417
18.6	49.204
17.87	44.974
17.139	40.544
16.296	36.115
15.172	30.801
13.992	25.487
12.925	20.665
11.969	16.434
11.014	12.006
9.7777	7.7742
8.7102	4.133
7.7549	1.3777
6.968	-0.68886
5.7318	-3.5426
4.889	-5.6089
3.8773	-8.3645
2.922	-10.923
1.7982	-13.875
0.78671	-16.926
-0.056195	-19.976
-0.78671	-22.633
-1.6858	-25.684
-2.6411	-28.439
-3.765	-31.392
-4.7765	-34.442
-5.9566	-38.378
-7.3053	-42.905
-8.5415	-47.331
-9.3845	-50.187
-10.508	-54.025
-11.52	-57.077
-12.644	-60.519
-14.386	-64.852
-15.453	-67.703
-16.858	-71.248
-18.375	-74.691
-19.275	-76.657
-20.736	-80.104
-22.028	-82.857
-22.983	-85.024
-23.489	-85.909
-23.995	-86.3
-24.613	-84.828
-24.838	-83.449
-23.77	-78.725
-22.365	-71.933
-21.691	-66.818
-21.242	-62.979
-20.848	-59.928
-20.398	-56.583
-19.555	-50.187
-18.6	-44.974
-17.533	-38.477
-16.184	-31.785
-14.835	-26.078
-13.655	-21.649
-12.644	-17.516
-11.126	-12.891
-9.5529	-8.3645
-8.0358	-3.9363
-6.35	1.0825
-5.0013	5.2157
-3.5964	9.8408
-2.4725	13.285
-1.1239	16.827
0.22478	20.567
1.4611	24.011
2.7536	27.357
4.2708	31.785
5.7318	36.017
7.3614	40.544
11.295	50.285
12.307	52.647
13.149	55.6
14.217	59.439
15.285	62.881
16.858	67.111
17.982	70.163
18.937	72.823
20.005	75.772
20.792	77.742
22.084	80.3
23.096	82.266
23.601	82.955
22.983	78.921
22.534	74.099
21.972	69.771
21.466	64.75
21.073	60.915
20.286	55.106
19.331	49.595
18.375	44.774
17.701	40.838
16.858	36.017
15.847	31.293
14.835	26.274
13.543	21.059
12.475	16.729
11.239	11.809
10.171	8.3645
8.8224	4.625
7.5862	1.5745
6.6871	-0.59043
5.6195	-2.8538
4.6078	-5.314
3.3716	-8.6598
2.1354	-12.104
1.1801	-15.056
0.056195	-18.501
-0.84292	-21.453
-2.023	-25.389
-3.3716	-29.03
-4.6078	-32.474
-6.35	-37.296
-7.4176	-41.33
-8.2045	-44.184
-9.1034	-47.135
-10.115	-50.382
-11.014	-52.945
-12.026	-55.991
-13.318	-60.026
-14.667	-63.767
-15.959	-67.605
-17.364	-71.444
-18.657	-74.887
-20.174	-78.036
-21.466	-80.398
-22.759	-82.662
-23.826	-84.138
-24.444	-85.024
-24.613	-78.432
-24.051	-71.048
-23.489	-67.312
-22.703	-62.49
-21.859	-56.779
-21.242	-52.744
-20.455	-48.221
-19.555	-43.397
-18.544	-38.674
-17.533	-34.049
-16.353	-29.424
-14.835	-23.322
-13.487	-18.402
-12.194	-14.17
-10.565	-8.8564
-8.935	-4.0346
-7.3614	0.68886
-5.9566	4.4283
-4.6642	7.8725
-3.5403	11.12
-2.4164	14.269
-1.2925	17.418
-0.11239	20.665
0.78671	23.618
1.742	26.57
2.922	30.703
4.046	33.852
5.3383	37.591
6.6309	40.838
8.0919	44.381
9.3281	47.923
10.733	51.17
11.913	53.83
12.981	56.387
14.329	59.238
15.959	63.077
17.083	66.128
18.263	69.673
19.499	73.41
20.286	75.38
23.04	80.691
25.794	86.007
27.028	88.075
28.826	90.437
30.401	92.109
32.255	93.288
33.828	94.271
35.403	95.454
36.807	96.241
38.379	97.029
40.178	97.62
41.864	98.31
43.213	98.701
44.729	99.195
46.304	99.586
47.371	99.684
47.932	99.782
48.946	99.782
47.991	95.552
47.876	93.288
47.765	90.437
47.541	87.087
47.036	78.529
46.642	75.082
46.248	71.933
45.743	68.197
45.293	64.95
44.618	61.502
43.718	56.779
42.819	52.157
41.697	47.233
40.853	43.397
39.842	39.559
38.661	35.524
37.48	31.785
35.908	27.16
34.953	24.306
33.828	21.059
32.873	18.304
31.412	14.466
30.289	11.907
29.053	9.1518
27.422	5.4123
26.132	2.8538
25.063	0.98408
24.22	-0.59043
22.759	-2.657
21.41	-4.2315
19.275	-6.1013
17.083	-8.1679
15.566	-10.234
13.487	-13.187
11.857	-15.647
10.508	-18.205
9.3845	-20.862
7.9233	-23.913
6.2375	-27.357
3.5964	-33.163
2.0792	-36.312
0.28097	-39.953
-0.95529	-42.708
-1.8544	-45.072
-3.0345	-47.531
-4.383	-50.187
-6.35	-53.434
-9.2159	-58.451
-10.452	-60.715
-11.576	-62.881
-12.981	-65.933
-13.824	-67.605
-15.341	-70.065
-17.139	-72.622
-18.881	-75.18
-20.567	-77.542
-22.253	-79.415
-23.883	-80.593
-26.017	-82.368
-27.648	-82.759
-29.67	-82.955
-31.75	-82.662
-33.322	-82.168
-35.291	-81.283
-36.134	-80.3
-37.201	-77.84
-37.201	-74.887
-36.469	-68.099
-36.134	-64.456
-35.684	-59.634
-34.897	-55.008
-34.221	-51.17
-33.437	-46.446
-32.311	-39.855
-31.412	-35.032
-30.234	-29.424
-29.39	-25.487
-28.491	-21.551
-27.31	-16.532
-25.85	-10.825
-24.894	-7.2823
-23.77	-3.4442
-21.859	2.3618
-20.904	4.7233
-20.174	5.806
-17.982	7.7742
-16.184	8.9552
-14.217	9.9391
-12.644	10.529
-11.014	11.12
-9.7216	11.612
-8.4292	11.907
-7.3053	12.202
-6.4623	12.301
