"Wight and Soze, 1973, Spec. WS033E"	
699	
0	0
-0.30749	-3.1194
-0.4305	-4.5178
-0.6765	-6.1311
-0.79949	-8.0673
-0.984	-9.7887
-1.23	-11.725
-1.722	-16.458
-1.968	-19.47
-2.337	-23.557
-2.46	-26.246
-2.7676	-29.366
-3.0749	-31.732
-3.3825	-34.529
-3.5669	-37.218
-3.813	-39.262
-4.0589	-41.305
-4.428	-43.134
-4.7356	-45.072
-4.9814	-46.682
-5.5349	-50.342
-5.904	-52.384
-6.5804	-54.537
-6.9494	-56.04
-7.6876	-59.27
-8.3025	-61.849
-8.6716	-64.002
-9.4094	-66.907
-10.762	-72.929
-11.624	-77.342
-12.177	-79.277
-12.853	-80.998
-13.53	-82.933
-13.038	-80.673
-12.423	-77.88
-12.054	-74.219
-11.624	-71.315
-11.254	-68.735
-10.824	-66.369
-10.455	-63.571
-9.348	-57.873
-8.733	-53.029
-8.241	-48.19
-7.257	-40.768
-6.6418	-35.604
-6.0269	-30.872
-5.5964	-27.214
-4.9814	-21.513
-4.305	-16.673
-3.6284	-11.94
-2.8905	-6.8842
-2.214	-2.0438
-1.599	2.0438
-0.984	6.6693
-0.36899	11.51
0.4305	17.534
0.9225	21.083
1.2915	24.848
1.7835	29.258
2.46	33.668
3.2596	38.831
3.9975	42.596
4.6739	46.148
5.904	52.602
6.5189	55.613
7.1338	58.625
8.0564	62.494
8.856	65.724
9.5324	68.842
10.393	72.609
10.947	74.544
11.254	76.047
10.947	72.716
10.393	66.475
9.717	62.174
8.9789	57.762
8.364	52.709
7.8105	48.514
7.1338	43.887
6.5189	39.692
5.904	34.529
5.1044	28.075
4.4894	22.696
3.9975	18.609
3.5055	14.091
2.8905	8.3903
2.337	3.7648
1.845	-0.10757
1.2915	-5.0556
0.36899	-9.6811
-0.36899	-13.123
-1.0455	-16.135
-1.968	-20.222
-2.7676	-22.912
-3.7516	-25.278
-4.305	-28.613
-5.2276	-34.744
-5.8425	-40.015
-7.0724	-47.331
-8.1178	-54.857
-9.4094	-62.712
-10.701	-69.918
-11.808	-76.047
-12.361	-78.307
-13.284	-81.318
-13.776	-82.933
-12.976	-78.738
-12.177	-75.514
-11.254	-70.781
-10.578	-66.044
-9.717	-60.991
-8.9789	-55.613
-8.4254	-50.769
-7.9949	-46.468
-7.5029	-41.628
-6.9494	-35.174
-6.1498	-28.398
-5.1659	-20.008
-4.0589	-11.94
-3.0749	-4.8403
-2.091	1.1832
-1.2915	5.701
-0.1845	13.768
0.55349	17.748
1.4145	22.589
2.2755	28.936
3.321	34.206
4.1819	39.262
5.3505	45.499
6.7036	52.064
7.6876	58.838
8.856	64.861
10.27	70.995
11.931	76.804
13.591	81.857
15.375	86.376
16.42	88.635
17.712	90.677
19.065	92.292
20.172	93.154
21.955	94.12
22.632	94.226
22.324	90.788
21.894	86.482
21.463	81.643
21.033	76.159
20.172	70.456
19.557	65.937
18.696	61.204
18.081	57.441
17.404	53.029
16.297	47.006
15.252	42.704
14.391	38.401
13.591	34.529
12.361	29.366
11.132	23.557
9.5324	18.179
8.1796	13.661
7.1338	9.7887
5.6578	4.7331
5.0429	2.474
3.2596	-2.1513
2.337	-4.1951
1.1685	-6.3464
0.1845	-7.6372
-0.36899	-11.08
-1.5375	-16.027
-2.6444	-21.083
-3.3825	-25.709
-5.289	-35.497
-6.2116	-41.198
-7.257	-47.331
-8.3025	-54.319
-9.348	-60.128
-10.27	-66.582
-11.07	-72.284
-12.115	-77.987
-13.038	-80.998
-13.96	-83.04
-15.129	-85.193
-16.482	-86.807
-18.327	-88.097
-19.68	-88.956
-20.971	-89.494
-22.14	-89.925
-22.755	-90.032
-22.755	-88.529
-22.816	-85.838
-22.878	-82.933
-22.878	-78.2
-22.693	-73.681
-22.509	-69.487
-22.201	-65.937
-21.832	-61.956
-21.217	-58.193
-20.11	-53.247
-18.634	-47.976
-17.527	-43.779
-16.543	-39.8
-15.682	-36.035
-14.637	-32.27
-13.345	-27.752
-11.992	-23.235
-11.377	-20.653
-10.332	-15.705
-9.1018	-11.187
-8.1178	-7.6372
-7.257	-4.0875
-6.6418	-1.1832
-6.0269	1.6135
-5.3505	5.1632
-4.6124	8.4979
-3.6899	11.832
-3.0749	14.521
-2.5215	16.781
-1.7835	19.577
-0.984	22.266
-0.061498	24.74
0.738	26.892
2.091	30.226
3.3825	33.453
4.4894	36.358
5.412	38.939
6.273	41.413
8.4869	48.296
9.1018	50.449
9.9014	53.247
10.885	56.903
12.054	60.666
12.607	62.494
12.607	62.606
14.022	67.227
16.113	73.792
17.527	77.555
18.634	80.246
19.926	82.613
20.664	84.116
21.463	85.624
22.201	87.021
23.001	88.311
23.493	86.914
23.37	81.212
22.693	76.047
22.078	72.284
21.463	68.303
20.172	61.529
19.249	57.762
18.081	52.922
16.728	47.22
15.682	42.812
14.637	37.541
12.853	30.872
11.439	26.676
9.717	20.33
8.7945	16.565
6.6418	9.1433
5.3505	4.4102
3.7516	0
2.3985	-3.5497
1.2915	-6.0239
0.6765	-7.5296
-0.61498	-11.725
-1.722	-15.92
-2.7676	-20.438
-3.7516	-23.987
-4.6739	-27.86
-6.396	-34.421
-7.6876	-39.047
-9.5324	-45.072
-11.008	-50.769
-12.361	-56.797
-13.468	-61.529
-15.006	-67.876
-16.482	-72.391
-17.343	-74.758
-18.204	-77.235
-19.741	-81.105
-20.356	-82.288
-21.402	-84.223
-21.771	-84.761
-22.263	-85.406
-22.509	-85.406
-22.57	-84.116
-22.632	-81.105
-22.632	-77.555
-22.324	-73.254
-22.14	-69.918
-21.955	-66.262
-21.525	-62.067
-20.602	-57.117
-19.68	-52.816
-18.696	-48.941
-16.666	-41.521
-15.129	-34.959
-14.329	-30.979
-13.407	-26.999
-11.439	-19.577
-9.4094	-12.155
-8.4869	-8.3903
-7.6258	-4.3027
-6.5189	0.10757
-5.412	4.5178
-3.9975	10.111
-2.952	14.307
-0.79949	22.266
0.061498	24.956
1.0455	27.752
2.091	30.334
3.444	33.668
4.428	36.035
5.7196	38.509
6.7036	40.338
7.8105	42.704
8.7945	44.854
10.024	48.19
10.947	51.739
11.808	54.644
12.546	57.548
13.407	60.56
14.637	65.83
15.313	68.197
17.404	74.437
18.081	76.265
18.634	77.555
19.741	79.922
20.541	81.857
21.771	83.903
22.386	84.979
23.001	85.731
23.062	85.944
22.878	81.212
22.201	76.372
21.463	71.639
20.848	66.907
19.741	60.666
18.634	56.365
17.589	51.953
16.728	48.621
15.805	44.64
14.883	40.983
14.206	37.971
13.468	34.851
12.423	30.119
11.316	25.601
9.5324	18.501
8.0564	13.016
6.273	6.8842
5.0429	2.9043
3.9975	-0.53785
2.5829	-4.3027
1.1685	-6.8842
0.246	-8.4979
-1.2915	-12.585
-2.337	-17.103
-3.444	-21.513
-4.2436	-24.095
-5.5964	-28.075
-6.765	-31.624
-7.5029	-33.991
-8.5484	-37.648
-9.717	-41.843
-10.516	-44.854
-11.377	-47.758
-12.73	-51.632
-13.96	-56.04
-14.821	-59.59
-15.436	-62.388
-15.99	-64.972
-16.666	-67.445
-17.466	-70.025
-18.88	-74.113
-19.618	-75.834
-20.172	-77.124
-21.525	-80.46
-21.832	-80.891
-22.201	-81.536
-22.632	-81.643
-22.509	-79.383
-22.324	-76.479
-21.894	-71.746
-21.586	-67.876
-21.094	-63.033
-20.602	-58.731
-20.049	-54.537
-19.003	-49.266
-17.958	-44.533
-16.297	-38.186
-14.883	-32.593
-13.222	-26.784
-12.054	-21.728
-11.07	-17.318
-9.7785	-12.693
-8.733	-8.928
-7.6876	-4.7331
-6.0269	0.6454
-4.797	5.8086
-3.813	10.649
-2.5215	15.597
-1.5375	19.255
-0.36899	23.019
0.6765	26.246
3.3825	32.7
4.305	34.959
5.412	37.541
6.396	39.585
7.5029	41.951
8.6098	44.425
9.4094	46.468
10.209	48.835
11.377	52.602
13.653	60.239
14.637	63.464
15.805	66.475
16.912	69.487
18.819	73.254
20.541	77.017
21.463	79.17
22.201	80.673
22.755	81.75
23.001	82.395
23.247	82.613
23.062	79.601
22.447	75.834
21.709	71.208
21.033	66.369
20.11	61.849
19.003	57.01
17.958	52.384
16.728	47.113
15.621	42.489
14.391	37.218
13.161	32.055
11.746	26.569
10.578	22.051
9.5324	17.856
8.3025	13.016
7.3185	9.0357
6.396	5.5934
5.3505	2.0438
4.2436	-1.0757
3.0749	-3.8724
1.9065	-6.454
1.23	-7.9601
0.123	-9.7887
-0.79949	-11.617
-1.1685	-12.585
-2.6444	-18.286
-4.1819	-22.696
-4.4894	-23.665
-5.9654	-28.613
-6.9494	-31.194
-7.9949	-34.637
-8.4869	-36.573
-8.9174	-37.971
-9.7785	-41.305
-10.332	-43.242
-11.746	-48.403
-12.607	-51.201
-14.637	-58.3
-15.375	-60.56
-16.359	-63.571
-17.281	-66.262
-18.142	-68.521
-18.942	-70.781
-19.557	-72.391
-20.356	-74.437
-21.648	-77.342
-22.57	-79.277
-22.632	-79.277
-22.755	-75.082
-22.509	-70.35
-22.263	-66.475
-21.955	-62.606
-21.34	-58.625
-20.664	-54.857
-19.557	-49.698
-17.958	-43.779
-16.728	-39.047
-15.252	-33.668
-13.776	-28.29
-10.947	-17.748
-8.364	-8.8204
-7.38	-5.1632
-6.888	-3.227
-6.396	-0.43027
-5.7196	2.5816
-5.0429	5.8086
-4.1819	9.3581
-3.0749	13.554
-1.845	17.964
-1.0455	20.76
-0.061498	23.665
1.0455	27.107
2.091	29.903
3.1364	33.023
3.936	34.959
5.4734	38.401
6.5189	39.907
7.6876	42.489
9.4094	45.61
10.578	47.758
11.377	50.018
12.115	51.739
12.976	54.105
14.391	57.762
15.436	60.773
16.051	62.281
18.757	70.888
19.434	73.036
20.602	75.296
21.832	77.555
22.693	79.17
22.632	78.952
22.201	75.402
21.463	69.487
20.787	65.185
20.11	62.067
19.249	58.3
18.45	54.968
17.712	51.846
16.974	48.728
16.236	45.178
15.129	40.768
14.391	37.648
13.653	34.314
12.546	29.689
11.07	24.095
9.5938	18.824
8.7945	15.597
7.749	11.725
6.7036	7.6372
5.6578	3.6573
4.305	-0.43027
3.2596	-3.227
0.79949	-8.2826
0	-10.004
-0.79949	-12.263
-1.968	-15.49
-3.2596	-19.039
-4.428	-22.374
-5.7196	-25.923
-7.0109	-29.473
-8.364	-33.13
-9.5938	-36.25
-10.885	-40.015
-11.869	-43.134
-12.853	-46.037
-13.837	-49.586
-14.698	-52.602
-15.744	-56.152
-16.666	-59.59
-17.65	-63.357
-18.819	-68.303
-19.311	-69.811
-20.356	-72.178
-21.217	-73.899
-22.078	-75.514
-22.324	-75.62
-22.386	-73.899
-22.14	-71.208
-21.894	-67.983
-21.709	-65.399
-21.463	-62.174
-20.971	-58.086
-20.479	-54.212
-19.495	-49.804
-18.45	-45.392
-17.343	-40.768
-15.867	-35.604
-14.514	-30.872
-13.099	-25.709
-11.869	-20.975
-10.332	-15.274
-8.9789	-10.649
-7.9334	-6.7765
-6.7036	-2.1513
-5.781	1.2908
-4.92	5.3785
-3.936	9.7887
-2.8905	14.307
-2.091	16.995
-1.1685	20.438
-0.123	23.987
0.738	26.892
2.091	30.764
3.6284	34.099
5.0429	37.003
6.6418	40.015
8.0564	43.027
9.1018	45.61
10.516	49.053
11.808	52.277
13.284	56.04
14.452	59.27
15.498	62.388
17.22	67.12
18.511	70.995
19.741	73.899
20.602	76.047
21.832	78.2
23.124	80.246
24.108	81.75
26.568	84.116
28.412	85.624
29.705	86.269
31.181	86.914
32.779	87.345
34.072	87.559
35.486	87.239
36.591	85.838
37.884	83.578
39.053	81.75
40.528	80.135
42.065	78.525
43.419	76.372
44.587	74.331
45.57	72.609
46.495	71.315
47.109	70.563
47.109	67.552
46.431	63.251
45.634	59.376
44.895	56.258
43.912	51.526
43.297	48.403
42.619	45.178
41.758	41.091
40.958	37.433
39.606	32.163
38.621	28.29
37.76	24.956
36.591	20.868
35.486	17.103
34.318	13.876
32.779	9.5734
31.242	5.701
29.888	3.0119
27.551	-1.2908
25.89	-3.98
23.862	-6.2388
21.832	-8.6055
19.188	-11.832
16.851	-14.414
14.883	-16.458
12.484	-19.792
10.148	-22.482
7.5644	-25.709
5.781	-28.29
3.5055	-32.27
1.0455	-37.864
-0.4305	-41.091
-2.337	-45.178
-3.8745	-48.403
-5.4734	-51.739
-6.9494	-54.857
-8.4254	-57.441
-10.148	-59.701
-11.808	-61.636
-14.083	-63.789
-16.174	-65.617
-17.896	-66.8
-20.664	-68.303
-22.632	-68.842
-24.231	-69.166
-27.983	-69.38
-29.827	-69.06
-32.288	-68.948
-35.116	-69.06
-38.006	-68.842
-40.897	-68.521
-42.987	-67.876
-44.465	-67.552
-45.263	-67.552
-44.587	-64.216
-44.033	-60.346
-43.233	-56.04
-42.189	-51.308
-41.204	-47.113
-40.221	-43.565
-39.113	-39.907
-37.638	-34.851
-36.223	-31.194
-34.808	-27.86
-33.64	-24.74
-32.349	-21.191
-30.81	-17.856
-29.088	-14.199
-27.429	-11.08
-26.261	-8.2826
-25.092	-6.0239
-23.062	-2.2589
-21.34	0.43027
-19.557	3.0119
-17.589	5.4857
-15.498	8.0673
-13.407	10.326
-11.931	11.725
-9.717	13.554
