"Wight and Sozen, 1973, Spec. WS092E"	
431	
0	0
0.48445	9.1362
0.6921	13.223
1.1073	18.152
1.7302	29.092
2.3531	34.622
3.1143	41.714
3.668	50.129
5.0523	59.505
6.0904	68.161
6.7826	73.45
7.6822	79.464
9.2047	86.313
9.62	90.761
10.866	94.969
11.766	97.976
12.942	102.18
14.119	104.71
15.572	106.03
18.202	107.23
20.97	108.79
22.908	108.91
26.645	110.35
28.999	110.84
32.736	111.8
34.95	111.92
39.449	113.6
43.185	114.44
46.507	114.8
48.445	114.92
50.523	115.53
51.559	115.77
52.113	115.89
51.699	111.08
51.699	106.87
51.631	102.54
50.8	96.891
50.246	92.563
49.484	87.995
48.793	82.946
48.308	79.584
47.615	75.256
46.716	70.087
45.54	64.554
44.501	59.746
43.462	54.577
42.494	50.249
41.455	46.281
40.348	41.835
39.24	37.267
38.273	32.819
37.302	28.251
37.097	27.409
36.195	24.283
35.09	20.797
33.912	17.551
32.598	14.426
31.074	10.939
29.553	7.6937
27.892	4.0873
26.162	0
24.846	-3.0054
23.739	-5.7704
22.424	-8.7755
20.832	-12.262
18.548	-16.59
17.094	-19.355
15.295	-22.841
13.496	-26.207
11.558	-30.294
9.6893	-34.381
8.4435	-36.906
6.9901	-40.632
5.4676	-44.96
3.8064	-49.168
2.0763	-53.616
-0.06921	-58.785
-1.661	-63.713
-2.6993	-67.441
-4.0142	-71.889
-5.8826	-78.138
-7.4054	-83.307
-8.7894	-88.36
-11.212	-94.849
-12.527	-98.216
-14.465	-102.9
-16.264	-106.39
-17.856	-108.19
-20.071	-109.51
-24.015	-112.28
-28.169	-113.84
-32.875	-115.89
-36.543	-117.09
-39.588	-118.05
-41.872	-118.41
-44.364	-119.01
-46.37	-119.25
-49.693	-120.7
-51.699	-121.18
-51.422	-118.77
-51.422	-114.2
-51.422	-108.91
-51.145	-105.31
-50.8	-102.18
-50.452	-98.456
-50.107	-95.69
-49.553	-91.242
-48.654	-86.794
-47.686	-82.226
-46.993	-78.979
-46.025	-73.69
-45.263	-68.762
-44.569	-64.314
-43.947	-60.706
-42.979	-55.177
-41.872	-50.85
-40.002	-42.436
-38.895	-38.348
-37.856	-34.261
-36.749	-29.693
-35.436	-24.764
-33.843	-18.994
-32.875	-15.748
-31.143	-9.8577
-29.83	-5.8905
-27.892	-0.48087
-26.299	3.1256
-24.223	6.8521
-22.355	9.8577
-20.347	13.825
-18.686	15.988
-15.779	20.076
-13.496	23.803
-12.527	25.125
-10.658	27.529
-8.0282	31.857
-6.8516	34.141
-4.4986	38.228
-2.0763	42.676
-0.41526	46.041
0.55367	48.207
2.2147	51.57
4.5677	56.018
6.2288	59.625
7.7513	62.632
9.5509	66.36
11.281	69.963
12.596	73.09
14.465	76.096
16.956	79.464
19.448	83.671
22.631	88.239
25.745	92.687
29.482	97.496
33.983	101.46
36.195	103.26
39.24	105.67
41.25	107.23
45.263	110.23
47.892	111.92
50.937	113.84
51.836	113.84
51.836	108.55
51.077	100.74
50.315	94.249
49.276	86.794
47.963	76.817
47.269	74.411
46.231	67.2
44.641	60.466
43.117	54.457
41.732	47.847
40.348	41.474
38.895	35.944
37.579	30.655
35.85	24.404
34.742	20.316
32.944	14.546
32.39	13.344
31.628	11.661
30.452	8.7755
28.514	4.8087
26.439	0.84152
25.4	-1.3223
23.877	-4.3277
22.078	-7.5736
20.693	-9.9778
18.686	-12.623
16.333	-15.988
14.88	-17.671
13.911	-19.355
12.388	-21.759
9.8969	-26.447
8.1666	-30.535
6.7132	-33.9
4.8445	-37.026
2.8374	-40.993
-0.20763	-48.207
-2.5608	-54.217
-4.0142	-57.704
-5.606	-61.191
-7.8207	-65.639
-10.104	-69.242
-12.804	-73.33
-16.333	-79.343
-19.378	-83.186
-22.147	-87.274
-25.4	-91.482
-28.1	-94.369
-31.351	-97.976
-33.706	-100.62
-35.641	-103.14
-36.957	-104.59
-40.279	-107.83
-43.117	-109.87
-45.471	-112.16
-48.722	-114.68
-50.452	-115.65
-51.422	-116.49
-51.283	-114.08
-50.8	-110.47
-51.077	-104.35
-50.523	-100.14
-49.898	-95.81
-48.999	-90.041
-48.377	-85.353
-47.892	-82.346
-47.201	-79.223
-46.439	-75.856
-45.471	-69.722
-44.917	-65.879
-43.878	-60.586
-42.84	-55.778
-42.149	-52.896
-41.318	-48.808
-40.142	-42.676
-38.895	-37.387
-36.749	-29.092
-35.296	-23.923
-34.051	-19.234
-32.527	-14.065
-30.937	-8.896
-29.621	-5.4097
-26.921	0.84152
-24.708	5.5298
-22.977	8.4152
-20.763	12.022
-18.617	15.387
-16.403	18.754
-14.465	21.519
-12.458	24.524
-9.9659	28.491
-7.8897	32.217
-6.0211	35.463
-5.3983	36.545
-3.4605	40.392
-1.1073	45.321
0.41526	48.207
2.9759	51.81
5.1907	54.817
6.4364	57.103
9.0663	61.551
11.004	65.394
12.596	68.401
14.88	72.129
17.925	76.577
20.278	80.184
23.185	83.791
25.192	86.193
27.823	89.56
31.006	93.168
33.152	95.33
37.026	99.057
40.419	101.58
42.631	102.9
46.025	104.83
48.722	106.03
50.246	106.63
51.976	106.99
51.976	106.27
51.836	102.06
51.283	93.408
50.8	86.794
50.175	81.625
49.347	76.216
48.031	68.401
47.201	63.113
46.025	58.184
44.846	52.896
43.117	45.681
41.526	39.19
39.657	33.179
38.204	28.371
36.335	23.201
34.605	18.754
32.804	14.786
30.937	10.579
28.859	6.0106
27.13	2.1639
24.223	-3.7267
22.424	-6.1311
20.555	-8.2946
20.001	-9.0161
18.548	-10.699
14.88	-15.027
12.181	-19.595
9.4816	-24.163
7.6822	-27.89
5.606	-32.217
3.4605	-36.184
1.2458	-40.152
-1.1766	-45.08
-3.3912	-49.048
-5.3983	-52.415
-7.5438	-56.018
-10.243	-61.071
-12.388	-65.034
-14.672	-69.482
-18.617	-75.256
-21.524	-79.343
-23.946	-82.346
-26.299	-85.473
-29.136	-88.72
-31.214	-90.761
-33.429	-93.288
-35.85	-95.57
-38.758	-97.496
-41.595	-99.297
-44.709	-101.22
-47.686	-103.5
-50.246	-105.07
-51.836	-105.91
-52.184	-105.79
-51.559	-100.5
-50.729	-94.729
-50.383	-91.002
-50.038	-86.313
-49.761	-83.186
-49.484	-79.704
-48.585	-72.969
-47.755	-69.122
-46.37	-64.314
-45.055	-58.064
-43.739	-53.016
-42.009	-44.48
-39.588	-34.742
-37.927	-28.972
-36.472	-23.803
-33.912	-16.349
-31.491	-10.338
-28.722	-4.3277
-25.954	1.9234
-23.046	7.9343
-18.479	15.988
-15.71	19.595
-13.703	22.48
-11.004	26.808
-8.3744	31.376
-6.3673	35.343
-2.2147	40.873
1.2458	44.6
4.7061	48.328
10.658	55.898
14.05	59.986
16.61	63.233
19.725	66.72
24.154	71.648
28.029	75.496
30.729	77.898
34.12	80.544
39.312	84.752
41.178	85.953
43.878	87.514
46.439	88.72
49.484	90.281
51.422	91.482
51.559	85.713
51.283	82.586
51.006	78.859
50.592	72.969
50.038	68.401
49.276	62.632
48.517	58.424
47.546	54.577
46.025	49.528
44.986	46.041
43.533	41.354
41.526	36.184
39.794	31.736
38.204	27.89
36.82	24.404
34.742	19.234
33.429	16.109
31.905	12.623
28.445	5.4097
26.299	0.48087
24.431	-3.4862
22.078	-6.4914
20.763	-7.9343
18.686	-10.338
16.056	-12.623
13.842	-15.027
10.312	-19.234
7.0594	-23.923
4.2908	-27.649
1.1766	-31.857
-1.9378	-37.267
-4.5677	-41.955
-7.2669	-46.642
-9.8969	-50.729
-12.388	-54.337
-16.749	-62.032
-18.686	-65.519
-20.901	-68.642
-23.6	-72.249
-26.299	-75.856
-28.928	-78.378
-31.905	-81.865
-34.536	-84.152
-37.374	-86.554
-39.517	-88.48
-42.08	-90.882
-43.185	-91.722
-44.432	-92.203
-45.331	-91.722
-46.025	-91.122
-47.061	-89.32
-48.585	-85.833
-49.416	-83.186
-50.107	-81.025
-50.8	-78.618
