"Wight and Soze, 1973, Spec. WS147E"	
693	
0	0
0.6	8.1083
1.4	18.302
2.1333	23.283
3.0665	34.982
4.3332	45.752
4.9334	52.126
6	59.536
7.1999	65.448
8.1333	70.888
9.1999	76.799
10.333	82.012
11.333	87.336
12.333	91.624
13.6	96.49
14.933	100.77
17.6	104.83
19.6	106.57
23.133	108.54
27	110.62
30.066	112.59
33.668	114.44
37.932	115.95
41.199	116.88
45.199	118.15
48.001	119.08
50.333	119.66
51.333	119.77
51.666	116.41
51.199	110.39
50.8	105.99
50.267	98.808
49.2	90.584
48.199	81.892
46.599	75.87
45.466	70.541
44.468	64.75
43.134	58.958
41.867	53.051
40.066	45.752
38.6	38.92
36.934	31.97
35.466	26.642
34.066	20.387
32.799	16.101
32.466	14.943
31.666	12.51
30.8	9.3826
29.868	6.2552
28.4	2.3167
26.266	-3.0117
25.466	-4.8652
24.067	-7.8765
22.933	-10.657
21.667	-13.553
20.2	-17.027
18.133	-20.966
16.6	-23.862
15.067	-26.989
12.733	-31.159
10.867	-34.518
9	-38.109
7.1999	-41.932
5.5334	-44.943
4.2667	-48.416
3.1999	-51.432
1.1333	-56.641
-0.53332	-60.929
-1.8667	-65.795
-2.8666	-69.731
-4.8001	-76.915
-6.5334	-81.661
-8.0668	-85.833
-9.2667	-89.538
-10.533	-92.896
-12.067	-97.184
-13.533	-100.66
-15	-102.63
-16.667	-104.25
-19	-105.87
-21.667	-107.15
-25.133	-108.88
-27.8	-110.16
-31.466	-111.2
-34.933	-111.78
-39.934	-113.75
-43.134	-114.56
-45.535	-114.79
-47.866	-115.49
-50.066	-115.83
-50.333	-112.01
-50.401	-106.91
-50.066	-100.43
-49.266	-90.468
-48.867	-85.833
-48.4	-82.59
-48.133	-80.157
-47.734	-76.684
-46.599	-70.888
-45.867	-66.72
-45.334	-63.13
-44.6	-58.958
-43.599	-54.675
-42.733	-49.809
-41.267	-44.943
-40.201	-41.237
-39.4	-37.762
-38.067	-33.36
-36.934	-28.843
-35.933	-25.367
-35.001	-21.545
-34.133	-17.723
-33.066	-13.437
-31.801	-9.73
-30.401	-6.1391
-29.266	-3.3592
-27.666	0.46335
-26.401	2.78
-25.133	5.2126
-23.333	7.5291
-22.267	8.6874
-20.733	10.773
-19.067	12.973
-16.8	15.985
-14.6	18.881
-12.333	21.893
-10.467	24.441
-8.4666	27.105
-6.4	29.885
-4.4666	33.36
-2.5333	37.067
-0.86667	39.963
0.8	42.974
2.3333	45.872
4.1999	49.23
6	52.589
8.2667	56.294
9.7333	58.611
13.8	67.414
17.267	72.974
20.133	77.377
22.267	81.314
24.133	84.556
25.867	87.688
27.932	90.93
29.334	93.595
30.734	95.792
32.4	97.878
34.133	99.733
36.065	101.82
38.001	104.02
40	106.22
42.067	108.77
43.734	110.39
45.268	111.89
48.067	114.56
49.799	116.64
50.668	118.38
50.401	109.58
49.667	100.31
49.068	90.699
48.133	84.556
47.201	78.996
45.199	68.575
44.201	63.362
43.467	59.652
42.532	55.484
41.666	51.779
40.8	47.954
39.601	42.395
38.534	38.109
37.333	32.549
35.999	27.337
34.801	22.819
33.401	17.607
30.932	9.1509
29.868	6.2552
28.732	2.8958
27.8	0
26.065	-4.17
25	-6.2552
23.533	-8.1083
21.467	-10.077
19.2	-11.815
17.533	-14.132
13.067	-19.923
9.5999	-26.526
7.6667	-30.117
6.3332	-32.317
5	-34.055
3.1333	-37.298
0.66667	-41.584
-3.1999	-49.924
-4.8666	-54.208
-7	-59.421
-11.067	-66.72
-12.467	-68.922
-13.867	-71.355
-15.2	-73.672
-17.333	-76.799
-19.2	-79.579
-21.533	-82.706
-25.667	-88.15
-27.132	-89.77
-29.134	-91.74
-31.666	-94.52
-33.533	-96.375
-35.4	-98.341
-38.534	-101.47
-40.866	-103.67
-42.733	-104.95
-44.734	-106.68
-47	-108.3
-48.4	-109.35
-50.333	-111.43
-50.066	-103.09
-49.601	-93.826
-48.999	-86.874
-48.466	-81.314
-47.932	-78.071
-47	-71.702
-46.266	-67.53
-45.4	-63.246
-44.6	-59.421
-43.668	-55.137
-42.466	-50.04
-41.534	-45.988
-40.8	-42.974
-40	-39.847
-39.134	-35.677
-38.199	-32.317
-37.333	-29.074
-36.401	-25.367
-35.133	-21.197
-34.333	-19.228
-33.668	-16.796
-32.799	-14.016
-31.999	-11.236
-31.199	-8.4556
-30.267	-5.3283
-29.334	-2.8958
-28.268	-0.3475
-27.066	1.8533
-25.933	3.8225
-24.6	5.3283
-22.533	6.8344
-20.867	8.2244
-19.333	9.9617
-17.867	11.815
-16.467	13.9
-14.733	16.68
-12.2	20.387
-9.5334	24.209
-7.5999	26.757
-5.4666	30.117
-3.2667	33.36
-1.0667	36.719
0.8	40.078
2.5999	43.322
3.8666	45.521
5.5999	48.301
6.8666	50.271
8.6667	53.63
10.2	56.41
12.2	59.888
14.867	64.403
16.533	66.604
18.067	68.806
21.6	74.482
24.133	79.348
25.933	82.822
27.932	85.949
30.467	90.468
32.2	93.71
34.066	96.837
35.4	99.039
37.734	101.47
38.933	102.98
40.201	104.48
43.134	107.38
44.867	109.23
46.401	111.2
48.268	113.29
49.667	114.67
50.267	115.14
51.6	116.07
51.001	109.46
50.866	103.55
50.135	96.606
49.134	90.93
47.734	83.631
46.134	74.366
45.133	68.575
44.267	63.94
43.2	58.38
41.732	52.242
40.734	47.838
39.733	43.785
38.466	38.573
37.333	33.939
36.065	28.727
34.666	23.167
33.2	17.838
31.801	13.089
30.599	9.2665
29.334	5.3283
27.333	-0.3475
26.065	-3.1275
25	-5.0965
23.867	-7.2974
21.867	-10.077
20.267	-11.236
18.467	-12.626
17.933	-13.205
15.933	-14.827
12.6	-18.881
10.133	-22.935
6.8001	-27.337
5.1999	-29.885
1.3333	-36.372
0.066667	-39.036
-0.93332	-41.237
-2.5999	-44.364
-4	-46.913
-5.5334	-49.809
-7.1333	-53.051
-8.5334	-55.947
-10.2	-59.305
-12.2	-62.899
-14.133	-66.836
-15.6	-69.5
-17.467	-72.164
-19.133	-75.06
-20.733	-77.262
-22.267	-79.579
-24.467	-82.244
-26.467	-85.486
-28.801	-88.382
-31.267	-91.74
-33.934	-94.52
-35.999	-96.722
-38.334	-98.808
-41.6	-102.17
-44.399	-104.6
-46.866	-106.45
-48.534	-107.84
-49.533	-108.77
-50.668	-108.88
-50.401	-101.82
-50.267	-95.33
-49.934	-91.624
-49.466	-87.452
-48.933	-83.978
-48.067	-77.609
-46.866	-69.616
-46.266	-66.257
-45.601	-62.784
-44.534	-58.149
-43.266	-51.779
-42.2	-47.838
-41.267	-43.669
-39.934	-38.109
-38.4	-32.317
-36.934	-26.642
-35.867	-23.283
-34.468	-18.881
-33.332	-14.479
-32.334	-10.541
-31.399	-8.1083
-30.401	-6.1391
-29.467	-4.2858
-28.199	-1.7375
-26.733	0.81083
-25.667	2.6642
-24.133	4.4017
-21.667	6.2552
-19.533	7.8765
-17.667	9.3826
-14.8	12.626
-12.933	15.637
-11.667	18.417
-9.2667	21.893
-8	23.977
-7	25.367
-5.7333	27.453
-1.6667	33.36
0	36.603
2.0667	40.194
4.1999	43.553
6.6667	47.029
8.1999	49.924
10.267	53.976
12.2	57.455
13.8	60.35
15.8	63.709
18.467	67.645
20.2	70.425
21.933	72.974
23.867	76.101
26.8	80.157
29.334	84.556
31.534	88.497
33.599	92.087
35.799	96.259
37.932	99.27
40.201	102.4
42.266	105.06
43.934	107.38
45.268	109
47.132	111.2
48.999	113.4
50.135	114.21
50.599	111.43
50.533	108.19
50	102.98
49.667	98.808
49.4	93.479
48.801	87.804
47.8	80.389
45.535	70.772
44.534	66.257
43.401	60.697
42.134	54.675
40.932	49.115
39.266	41.932
36.065	29.769
35.067	25.136
33.8	19.692
32.4	14.711
30.866	9.6144
29.667	5.7917
28.334	1.7375
27	-2.085
25.867	-4.5174
24.533	-6.95
22.333	-9.73
20.2	-11.583
17.933	-13.089
13.933	-17.838
12.4	-20.039
9.9334	-23.398
7.8666	-26.294
5.9334	-29.074
3.7333	-32.665
1.4	-36.256
-1.0667	-40.194
-3.4666	-44.133
-5.6667	-48.416
-6.7333	-50.04
-9.6667	-55.947
-13.467	-62.085
-15.333	-65.328
-17.467	-69.153
-19.733	-72.974
-21.8	-76.216
-24.2	-79.695
-26.332	-82.822
-28.6	-85.717
-30.401	-88.15
-33	-91.162
-35.199	-93.826
-37.201	-95.912
-39.4	-98.456
-41.6	-100.31
-43.266	-101.7
-44.933	-103.09
-47.201	-104.95
-48.732	-106.45
-50.066	-107.61
-50.267	-101.82
-49.868	-95.792
-49.466	-90.815
-49.068	-85.717
-48.334	-79.348
-47.267	-73.436
-46.2	-66.836
-45.133	-60.813
-43.866	-55.137
-42.733	-49.809
-41.399	-45.058
-40.066	-40.773
-38.466	-34.171
-36.2	-26.642
-34.666	-21.197
-33.332	-15.869
-32.068	-11.699
-30.734	-7.8765
-29.667	-4.6335
-28.4	-1.1583
-26.533	2.4325
-24.467	5.0965
-21.067	7.7609
-18.467	9.3826
-14.867	12.163
-13.4	13.205
-11.667	15.406
-9.4666	18.997
-7.9334	21.313
-5.5334	24.557
-2.6667	28.147
-0.066667	32.202
2.3333	36.14
4.4	39.383
6.8666	43.322
9.0668	46.797
11.6	50.734
14.267	55.137
16.867	59.652
19.933	64.403
23	69.037
25.4	73.436
27.468	77.03
30.201	81.545
32.733	84.908
35.268	88.729
37.6	92.781
39.601	96.028
44.933	104.02
46.467	106.33
47.734	107.96
48.999	109.58
50.267	111.2
50.333	105.64
49.466	97.994
49.134	92.896
48.4	86.527
47.201	79.464
45.4	71.586
44	65.448
42.601	58.611
41.399	51.895
40.066	45.752
38.6	39.152
36.934	32.665
35.466	26.642
33.599	19.807
32.134	14.132
30.665	8.6874
28.6	3.0117
26.8	-1.5058
25	-5.0965
22.667	-8.9191
20.733	-10.657
18.867	-12.163
16.933	-14.479
15.533	-16.333
12.333	-20.503
10.933	-22.24
9.1333	-24.325
7.1333	-27.221
5.2667	-30.001
2.9334	-33.592
-0.66667	-39.267
-2.3333	-42.163
-4.2667	-45.058
-6.4	-48.301
-13.733	-59.305
-15.467	-61.854
-17.133	-64.865
-18.467	-67.298
-20.067	-69.847
-23.733	-75.291
-25.799	-78.765
-28.4	-82.475
-30.734	-85.602
-33	-88.844
-35.733	-92.087
-38.4	-94.867
-40.8	-97.184
-43.066	-99.386
-45.466	-101.35
-47.468	-103.09
-48.732	-104.02
-49.799	-104.48
-50.135	-102.28
-50	-99.386
-49.667	-93.826
-48.666	-86.411
-48.133	-80.736
-47.666	-76.684
-47.066	-72.511
-46.2	-66.72
-44.867	-59.536
-43.533	-53.514
-41.999	-46.45
-40.734	-39.963
-38.732	-33.939
-37.267	-28.379
-35.799	-22.819
-34.267	-18.07
-32.733	-12.857
-31.534	-8.34
-30.201	-4.17
-29.334	-1.8533
-28.001	0.81083
-26.134	3.2433
-23.2	5.4444
-21	6.8344
-18.6	8.34
-16	10.541
-13.4	13.437
-11.267	14.943
-7.5334	19.46
-5.3332	21.777
-3.2667	24.441
-1	28.032
2.3333	32.781
5	36.256
6.9334	39.847
9.4666	43.322
11.8	46.45
15.667	52.357
19.533	57.917
22.733	63.593
25.2	68.344
27.468	71.817
29.868	75.638
32.2	79.464
35.268	85.024
37.399	88.613
39.266	91.509
40.734	93.942
44.6	100.66
46.266	103.32
48.001	105.52
49.2	106.8
50.066	107.49
50.333	106.8
49.068	93.826
48.466	88.035
47.666	80.504
46.2	72.28
44.666	64.981
43	57.339
40.932	47.838
39.134	40.194
37.132	31.391
33.866	18.302
32.2	12.973
30.599	7.4135
28.666	1.6217
26.8	-3.1275
24.933	-6.95
22.933	-9.3826
21.667	-10.657
17.333	-14.247
14.933	-17.027
11.333	-21.197
8.5334	-24.673
6.1333	-28.611
3.5999	-33.013
0.26667	-38.457
-1.8667	-42.163
-4.8001	-46.219
-6.9334	-49.23
-9.8001	-54.328
-11.933	-58.264
-15.733	-64.056
-18.6	-67.414
-20.667	-69.847
-23.4	-72.858
-26.599	-77.377
-29.266	-80.736
-33.332	-86.18
-35.601	-89.654
-36.866	-91.74
-38.268	-93.132
-43.332	-98.808
-44.267	-99.502
-46.266	-101.24
-47.866	-102.28
-49.601	-102.86
-50.135	-103.32
-50.267	-102.4
-50.267	-99.617
-49.868	-93.595
-49.2	-86.296
-48.466	-80.736
-47.468	-73.672
-46.467	-68.108
-45.334	-62.548
-43.599	-54.092
-42.067	-47.954
-40.533	-42.395
-38.666	-35.097
-35.535	-23.63
-34.267	-19.344
-33.2	-15.637
-31.933	-11.699
-30.734	-8.34
-29.868	-5.9074
-28.666	-2.5483
-27.8	0
