"Zahn et al. 86, Specimen 8"	
499	
0	0
0.10929	11.189
0	21.022
0	34.245
0.21858	47.131
0.76502	55.947
1.3115	66.458
1.7486	73.236
2.4044	92.225
2.8415	100.02
3.0602	107.82
3.4973	116.3
3.7158	124.09
4.4808	139.69
4.8087	147.83
5.4646	157.66
6.0109	165.8
6.448	174.28
6.9947	186.82
6.8852	172.24
6.6667	165.8
6.448	158.68
6.3388	151.56
6.3388	143.76
6.0109	136.98
5.683	128.85
5.4646	121.72
5.1366	109.52
4.9179	104.09
4.5903	87.141
4.1529	79.339
4.0437	70.866
3.7158	61.031
3.3879	51.196
2.8415	40.687
2.2951	29.837
1.9672	19.327
1.8579	9.1544
1.53	-2.0344
1.2022	-9.4938
1.0929	-15.597
0.54646	-25.09
0.32786	-34.245
0.10929	-46.789
-0.87432	-70.523
-1.0929	-77.306
-2.1858	-104.09
-3.3879	-125.79
-4.4808	-148.17
-4.9179	-154.27
-5.2459	-162.41
-6.1201	-178.01
-6.776	-183.09
-6.8852	-171.56
-6.8852	-163.77
-6.8852	-154.95
-6.776	-146.47
-6.776	-136.98
-6.6667	-127.49
-6.5573	-119.01
-6.2296	-108.84
-6.0109	-100.02
-5.683	-91.206
-5.683	-85.442
-5.4646	-79.001
-5.0274	-70.866
-4.6995	-62.726
-3.8252	-49.502
-3.1694	-29.498
-2.2951	-9.8327
-1.7486	2.3734
-1.4208	12.545
-0.76502	23.056
-0.32786	31.533
-0.10929	39.67
1.4208	68.152
1.8579	78.663
2.4044	90.53
2.8415	103.41
3.1694	116.3
3.6065	128.5
4.1529	140.71
4.8087	152.58
5.4646	164.44
6.1201	176.31
6.2296	179.7
6.6667	187.84
7.3223	199.71
8.3061	212.93
9.399	225.82
10.601	235.31
11.257	243.44
12.678	251.92
13.661	258.36
15.519	263.79
16.612	265.15
17.924	264.81
18.47	256.67
18.251	243.79
17.814	225.47
17.486	209.88
16.831	195.98
16.393	182.07
15.738	168.85
15.191	159.7
14.754	150.54
13.333	127.49
12.787	117.65
12.022	106.12
11.257	93.92
10.492	83.747
9.6175	72.56
8.7432	61.369
7.6502	48.826
6.2296	29.837
5.2459	21.7
4.3716	10.511
3.7158	-0.33906
2.1858	-18.309
1.53	-28.82
0.76502	-42.722
0.32786	-52.553
0	-62.726
-1.8579	-84.427
-2.7323	-93.581
-3.6065	-104.77
-4.6995	-124.78
-5.0274	-133.59
-5.1366	-142.06
-5.5738	-150.54
-6.0109	-161.05
-6.2296	-167.49
-6.776	-177.67
-7.1039	-186.48
-7.541	-195.3
-9.0711	-213.61
-10.82	-231.58
-11.585	-238.02
-12.678	-244.12
-13.989	-249.21
-16.066	-251.58
-18.689	-252.94
-21.421	-253.96
-24.918	-253.96
-25.027	-242.09
-24.809	-230.9
-24.481	-215.31
-24.044	-202.42
-23.716	-190.55
-22.951	-178.01
-22.732	-171.56
-22.295	-160.38
-21.421	-147.15
-20.874	-136.98
-20	-124.09
-19.454	-112.57
-18.579	-102.4
-17.596	-89.85
-16.612	-78.663
-15.628	-64.42
-14.754	-53.572
-13.771	-40.348
-12.022	-18.648
-10.929	-7.4593
-9.5082	7.1204
-8.0874	20.683
-6.5573	35.601
-5.4646	46.112
-3.8252	61.707
-2.6231	73.574
-1.2022	88.493
0	102.4
1.2022	116.64
4.3716	148.85
5.1366	163.43
7.3223	181.74
8.7432	194.62
10.164	205.81
11.913	220.05
13.88	232.59
15.738	242.77
16.94	249.21
18.033	253.28
18.361	238.36
18.142	229.21
17.924	220.39
17.596	211.57
17.268	204.11
16.721	192.25
16.503	181.74
15.847	173.94
14.208	156.31
12.896	138.68
11.585	121.38
9.399	97.989
9.5082	98.327
8.5245	84.766
7.541	73.574
6.448	62.726
5.4646	52.215
4.2624	41.026
3.1694	30.177
2.1858	20.004
0.21858	-0.67814
-0.76502	-12.206
-1.8579	-25.769
-2.9507	-35.94
-3.9345	-46.789
-4.8087	-58.318
-5.7925	-69.847
-7.7594	-88.155
-8.634	-100.7
-10.71	-118.33
-11.585	-128.16
-13.115	-140.37
-14.645	-152.92
-15.628	-162.75
-16.94	-173.6
-18.47	-185.81
-19.672	-194.96
-20.874	-203.1
-21.967	-211.24
-23.497	-220.05
-24.59	-227.51
-25.246	-229.88
-25.791	-221.07
-25.027	-206.49
-24.372	-198.01
-23.825	-186.82
-23.279	-173.94
-22.841	-162.07
-21.967	-148.85
-21.093	-134.61
-18.47	-97.651
-17.486	-84.766
-16.721	-73.236
-15.628	-60.012
-14.098	-44.417
-12.896	-29.498
-11.257	-14.241
-9.7267	3.0516
-8.1968	18.648
-6.5573	34.923
-5.4646	48.826
-2.7323	73.574
-1.6393	88.155
-0.32786	101.72
0.54646	111.89
1.7486	123.76
3.1694	138.34
5.4646	164.44
6.776	178.35
8.3061	192.25
9.9454	206.15
11.913	221.75
13.989	234.97
16.393	248.19
18.579	255.31
20.984	260.06
23.825	265.15
26.012	266.5
30.82	268.88
35.847	268.88
37.048	268.53
37.267	268.2
37.485	263.45
37.267	256.33
37.158	247.85
36.502	231.58
35.956	221.75
34.099	197.33
33.879	188.86
33.005	180.04
31.803	164.44
30.383	150.2
29.18	139.36
26.886	119.01
23.06	90.53
21.53	79.339
19.563	66.796
17.596	54.59
15.738	41.366
13.989	29.837
12.678	20.004
11.366	10.85
8.8524	-6.7814
6.776	-20.683
5.1366	-33.906
3.4973	-46.112
2.1858	-55.604
0.65573	-66.115
-1.9672	-86.798
-3.8252	-100.7
-8.3061	-129.52
-11.585	-148.51
-14.535	-168.51
-16.503	-177.33
-18.579	-187.5
-20.656	-198.01
-22.841	-208.52
-24.809	-218.01
-26.667	-227.17
-29.18	-238.7
-31.366	-246.84
-33.551	-253.28
-38.252	-257.35
-46.34	-259.04
-50.493	-258.7
-54.646	-256.67
-58.362	-254.63
-60.437	-253.62
-60.218	-240.05
-59.891	-229.54
-59.563	-217
-58.798	-205.81
-57.813	-191.23
-56.721	-176.65
-55.519	-164.44
-54.209	-150.2
-52.677	-133.93
-51.148	-122.4
-49.726	-108.16
-48.197	-95.614
-45.903	-79.001
-43.607	-64.42
-41.311	-48.145
-39.563	-37.296
-35.41	-10.172
-33.879	0.33906
-31.257	14.58
-28.306	30.177
-25.682	44.078
-22.514	61.031
-20.219	72.898
-17.268	87.817
-14.098	103.41
-11.475	116.98
-6.9947	137.32
-1.3115	160.03
1.7486	172.92
4.8087	186.48
9.7267	204.11
16.066	223.44
22.514	240.73
29.289	253.96
34.099	260.4
33.769	248.53
33.442	235.98
32.24	209.2
30.82	187.84
28.524	165.8
26.777	149.19
24.918	133.93
20.874	100.36
17.158	74.593
11.585	36.619
7.9781	15.936
5.1366	0.67814
1.6393	-17.292
-1.53	-34.245
-5.3551	-53.234
-9.0711	-68.828
-12.131	-84.427
-17.814	-111.89
-24.262	-140.03
-30.602	-165.12
-35.301	-181.4
-37.595	-189.53
-39.781	-196.32
-42.078	-202.76
-44.044	-208.52
-47.104	-217
-49.726	-222.42
-53.332	-229.21
-56.721	-234.29
-59.891	-238.02
-64.699	-240.39
-64.153	-221.41
-63.934	-206.83
-63.497	-191.57
-62.078	-171.56
-60.764	-153.93
-59.454	-138.68
-57.925	-125.45
-55.41	-108.5
-53.114	-90.868
-51.039	-75.612
-48.961	-61.707
-46.121	-43.739
-38.58	-1.6953
-31.694	32.55
-25.464	60.012
-17.377	95.952
-7.1039	138
-4.0437	149.19
-0.21858	165.46
3.2786	180.04
8.4153	198.35
13.661	216.32
19.126	231.92
25.027	244.8
31.257	256.67
37.485	263.45
42.296	266.5
47.432	268.88
50.056	268.2
50.274	260.74
50.383	245.14
50.056	229.88
49.507	213.95
48.306	196.65
46.886	178.35
45.027	162.75
42.515	139.69
40.109	121.72
37.267	105.45
35.41	94.6
32.677	79.677
30.056	65.439
26.995	50.52
22.076	27.803
17.049	5.0858
12.787	-11.189
9.1803	-24.412
5.1366	-38.653
-2.9507	-65.777
-7.541	-79.677
-11.038	-90.868
-14.645	-102.74
-22.295	-129.86
-26.667	-145.8
-31.476	-160.72
-37.376	-176.31
-41.311	-185.81
-45.027	-193.94
-48.524	-201.06
-52.459	-208.18
-55.301	-213.61
-58.143	-217.68
-62.733	-224.46
-67.104	-228.87
-71.148	-230.9
-75.192	-232.59
-78.471	-231.92
-81.859	-230.9
-89.398	-226.49
-93.99	-223.1
-99.235	-218.36
-103.72	-212.59
-108.85	-204.45
-109.07	-183.77
-108.85	-164.1
-108.2	-149.52
-107.21	-133.93
-104.92	-112.57
-102.3	-94.258
-100.44	-78.325
-98.143	-64.758
-95.628	-49.84
-92.895	-35.94
-89.837	-20.344
-85.136	0
-81.638	14.241
-77.048	31.872
-72.349	48.488
-68.087	60.693
-60.328	82.052
-55.629	94.258
-49.289	108.5
-43.061	120.71
-36.83	131.55
-27.541	147.83
-21.639	159.36
-11.803	178.69
-0.43716	202.42
8.1968	220.73
12.241	228.52
18.689	239.04
24.153	244.8
31.039	251.58
39.345	253.96
43.825	253.62
48.415	248.53
48.415	239.72
47.978	227.85
47.76	219.03
47.432	209.2
44.917	175.63
43.17	159.02
40.983	140.37
38.689	124.09
36.393	109.86
33.99	96.971
31.476	82.39
29.398	71.542
27.869	64.42
30.602	50.858
28.743	39.331
26.558	29.837
